0.7457625799,-0.189244941,-0.3555478273,-1.4715078733,1.9197330542,3.7524,1.860412761,0.0286839111,0.0362984697
0.7457625799,-0.189244941,-0.3555478273,-1.4715078733,1.9197330542,3.7524,1.860412761,0.0286839111,0.0362984697
0.7457625799,-0.189244941,-0.3555478273,-1.4715078733,1.9197330542,3.7524,1.860412761,0.0286839111,0.0362984697
0.7457625799,-0.189244941,-0.3555478273,-1.4715078733,1.9197330542,3.7524,1.860412761,0.0286839111,0.0362984697
0.7457625799,-0.189244941,-0.3555478273,-1.4715078733,1.9197330542,3.7524,1.860412761,0.0286839111,0.0362984697
0.7457625799,-0.189244941,-0.3555478273,-1.4715078733,1.9197330542,3.7524,1.860412761,0.0286839111,0.0362984697
0.7457625799,-0.189244941,-0.3555478273,-1.4715078733,1.9197330542,3.7524,1.860412761,0.0286839111,0.0362984697
0.7457625799,-0.189244941,-0.3555478273,-1.4715078733,1.9197330542,3.7524,1.860412761,0.0286839111,0.0362984697
0.7457625799,-0.189244941,-0.3555478273,-1.4715078733,1.9197330542,3.7524,1.860412761,0.0286839111,0.0362984697
0.7457625799,-0.189244941,-0.3555478273,-1.4715078733,1.9197330542,3.7524,1.860412761,0.0286839111,0.0362984697
0.7457625799,-0.189244941,-0.3555478273,-1.4715078733,1.9197330542,3.7524,1.860412761,0.0286839111,0.0362984697
0.7457625799,-0.189244941,-0.3555478273,-1.4715078733,1.9197330542,3.7524,1.860412761,0.0286839111,0.0362984697
0.7457625799,-0.189244941,-0.3555478273,-1.4715078733,1.9197330542,3.7524,1.860412761,0.0286839111,0.0362984697
0.7457625799,-0.189244941,-0.3555478273,-1.4715078733,1.9197330542,3.7524,1.860412761,0.0286839111,0.0362984697
0.7457625799,-0.189244941,-0.3555478273,-1.4715078733,1.9197330542,3.7524,1.860412761,0.0286839111,0.0362984697
0.7457625799,-0.189244941,-0.3555478273,-1.4715078733,1.9197330542,3.7524,1.860412761,0.0286839111,0.0362984697
0.7457625799,-0.189244941,-0.3555478273,-1.4715078733,1.9197330542,3.7524,1.860412761,0.0286839111,0.0362984697
0.7457625799,-0.189244941,-0.3555478273,-1.4715078733,1.9197330542,3.7524,1.860412761,0.0286839111,0.0362984697
0.7457625799,-0.189244941,-0.3555478273,-1.4715078733,1.9197330542,3.7524,1.860412761,0.0286839111,0.0362984697
0.7457625799,-0.189244941,-0.3555478273,-1.4715078733,1.9197330542,3.7524,1.860412761,0.0286839111,0.0362984697
0.7457625799,-0.189244941,-0.3555478273,-1.4715078733,1.9197330542,3.7524,1.860412761,0.0286839111,0.0362984697
0.7457625799,-0.189244941,-0.3555478273,-1.4715078733,1.9197330542,3.7524,1.860412761,0.0286839111,0.0362984697
0.7457625799,-0.189244941,-0.3555478273,-1.4715078733,1.9197330542,3.7524,1.860412761,0.0286839111,0.0362984697
0.7457625799,-0.189244941,-0.3555478273,-1.4715078733,1.9197330542,3.7524,1.860412761,0.0286839111,0.0362984697
0.7457625799,-0.189244941,-0.3555478273,-1.4715078733,1.9197330542,3.7524,1.860412761,0.0286839111,0.0362984697
0.7457625799,-0.189244941,-0.3555478273,-1.4715078733,1.9197330542,3.7524,1.860412761,0.0286839111,0.0362984697
0.7457625799,-0.189244941,-0.3555478273,-1.4715078733,1.9197330542,3.7524,1.860412761,0.0286839111,0.0362984697
0.7457625799,-0.189244941,-0.3555478273,-1.4715078733,1.9197330542,3.7524,1.860412761,0.0286839111,0.0362984697
0.7457625799,-0.189244941,-0.3555478273,-1.4715078733,1.9197330542,3.7524,1.860412761,0.0286839111,0.0362984697
0.7457625799,-0.189244941,-0.3555478273,-1.4715078733,1.9197330542,3.7524,1.860412761,0.0286839111,0.0362984697
0.7457625757,-0.1892449383,-0.3555478253,-1.4715078659,1.9197330639,3.7524,1.8604127515,0.0286839111,0.0362984697
0.7457625108,-0.1892448962,-0.3555477944,-1.4715077505,1.9197332153,3.7524,1.8604126022,0.0286839111,0.0362984697
0.7457623008,-0.1892447601,-0.3555476944,-1.4715073769,1.9197337054,3.7524,1.8604121194,0.0286839111,0.0362984697
0.7457618513,-0.1892444689,-0.3555474804,-1.4715065775,1.919734754,3.7524,1.8604110862,0.0286839111,0.0362984697
0.7457610889,-0.189243975,-0.3555471173,-1.4715052219,1.9197365323,3.7524,1.8604093341,0.0286839111,0.0362984697
0.7457599242,-0.1892432206,-0.3555465626,-1.4715031512,1.9197392488,3.7524,1.8604066576,0.0286839111,0.0362984697
0.7457582808,-0.1892421562,-0.3555457799,-1.4715002297,1.9197430814,3.7524,1.8604028815,0.0286839111,0.0362984697
0.7457560686,-0.1892407235,-0.3555447262,-1.4714962977,1.9197482399,3.7524,1.8603977992,0.0286839111,0.0362984697
0.7457531745,-0.1892388495,-0.3555433477,-1.4714911543,1.9197549875,3.7524,1.8603911512,0.0286839111,0.0362984697
0.7457494967,-0.1892364682,-0.3555415957,-1.4714846188,1.9197635617,3.7524,1.8603827038,0.0286839111,0.0362984697
0.7457449346,-0.1892335148,-0.3555394224,-1.4714765131,1.919774196,3.7524,1.8603722268,0.0286839111,0.0362984697
0.745739387,-0.1892299236,-0.3555367795,-1.4714666575,1.9197871263,3.7524,1.860359488,0.0286839111,0.0362984697
0.7457327533,-0.1892256298,-0.3555336189,-1.4714548738,1.9198025865,3.7524,1.8603442569,0.0286839111,0.0362984697
0.7457249328,-0.1892205685,-0.3555298927,-1.4714409838,1.9198208105,3.7524,1.8603263032,0.0286839111,0.0362984697
0.7457158248,-0.1892146745,-0.3555255527,-1.4714248091,1.9198420322,3.7524,1.8603053965,0.0286839111,0.0362984697
0.7457053285,-0.1892078829,-0.355520551,-1.4714061715,1.9198664859,3.7524,1.8602813061,0.0286839111,0.0362984697
0.7456933431,-0.1892001286,-0.3555148393,-1.4713848925,1.9198944057,3.7524,1.8602538015,0.0286839111,0.0362984697
0.7456797675,-0.1891913466,-0.3555083694,-1.4713607935,1.919926026,3.7524,1.8602226518,0.0286839111,0.0362984697
0.7456645006,-0.1891814716,-0.3555010931,-1.4713336959,1.9199615814,3.7524,1.8601876261,0.0286839111,0.0362984697
0.7456474412,-0.1891704385,-0.3554929618,-1.4713034209,1.9200013066,3.7524,1.8601484931,0.0286839111,0.0362984697
0.745628488,-0.189158182,-0.3554839273,-1.4712697897,1.9200454364,3.7524,1.8601050219,0.0286839111,0.0362984697
0.7456075394,-0.1891446369,-0.355473941,-1.4712326234,1.9200942058,3.7524,1.860056981,0.0286839111,0.0362984697
0.745584494,-0.1891297379,-0.3554629543,-1.4711917429,1.9201478499,3.7524,1.860004139,0.0286839111,0.0362984697
0.74555925,-0.1891134197,-0.3554509187,-1.4711469692,1.9202066038,3.7524,1.8599462644,0.0286839111,0.0362984697
0.7455317057,-0.1890956169,-0.3554377854,-1.4710981232,1.9202707027,3.7524,1.8598831258,0.0286839111,0.0362984697
0.7455017593,-0.1890762641,-0.3554235057,-1.4710450258,1.920340382,3.7524,1.8598144914,0.0286839111,0.0362984697
0.7454693088,-0.189055296,-0.3554080308,-1.4709874978,1.920415877,3.7524,1.8597401299,0.0286839111,0.0362984697
0.7454342522,-0.1890326473,-0.3553913118,-1.4709253603,1.9204974229,3.7524,1.8596598095,0.0286839111,0.0362984697
0.7453964874,-0.1890082525,-0.3553732997,-1.4708584339,1.9205852553,3.7524,1.8595732986,0.0286839111,0.0362984697
0.7453559122,-0.1889820462,-0.3553539457,-1.4707865397,1.9206796094,3.7524,1.8594803657,0.0286839111,0.0362984697
0.7453124242,-0.1889539631,-0.3553332005,-1.4707094985,1.9207807206,3.7524,1.8593807793,0.0286839111,0.0362984697
0.7452659211,-0.1889239378,-0.3553110151,-1.4706271315,1.9208888241,3.7524,1.859274308,0.0286839111,0.0362984697
0.7452163004,-0.1888919049,-0.3552873402,-1.4705392596,1.9210041553,3.7524,1.8591607203,0.0286839111,0.0362984697
0.7451634596,-0.1888577991,-0.3552621266,-1.470445704,1.9211269494,3.7524,1.8590397849,0.0286839111,0.0362984697
0.7451072961,-0.1888215551,-0.355235325,-1.4703462859,1.9212574414,3.7524,1.8589112706,0.0286839111,0.0362984697
0.745047707,-0.1887831076,-0.3552068858,-1.4702408266,1.9213958664,3.7524,1.8587749465,0.0286839111,0.0362984697
0.7449845895,-0.1887423913,-0.3551767597,-1.4701291476,1.9215424594,3.7524,1.8586305814,0.0286839111,0.0362984697
0.7449178408,-0.1886993409,-0.3551448969,-1.4700110704,1.9216974552,3.7524,1.8584779447,0.0286839111,0.0362984697
0.7448473576,-0.1886538912,-0.3551112478,-1.4698864166,1.9218610885,3.7524,1.8583168057,0.0286839111,0.0362984697
0.744773037,-0.1886059771,-0.3550757626,-1.4697550082,1.9220335939,3.7524,1.8581469339,0.0286839111,0.0362984697
0.7446947755,-0.1885555334,-0.3550383914,-1.469616667,1.9222152058,3.7524,1.8579680989,0.0286839111,0.0362984697
0.7446124697,-0.188502495,-0.3549990842,-1.4694712151,1.9224061587,3.7524,1.8577800707,0.0286839111,0.0362984697
0.744526016,-0.1884467968,-0.3549577907,-1.4693184749,1.9226066866,3.7524,1.8575826194,0.0286839111,0.0362984697
0.7444353107,-0.1883883737,-0.3549144608,-1.4691582688,1.9228170236,3.7524,1.8573755152,0.0286839111,0.0362984697
0.7443402497,-0.1883271608,-0.3548690439,-1.4689904194,1.9230374036,3.7524,1.8571585287,0.0286839111,0.0362984697
0.7442407291,-0.1882630931,-0.3548214895,-1.4688147494,1.9232680604,3.7524,1.8569314304,0.0286839111,0.0362984697
0.7441366443,-0.1881961057,-0.3547717467,-1.4686310819,1.9235092274,3.7524,1.8566939914,0.0286839111,0.0362984697
0.7440278907,-0.1881261337,-0.3547197646,-1.4684392401,1.9237611382,3.7524,1.8564459828,0.0286839111,0.0362984697
0.7439143636,-0.1880531122,-0.354665492,-1.4682390472,1.924024026,3.7524,1.856187176,0.0286839111,0.0362984697
0.7437959577,-0.1879769765,-0.3546088775,-1.4680303269,1.9242981241,3.7524,1.8559173425,0.0286839111,0.0362984697
0.7436725716,-0.1878976644,-0.3545498712,-1.4678129102,1.9245836556,3.7524,1.8556362638,0.0286839111,0.0362984697
0.743544156,-0.187815148,-0.3544884483,-1.4675867219,1.9248807213,3.7524,1.8553438421,0.0286839111,0.0362984697
0.7434106892,-0.1877294171,-0.3544245965,-1.4673517362,1.9251893573,3.7524,1.8550400435,0.0286839111,0.0362984697
0.7432721588,-0.1876404682,-0.3543583083,-1.4671079452,1.925509576,3.7524,1.8547248576,0.0286839111,0.0362984697
0.7431285311,-0.1875482842,-0.3542895657,-1.4668553039,1.9258414386,3.7524,1.8543982257,0.0286839111,0.0362984697
0.742979788,-0.1874528585,-0.3542183579,-1.4665937964,1.9261849689,3.7524,1.8540601266,0.0286839111,0.0362984697
0.7428258978,-0.1873541761,-0.3541446676,-1.4663233836,1.9265402207,3.7524,1.8537105094,0.0286839111,0.0362984697
0.742666842,-0.1872522307,-0.3540684837,-1.4660440512,1.9269072157,3.7524,1.8533493549,0.0286839111,0.0362984697
0.7425026246,-0.1871470313,-0.3539898054,-1.4657558264,1.9272859214,3.7524,1.8529766976,0.0286839111,0.0362984697
0.7423332381,-0.1870385798,-0.3539086264,-1.4654587173,1.9276763306,3.7524,1.8525925471,0.0286839111,0.0362984697
0.742158673,-0.1869268775,-0.3538249391,-1.46515273,1.9280784388,3.7524,1.852196911,0.0286839111,0.0362984697
0.7419789204,-0.1868119263,-0.3537387359,-1.464837874,1.9284922376,3.7524,1.8517898003,0.0286839111,0.0362984697
0.7417939703,-0.1866937287,-0.3536500086,-1.4645141589,1.9289177187,3.7524,1.8513712268,0.0286839111,0.0362984697
0.7416038128,-0.1865722876,-0.3535587486,-1.4641815968,1.9293548708,3.7524,1.8509412051,0.0286839111,0.0362984697
0.7414084381,-0.1864476069,-0.3534649469,-1.4638402031,1.9298036789,3.7524,1.8504997539,0.0286839111,0.0362984697
0.7412078358,-0.1863196915,-0.3533685937,-1.4634899952,1.9302641256,3.7524,1.8500468947,0.0286839111,0.0362984697
0.7410019938,-0.1861885461,-0.353269678,-1.4631309918,1.9307361929,3.7524,1.8495826502,0.0286839111,0.0362984697
0.7407908982,-0.1860541759,-0.3531681872,-1.4627632128,1.9312198615,3.7524,1.8491070448,0.0286839111,0.0362984697
0.7405745332,-0.1859165864,-0.3530641073,-1.4623866797,1.9317151108,3.7524,1.8486201046,0.0286839111,0.0362984697
0.7403528805,-0.1857757836,-0.3529574221,-1.4620014157,1.9322219191,3.7524,1.8481218578,0.0286839111,0.0362984697
0.7401259192,-0.1856317735,-0.3528481133,-1.4616074458,1.9327402632,3.7524,1.8476123348,0.0286839111,0.0362984697
0.7398936251,-0.185484563,-0.3527361599,-1.4612047972,1.9332701183,3.7524,1.8470915681,0.0286839111,0.0362984697
0.7396559699,-0.1853341589,-0.3526215378,-1.4607934992,1.9338114582,3.7524,1.8465595932,0.0286839111,0.0362984697
0.7394129211,-0.1851805688,-0.3525042193,-1.4603735835,1.934364255,3.7524,1.8460164482,0.0286839111,0.0362984697
0.7391644403,-0.1850238007,-0.3523841723,-1.4599450848,1.9349284791,3.7524,1.8454621743,0.0286839111,0.0362984697
0.7389104827,-0.1848638628,-0.3522613593,-1.4595080404,1.9355040996,3.7524,1.8448968159,0.0286839111,0.0362984697
0.7386509951,-0.1847007638,-0.3521357366,-1.4590624906,1.9360910839,3.7524,1.8443204209,0.0286839111,0.0362984697
0.7383859147,-0.1845345128,-0.3520072528,-1.4586084793,1.9366893984,3.7524,1.8437330404,0.0286839111,0.0362984697
0.7381151666,-0.184365119,-0.3518758474,-1.4581460535,1.9372990087,3.7524,1.8431347295,0.0286839111,0.0362984697
0.7378386612,-0.1841925915,-0.3517414484,-1.4576752634,1.9379198807,3.7524,1.842525546,0.0286839111,0.0362984697
0.737556291,-0.1840169392,-0.3516039707,-1.4571961622,1.9385519814,3.7524,1.8419055505,0.0286839111,0.0362984697
0.7372679317,-0.1838381724,-0.3514633151,-1.4567088119,1.9391952721,3.7524,1.8412748136,0.0286839111,0.0362984697
0.7369734544,-0.1836563114,-0.3513193745,-1.4562133052,1.9398496795,3.7524,1.8406334442,0.0286839111,0.0362984697
0.7366727334,-0.18347139,-0.351172038,-1.4557097759,1.9405150813,3.7524,1.8399816033,0.0286839111,0.0362984697
0.7363656462,-0.1832834538,-0.3510211916,-1.4551983927,1.9411913134,3.7524,1.8393194955,0.0286839111,0.0362984697
0.7360520696,-0.1830925538,-0.3508667176,-1.4546793399,1.9418781935,3.7524,1.8386473456,0.0286839111,0.0362984697
0.7357318745,-0.1828987372,-0.3507084952,-1.4541527904,1.9425755538,3.7524,1.837965363,0.0286839111,0.0362984697
0.7354049205,-0.1827020364,-0.3505464006,-1.4536188727,1.9432832804,3.7524,1.8372737005,0.0286839111,0.0362984697
0.7350710522,-0.1825024594,-0.3503803094,-1.4530776418,1.9440013485,3.7524,1.8365724179,0.0286839111,0.0362984697
0.7347301152,-0.1822999919,-0.3502101071,-1.4525290835,1.9447298138,3.7524,1.8358614871,0.0286839111,0.0362984697
0.7343820016,-0.182094619,-0.3500357152,-1.4519731701,1.9454687347,3.7524,1.8351408664,0.0286839111,0.0362984697
0.7340266557,-0.181886332,-0.3498570924,-1.451409882,1.9462181468,3.7524,1.8344105272,0.0286839111,0.0362984697
0.7336640591,-0.1816751275,-0.3496742238,-1.4508392078,1.9469780668,3.7524,1.8336704535,0.0286839111,0.0362984697
0.7332942164,-0.1814610052,-0.3494871112,-1.4502611414,1.947748499,3.7524,1.8329206375,0.0286839111,0.0362984697
0.7329171459,-0.1812439669,-0.3492957662,-1.4496756812,1.9485294397,3.7524,1.8321610776,0.0286839111,0.0362984697
0.7325328725,-0.1810240159,-0.3491002054,-1.4490828287,1.9493208798,3.7524,1.8313917771,0.0286839111,0.0362984697
0.732141423,-0.1808011559,-0.3489004466,-1.4484825877,1.9501228073,3.7524,1.8306127419,0.0286839111,0.0362984697
0.7317428228,-0.1805753911,-0.3486965068,-1.447874964,1.9509352087,3.7524,1.8298239804,0.0286839111,0.0362984697
0.731337094,-0.1803467256,-0.3484884008,-1.4472599643,1.9517580702,3.7524,1.8290255022,0.0286839111,0.0362984697
0.7309242541,-0.1801151635,-0.34827614,-1.4466375966,1.9525913783,3.7524,1.8282173179,0.0286839111,0.0362984697
0.7305043155,-0.1798807085,-0.3480597321,-1.4460078693,1.9534351199,3.7524,1.8273994388,0.0286839111,0.0362984697
0.7300772847,-0.1796433642,-0.3478391807,-1.4453707918,1.954289283,3.7524,1.8265718766,0.0286839111,0.0362984697
0.7296431622,-0.1794031337,-0.3476144849,-1.444726374,1.9551538563,3.7524,1.8257346437,0.0286839111,0.0362984697
0.7292019423,-0.1791600201,-0.3473856392,-1.4440746269,1.9560288292,3.7524,1.8248877529,0.0286839111,0.0362984697
0.7287536124,-0.1789140261,-0.3471526333,-1.4434155619,1.9569141923,3.7524,1.8240312179,0.0286839111,0.0362984697
0.7282981533,-0.1786651541,-0.3469154516,-1.4427491916,1.9578099369,3.7524,1.8231650529,0.0286839111,0.0362984697
0.7278355386,-0.1784134063,-0.3466740733,-1.4420755293,1.9587160549,3.7524,1.8222892728,0.0286839111,0.0362984697
0.7273657339,-0.178158785,-0.3464284716,-1.4413945896,1.9596325393,3.7524,1.8214038933,0.0286839111,0.0362984697
0.7268886966,-0.1779012917,-0.3461786135,-1.440706388,1.9605593842,3.7524,1.820508931,0.0286839111,0.0362984697
0.7264043749,-0.1776409281,-0.3459244588,-1.4400109407,1.9614965847,3.7524,1.819604403,0.0286839111,0.0362984697
0.7259127072,-0.1773776952,-0.34566596,-1.4393082653,1.9624441376,3.7524,1.8186903269,0.0286839111,0.0362984697
0.7254136204,-0.1771115938,-0.3454030608,-1.4385983795,1.9634020416,3.7524,1.8177667203,0.0286839111,0.0362984697
0.7249070292,-0.1768426239,-0.3451356955,-1.4378813017,1.9643702982,3.7524,1.8168336006,0.0286839111,0.0362984697
0.7243928339,-0.1765707846,-0.3448637875,-1.4371570498,1.965348913,3.7524,1.8158909836,0.0286839111,0.0362984697
0.7238709192,-0.176296074,-0.3445872483,-1.4364256409,1.9663378959,3.7524,1.8149388831,0.0286839111,0.0362984697
0.7233411588,-0.176018492,-0.3443059795,-1.435687099,1.9673372515,3.7524,1.8139773209,0.0286839111,0.0362984697
0.7228034281,-0.1757380468,-0.3440198793,-1.4349414718,1.9683469554,3.7524,1.8130063488,0.0286839111,0.0362984697
0.7222576109,-0.1754547582,-0.3437288466,-1.4341888397,1.9693669428,3.7524,1.8120260596,0.0286839111,0.0362984697
0.7217036002,-0.1751686579,-0.343432781,-1.4334293149,1.9703971077,3.7524,1.8110365876,0.0286839111,0.0362984697
0.7211412993,-0.1748797888,-0.3431315836,-1.4326630407,1.9714373053,3.7524,1.8100381056,0.0286839111,0.0362984697
0.720570621,-0.1745882042,-0.3428251575,-1.4318901873,1.9724873551,3.7524,1.8090308217,0.0286839111,0.0362984697
0.7199914878,-0.1742939661,-0.3425134076,-1.4311109482,1.9735470463,3.7524,1.8080149732,0.0286839111,0.0362984697
0.7194038319,-0.1739971439,-0.3421962423,-1.4303255344,1.9746161443,3.7524,1.8069908203,0.0286839111,0.0362984697
0.7188075946,-0.1736978118,-0.3418735732,-1.4295341686,1.9756943973,3.7524,1.8059586383,0.0286839111,0.0362984697
0.7182027261,-0.1733960472,-0.3415453169,-1.4287370782,1.9767815448,3.7524,1.8049187089,0.0286839111,0.0362984697
0.7175891852,-0.1730919277,-0.3412113953,-1.4279344891,1.9778773254,3.7524,1.8038713124,0.0286839111,0.0362984697
0.7169669397,-0.1727855295,-0.3408717376,-1.4271266189,1.9789814839,3.7524,1.8028167193,0.0286839111,0.0362984697
0.7163359667,-0.1724769253,-0.3405262809,-1.4263136717,1.9800937785,3.7524,1.8017551833,0.0286839111,0.0362984697
0.7156962537,-0.1721661826,-0.3401749725,-1.4254958328,1.9812139862,3.7524,1.8006869355,0.0286839111,0.0362984697
0.7150478002,-0.1718533626,-0.3398177719,-1.4246732653,1.9823419066,3.7524,1.7996121795,0.0286839111,0.0362984697
0.7143906199,-0.1715385193,-0.3394546528,-1.4238461076,1.9834773644,3.7524,1.7985310891,0.0286839111,0.0362984697
0.7137247398,-0.171221697,-0.3390856039,-1.4230144659,1.9846202191,3.7524,1.7974437978,0.0286839111,0.0362984697
0.7130501863,-0.1709029214,-0.3387106225,-1.4221783904,1.9857703955,3.7524,1.7963503693,0.0286839111,0.0362984697
0.7123669782,-0.1705821957,-0.338329711,-1.4213378656,1.9869278986,3.7524,1.7952507836,0.0286839111,0.0362984697
0.7116751257,-0.1702595022,-0.3379428761,-1.4204928157,1.9880928061,3.7524,1.7941449449,0.0286839111,0.0362984697
0.7109746341,-0.1699348087,-0.3375501285,-1.4196431243,1.9892652461,3.7524,1.7930327057,0.0286839111,0.0362984697
0.7102655091,-0.169608078,-0.337151483,-1.4187886622,1.9904453625,3.7524,1.791913903,0.0286839111,0.0362984697
0.7095477681,-0.1692792811,-0.3367469616,-1.4179293271,1.9916332668,3.7524,1.7907884081,0.0286839111,0.0362984697
0.7088214566,-0.1689484124,-0.3363365994,-1.4170650861,1.9928289835,3.7524,1.7896561817,0.0286839111,0.0362984697
0.7080866347,-0.168615488,-0.3359204344,-1.4161959745,1.994032456,3.7524,1.7885172711,0.0286839111,0.0362984697
0.7073433296,-0.1682805247,-0.335498481,-1.415322039,1.9952436241,3.7524,1.7873717364,0.0286839111,0.0362984697
0.7065915293,-0.1679435324,-0.335070728,-1.4144433173,1.9964624498,3.7524,1.7862196239,0.0286839111,0.0362984697
0.7058311963,-0.1676045153,-0.3346371482,-1.4135598374,1.9976889141,3.7524,1.7850609661,0.0286839111,0.0362984697
0.7050622802,-0.1672634741,-0.3341977069,-1.412671621,1.9989230097,3.7524,1.7838957866,0.0286839111,0.0362984697
0.7042847251,-0.166920407,-0.3337523675,-1.4117786846,2.0001647376,3.7524,1.7827241025,0.0286839111,0.0362984697
0.7034984788,-0.1665753118,-0.3333010969,-1.4108810445,2.0014140988,3.7524,1.7815459305,0.0286839111,0.0362984697
0.7027036563,-0.1662282489,-0.3328439641,-1.4099788768,2.0026708659,3.7524,1.7803614992,0.0286839111,0.0362984697
0.7019005414,-0.1658793428,-0.3323811402,-1.4090725213,2.0039345777,3.7524,1.7791712531,0.0286839111,0.0362984697
0.7010894191,-0.1655287191,-0.3319127966,-1.4081623197,2.00520477,3.7524,1.7779756398,0.0286839111,0.0362984697
0.7002705697,-0.1651765031,-0.3314391003,-1.4072486132,2.0064809801,3.7524,1.7767751057,0.0286839111,0.0362984697
0.6994442646,-0.1648228202,-0.3309602104,-1.4063317429,2.0077627468,3.7524,1.7755700961,0.0286839111,0.0362984697
0.6986107628,-0.164467796,-0.3304762749,-1.4054120499,2.0090496103,3.7524,1.7743610561,0.0286839111,0.0362984697
0.6977703065,-0.1641115565,-0.3299874266,-1.4044898763,2.0103411128,3.7524,1.7731484304,0.0286839111,0.0362984697
0.696923116,-0.163754228,-0.3294937789,-1.403565565,2.0116367984,3.7524,1.7719326637,0.0286839111,0.0362984697
0.6960693864,-0.1633959375,-0.3289954224,-1.4026394605,2.0129362134,3.7524,1.7707142008,0.0286839111,0.0362984697
0.6952092853,-0.163036813,-0.3284924225,-1.4017119095,2.0142389057,3.7524,1.7694934875,0.0286839111,0.0362984697
0.6943429522,-0.1626769833,-0.3279848192,-1.4007832608,2.0155444241,3.7524,1.7682709707,0.0286839111,0.0362984697
0.6934705005,-0.1623165786,-0.3274726279,-1.3998538653,2.016852319,3.7524,1.7670470978,0.0286839111,0.0362984697
0.6925920181,-0.1619557289,-0.3269558412,-1.3989240724,2.0181621456,3.7524,1.7658223134,0.0286839111,0.0362984697
0.6917075731,-0.1615945641,-0.3264344337,-1.3979942301,2.019473463,3.7524,1.7645970586,0.0286839111,0.0362984697
0.6908172219,-0.1612332149,-0.3259083677,-1.3970646855,2.0207858323,3.7524,1.7633717727,0.0286839111,0.0362984697
0.6899210175,-0.160871812,-0.3253776013,-1.3961357842,2.0220988151,3.7524,1.7621468932,0.0286839111,0.0362984697
0.6890190183,-0.1605104874,-0.3248420951,-1.3952078713,2.0234119711,3.7524,1.7609228572,0.0286839111,0.0362984697
0.688111297,-0.1601493736,-0.3243018198,-1.3942812907,2.0247248575,3.7524,1.7597001011,0.0286839111,0.0362984697
0.6871979443,-0.159788603,-0.3237567604,-1.3933563818,2.0260370315,3.7524,1.7584790573,0.0286839111,0.0362984697
0.6862790635,-0.159428303,-0.3232069145,-1.3924334675,2.0273480672,3.7524,1.7572601381,0.0286839111,0.0362984697
0.6853547572,-0.1590685879,-0.3226522864,-1.3915128335,2.0286575835,3.7524,1.7560437089,0.0286839111,0.0362984697
0.6844251189,-0.1587095548,-0.3220928827,-1.3905947165,2.0299652594,3.7524,1.7548300733,0.0286839111,0.0362984697
0.6834902318,-0.158351282,-0.3215287122,-1.3896793023,2.0312708382,3.7524,1.7536194701,0.0286839111,0.0362984697
0.6825501674,-0.1579938298,-0.3209597851,-1.3887667264,2.032574126,3.7524,1.7524120745,0.0286839111,0.0362984697
0.6816050263,-0.1576372526,-0.3203861392,-1.3878571068,2.0338749449,3.7524,1.7512080413,0.0286839111,0.0362984697
0.6806550036,-0.1572816199,-0.319807883,-1.3869505958,2.0351730559,3.7524,1.7500075747,0.0286839111,0.0362984697
0.6797003194,-0.1569269957,-0.3192251498,-1.3860473298,2.0364682349,3.7524,1.7488108608,0.0286839111,0.0362984697
0.6787412107,-0.1565734382,-0.3186380913,-1.3851474289,2.0377602749,3.7524,1.7476180663,0.0286839111,0.0362984697
0.6777779314,-0.1562210014,-0.3180468771,-1.3842510033,2.0390489792,3.7524,1.7464293463,0.0286839111,0.0362984697
0.6768107532,-0.1558697381,-0.3174516935,-1.3833581592,2.0403341527,3.7524,1.7452448524,0.0286839111,0.0362984697
0.6758399655,-0.1555197012,-0.316852743,-1.3824690056,2.041615595,3.7524,1.7440647407,0.0286839111,0.0362984697
0.6748658763,-0.1551709467,-0.3162502428,-1.3815836596,2.0428930935,3.7524,1.7428891787,0.0286839111,0.0362984697
0.6738888112,-0.1548235345,-0.3156444239,-1.3807022508,2.0441664176,3.7524,1.7417183509,0.0286839111,0.0362984697
0.672909114,-0.1544775303,-0.31503553,-1.3798249258,2.0454353143,3.7524,1.7405524642,0.0286839111,0.0362984697
0.671927146,-0.1541330066,-0.3144238166,-1.3789518506,2.0466995041,3.7524,1.7393917508,0.0286839111,0.0362984697
0.6709432858,-0.1537900436,-0.31380955,-1.3780832127,2.0479586789,3.7524,1.7382364715,0.0286839111,0.0362984697
0.669957929,-0.1534487294,-0.3131930067,-1.3772192222,2.0492125005,3.7524,1.7370869163,0.0286839111,0.0362984697
0.6689714875,-0.1531091607,-0.3125744724,-1.3763601128,2.0504605998,3.7524,1.7359434056,0.0286839111,0.0362984697
0.6679843896,-0.1527714426,-0.3119542418,-1.3755061411,2.0517025765,3.7524,1.7348062903,0.0286839111,0.0362984697
0.666997079,-0.1524356888,-0.3113326177,-1.3746575872,2.0529379993,3.7524,1.7336759513,0.0286839111,0.0362984697
0.6660100149,-0.1521020213,-0.3107099113,-1.3738147538,2.0541664067,3.7524,1.732552799,0.0286839111,0.0362984697
0.6650236657,-0.1517705683,-0.3100864375,-1.3729779596,2.0553873156,3.7524,1.7314372645,0.0286839111,0.0362984697
0.6640384911,-0.1514414575,-0.3094625046,-1.3721475231,2.0566002452,3.7524,1.7303297781,0.0286839111,0.0362984697
0.6630549338,-0.1511148136,-0.3088384085,-1.3713237556,2.0578047268,3.7524,1.72923076,0.0286839111,0.0362984697
0.6620734198,-0.1507907581,-0.3082144325,-1.370506961,2.0590003042,3.7524,1.7281406199,0.0286839111,0.0362984697
0.6610943595,-0.1504694095,-0.3075908488,-1.3696974358,2.0601865332,3.7524,1.7270597571,0.0286839111,0.0362984697
0.660118149,-0.1501508834,-0.3069679194,-1.3688954688,2.0613629812,3.7524,1.7259885608,0.0286839111,0.0362984697
0.6591451721,-0.1498352924,-0.3063458971,-1.3681013417,2.0625292272,3.7524,1.7249274098,0.0286839111,0.0362984697
0.6581758017,-0.1495227463,-0.3057250273,-1.3673153281,2.0636848615,3.7524,1.7238766726,0.0286839111,0.0362984697
0.6572103984,-0.1492133503,-0.3051055478,-1.3665376899,2.0648294912,3.7524,1.7228367016,0.0286839111,0.0362984697
0.6562491511,-0.1489071428,-0.3044875929,-1.3657685175,2.0659629668,3.7524,1.7218076232,0.0286839111,0.0362984697
0.6552920791,-0.1486040941,-0.3038711965,-1.3650077269,2.0670853862,3.7524,1.7207893333,0.0286839111,0.0362984697
0.6543392008,-0.1483041698,-0.3032563949,-1.3642552208,2.0681968635,3.7524,1.7197817111,0.0286839111,0.0362984697
0.6533905416,-0.1480073315,-0.3026432328,-1.3635108916,2.0692975247,3.7524,1.7187846231,0.0286839111,0.0362984697
0.6524461375,-0.1477135371,-0.3020317667,-1.36277462,2.0703875077,3.7524,1.7177979224,0.0286839111,0.0362984697
0.6515060397,-0.1474227399,-0.3014220687,-1.3620462752,2.0714669626,3.7524,1.7168214474,0.0286839111,0.0362984697
0.6505703183,-0.1471348889,-0.3008142307,-1.3613257133,2.0725360523,3.7524,1.7158550223,0.0286839111,0.0362984697
0.6496390672,-0.1468499285,-0.3002083679,-1.3606127777,2.073594951,3.7524,1.7148984561,0.0286839111,0.0362984697
0.6487124075,-0.1465677986,-0.2996046221,-1.3599072996,2.0746438442,3.7524,1.7139515443,0.0286839111,0.0362984697
0.6477904893,-0.1462884354,-0.2990031632,-1.3592090993,2.0756829254,3.7524,1.7130140708,0.0286839111,0.0362984697
0.6468734926,-0.146011773,-0.2984041882,-1.3585179908,2.0767123914,3.7524,1.712085813,0.0286839111,0.0362984697
0.6459616269,-0.1457377461,-0.2978079194,-1.35783379,2.0777324314,3.7524,1.7111665529,0.0286839111,0.0362984697
0.6450551324,-0.1454662967,-0.2972146008,-1.3571563301,2.078743208,3.7524,1.7102560957,0.0286839111,0.0362984697
0.6441542771,-0.1451973804,-0.2966244908,-1.3564854787,2.079744835,3.7524,1.7093542924,0.0286839111,0.0362984697
0.6432593479,-0.1449309738,-0.2960378489,-1.3558211579,2.0807373542,3.7524,1.7084610636,0.0286839111,0.0362984697
0.6423705867,-0.1446670629,-0.295454889,-1.3551633141,2.0817207845,3.7524,1.7075763576,0.0286839111,0.0362984697
0.6414881546,-0.1444056355,-0.2948757534,-1.3545119002,2.0826951494,3.7524,1.7067001263,0.0286839111,0.0362984697
0.6406121377,-0.1441466826,-0.2943005169,-1.3538668793,2.0836604726,3.7524,1.7058323297,0.0286839111,0.0362984697
0.6397425677,-0.1438902005,-0.2937292031,-1.3532282292,2.0846167682,3.7524,1.7049729429,0.0286839111,0.0362984697
0.6388794488,-0.143636192,-0.2931618071,-1.3525959454,2.0855640323,3.7524,1.7041219618,0.0286839111,0.0362984697
0.6380227844,-0.1433846679,-0.2925983178,-1.3519700439,2.0865022359,3.7524,1.703279408,0.0286839111,0.0362984697
0.6371725921,-0.1431356456,-0.2920387319,-1.3513505577,2.0874313254,3.7524,1.7024453257,0.0286839111,0.0362984697
0.6363288998,-0.1428891446,-0.291483054,-1.3507375262,2.0883512389,3.7524,1.7016197673,0.0286839111,0.0362984697
0.6354917403,-0.1426451834,-0.2909312939,-1.3501309866,2.0892619162,3.7524,1.7008027831,0.0286839111,0.0362984697
0.6346611077,-0.1424037665,-0.2903834385,-1.3495309413,2.0901633487,3.7524,1.6999943766,0.0286839111,0.0362984697
0.6338368893,-0.1421648645,-0.2898394062,-1.3489373096,2.0910556512,3.7524,1.6991944403,0.0286839111,0.0362984697
0.6330189357,-0.1419284374,-0.2892990918,-1.3483499843,2.091938979,3.7524,1.6984028309,0.0286839111,0.0362984697
0.6322070692,-0.1416944376,-0.2887623714,-1.3477688407,2.0928135152,3.7524,1.6976193806,0.0286839111,0.0362984697
0.6314010855,-0.141462811,-0.2882291031,-1.3471937384,2.0936794673,3.7524,1.6968439008,0.0286839111,0.0362984697
0.6306007547,-0.1412334979,-0.2876991266,-1.3466245238,2.0945370646,3.7524,1.6960761841,0.0286839111,0.0362984697
0.6298058222,-0.1410064338,-0.2871722646,-1.3460610319,2.0953865553,3.7524,1.6953160074,0.0286839111,0.0362984697
0.6290160108,-0.1407815498,-0.2866483229,-1.345503088,2.096228204,3.7524,1.6945631339,0.0286839111,0.0362984697
0.6282310225,-0.1405587739,-0.286127092,-1.3449505096,2.0970622892,3.7524,1.6938173154,0.0286839111,0.0362984697
0.6274505395,-0.1403380309,-0.285608348,-1.344403107,2.097889102,3.7524,1.6930782935,0.0286839111,0.0362984697
0.6266742266,-0.140119243,-0.2850918532,-1.3438606848,2.098708944,3.7524,1.6923458015,0.0286839111,0.0362984697
0.6259017317,-0.1399023302,-0.2845773573,-1.3433230424,2.0995221262,3.7524,1.6916195651,0.0286839111,0.0362984697
0.6251326874,-0.1396872107,-0.2840645983,-1.3427899751,2.1003289679,3.7524,1.6908993037,0.0286839111,0.0362984697
0.6243667122,-0.139473801,-0.2835533031,-1.3422612743,2.1011297956,3.7524,1.6901847309,0.0286839111,0.0362984697
0.6236034113,-0.1392620161,-0.2830431881,-1.3417367282,2.1019249424,3.7524,1.6894755556,0.0286839111,0.0362984697
0.6228423774,-0.1390517699,-0.28253396,-1.3412161224,2.1027147469,3.7524,1.6887714822,0.0286839111,0.0362984697
0.6220831918,-0.1388429749,-0.2820253164,-1.3406992398,2.103499553,3.7524,1.6880722115,0.0286839111,0.0362984697
0.6213254246,-0.1386355429,-0.2815169458,-1.3401858614,2.1042797094,3.7524,1.6873774409,0.0286839111,0.0362984697
0.6205686397,-0.138429386,-0.2810085313,-1.3396757687,2.1050555646,3.7524,1.6866868681,0.0286839111,0.0362984697
0.6198124014,-0.138224418,-0.2804997549,-1.3391687492,2.1058274602,3.7524,1.6860001981,0.0286839111,0.0362984697
0.6190562758,-0.1380205558,-0.2799902983,-1.3386645964,2.1065957296,3.7524,1.6853171441,0.0286839111,0.0362984697
0.6182998309,-0.1378177181,-0.2794798432,-1.3381631102,2.1073606976,3.7524,1.684637427,0.0286839111,0.0362984697
0.6175426362,-0.1376158266,-0.2789680707,-1.3376640969,2.1081226812,3.7524,1.6839607762,0.0286839111,0.0362984697
0.6167842631,-0.1374148053,-0.2784546618,-1.3371673693,2.1088819883,3.7524,1.6832869291,0.0286839111,0.0362984697
0.6160242846,-0.1372145808,-0.277939297,-1.3366727469,2.1096389183,3.7524,1.6826156318,0.0286839111,0.0362984697
0.6152622765,-0.1370150829,-0.2774216572,-1.3361800566,2.1103937607,3.7524,1.6819466402,0.0286839111,0.0362984697
0.6144978162,-0.1368162439,-0.2769014224,-1.3356891325,2.1111467955,3.7524,1.6812797188,0.0286839111,0.0362984697
0.6137304815,-0.1366179991,-0.2763782711,-1.3351998157,2.1118982938,3.7524,1.6806146414,0.0286839111,0.0362984697
0.6129598616,-0.1364202889,-0.2758518878,-1.3347119602,2.1126485082,3.7524,1.6799511986,0.0286839111,0.0362984697
0.6121855406,-0.1362230554,-0.2753219513,-1.3342254248,2.1133976863,3.7524,1.6792891867,0.0286839111,0.0362984697
0.6114070778,-0.1360262389,-0.2747881201,-1.3337400633,2.1141460856,3.7524,1.6786283944,0.0286839111,0.0362984697
0.6106241415,-0.1358298056,-0.2742501287,-1.3332557938,2.1148938641,3.7524,1.6779686982,0.0286839111,0.0362984697
0.6098365812,-0.1356337627,-0.2737078392,-1.3327726348,2.1156410209,3.7524,1.6773101123,0.0286839111,0.0362984697
0.6090444218,-0.1354381567,-0.2731612377,-1.3322907012,2.1163874033,3.7524,1.676652784,0.0286839111,0.0362984697
0.6082477437,-0.1352430479,-0.2726103484,-1.3318101418,2.1171328059,3.7524,1.6759969062,0.0286839111,0.0362984697
0.6074466006,-0.1350484922,-0.2720551753,-1.3313310943,2.1178770415,3.7524,1.6753426567,0.0286839111,0.0362984697
0.6066410508,-0.1348545458,-0.2714957259,-1.3308536972,2.1186199214,3.7524,1.6746902142,0.0286839111,0.0362984697
0.6058311606,-0.1346612634,-0.2709320161,-1.3303780839,2.1193612612,3.7524,1.6740397521,0.0286839111,0.0362984697
0.6050169967,-0.1344686913,-0.2703640674,-1.3299043675,2.1201009024,3.7524,1.6733914176,0.0286839111,0.0362984697
0.6041986247,-0.1342768618,-0.2697919112,-1.3294326238,2.1208387343,3.7524,1.672745311,0.0286839111,0.0362984697
0.6033761127,-0.1340857846,-0.2692155972,-1.3289628721,2.1215747172,3.7524,1.6721014618,0.0286839111,0.0362984697
0.6025495881,-0.1338954594,-0.2686352342,-1.3284951051,2.1223088361,3.7524,1.6714598691,0.0286839111,0.0362984697
0.6017192651,-0.1337058829,-0.2680510093,-1.3280293063,2.1230410734,3.7524,1.6708205258,0.0286839111,0.0362984697
0.6008854322,-0.133517047,-0.267463178,-1.3275654465,2.1237714157,3.7524,1.6701834135,0.0286839111,0.0362984697
0.6000484289,-0.1333289384,-0.2668720444,-1.327103483,2.1244998588,3.7524,1.6695484998,0.0286839111,0.0362984697
0.5992086209,-0.1331415395,-0.2662779391,-1.3266433621,2.125226409,3.7524,1.6689157398,0.0286839111,0.0362984697
0.5983663752,-0.1329548287,-0.265681197,-1.3261850209,2.1259510845,3.7524,1.6682850769,0.0286839111,0.0362984697
0.5975220463,-0.1327687831,-0.2650821433,-1.3257283937,2.1266739094,3.7524,1.6676564502,0.0286839111,0.0362984697
0.596675981,-0.1325833835,-0.264481094,-1.3252734251,2.1273948963,3.7524,1.6670298116,0.0286839111,0.0362984697
0.5958285247,-0.1323986184,-0.2638783587,-1.324820079,2.1281140338,3.7524,1.6664051367,0.0286839111,0.0362984697
0.5949800257,-0.132214485,-0.2632742428,-1.324368342,2.128831281,3.7524,1.6657824303,0.0286839111,0.0362984697
0.5941308375,-0.1320309896,-0.2626690499,-1.3239182237,2.1295465672,3.7524,1.6651617263,0.0286839111,0.0362984697
0.5932813194,-0.1318481471,-0.2620630823,-1.3234697555,2.130259793,3.7524,1.6645430863,0.0286839111,0.0362984697
0.592431837,-0.1316659799,-0.2614566424,-1.3230229881,2.1309708329,3.7524,1.6639265973,0.0286839111,0.0362984697
0.5915827623,-0.1314845176,-0.2608500328,-1.3225779898,2.1316795385,3.7524,1.6633123682,0.0286839111,0.0362984697
0.5907344731,-0.1313037957,-0.2602435569,-1.3221348441,2.1323857407,3.7524,1.6627005279,0.0286839111,0.0362984697
0.5898873524,-0.1311238548,-0.2596375189,-1.3216936479,2.1330892528,3.7524,1.6620912221,0.0286839111,0.0362984697
0.5890417881,-0.1309447403,-0.2590322237,-1.3212545094,2.1337898724,3.7524,1.6614846116,0.0286839111,0.0362984697
0.5881981727,-0.1307665015,-0.2584279773,-1.3208175471,2.1344873837,3.7524,1.66088087,0.0286839111,0.0362984697
0.5873569025,-0.1305891913,-0.2578250865,-1.3203828881,2.1351815589,3.7524,1.6602801823,0.0286839111,0.0362984697
0.5865183773,-0.1304128655,-0.257223859,-1.3199506674,2.1358721601,3.7524,1.6596827434,0.0286839111,0.0362984697
0.5856830001,-0.1302375825,-0.2566246034,-1.3195210263,2.1365589399,3.7524,1.6590887568,0.0286839111,0.0362984697
0.5848511767,-0.1300634033,-0.2560276286,-1.3190941123,2.1372416434,3.7524,1.6584984336,0.0286839111,0.0362984697
0.5840233154,-0.1298903907,-0.2554332446,-1.3186700782,2.1379200082,3.7524,1.6579119918,0.0286839111,0.0362984697
0.5831998269,-0.1297186095,-0.2548417619,-1.318249081,2.1385937661,3.7524,1.657329655,0.0286839111,0.0362984697
0.5823811235,-0.129548126,-0.2542534915,-1.3178312821,2.139262643,3.7524,1.6567516525,0.0286839111,0.0362984697
0.5815676198,-0.1293790082,-0.2536687447,-1.3174168464,2.13992636,3.7524,1.6561782178,0.0286839111,0.0362984697
0.5807597315,-0.129211325,-0.2530878336,-1.3170059422,2.1405846338,3.7524,1.6556095891,0.0286839111,0.0362984697
0.579957876,-0.1290451468,-0.2525110704,-1.3165987404,2.1412371773,3.7524,1.6550460079,0.0286839111,0.0362984697
0.5791624717,-0.1288805448,-0.2519387677,-1.3161954148,2.1418836996,3.7524,1.6544877194,0.0286839111,0.0362984697
0.5783739384,-0.1287175912,-0.2513712383,-1.3157961413,2.1425239069,3.7524,1.6539349716,0.0286839111,0.0362984697
0.5775926965,-0.1285563591,-0.2508087953,-1.3154010981,2.1431575025,3.7524,1.6533880153,0.0286839111,0.0362984697
0.5768191673,-0.1283969223,-0.2502517518,-1.3150104651,2.143784187,3.7524,1.6528471036,0.0286839111,0.0362984697
0.5760537729,-0.1282393553,-0.2497004211,-1.314624424,2.144403659,3.7524,1.6523124919,0.0286839111,0.0362984697
0.575296936,-0.1280837331,-0.2491551167,-1.3142431581,2.1450156148,3.7524,1.6517844377,0.0286839111,0.0362984697
0.574549079,-0.1279301313,-0.2486161513,-1.3138668515,2.1456197494,3.7524,1.6512631995,0.0286839111,0.0362984697
0.5738106255,-0.1277786261,-0.2480838384,-1.3134956903,2.1462157557,3.7524,1.6507490383,0.0286839111,0.0362984697
0.5730820009,-0.1276292942,-0.2475584925,-1.3131298622,2.1468033236,3.7524,1.6502422173,0.0286839111,0.0362984697
0.5723636223,-0.1274822114,-0.2470404216,-1.3127695517,2.147382149,3.7524,1.6497429952,0.0286839111,0.0362984697
0.5716559149,-0.1273374551,-0.2465299396,-1.3124149484,2.1479519195,3.7524,1.6492516375,0.0286839111,0.0362984697
0.570959332,-0.1271951093,-0.2460273802,-1.3120662569,2.1485122992,3.7524,1.6487684305,0.0286839111,0.0362984697
0.5702742216,-0.1270552358,-0.2455330011,-1.3117236288,2.1490630372,3.7524,1.6482935869,0.0286839111,0.0362984697
0.5696007547,-0.1269178603,-0.2450469329,-1.3113871259,2.1496040265,3.7524,1.6478271954,0.0286839111,0.0362984697
0.5689389318,-0.1267829732,-0.2445691832,-1.3110567242,2.1501352977,3.7524,1.6473692258,0.0286839111,0.0362984697
0.568288703,-0.1266505551,-0.244099723,-1.310732376,2.1506569204,3.7524,1.6469196145,0.0286839111,0.0362984697
0.5676500509,-0.1265205941,-0.2436385458,-1.3104140515,2.1511689357,3.7524,1.6464783228,0.0286839111,0.0362984697
0.5670229598,-0.1263930792,-0.2431856463,-1.3101017231,2.1516713815,3.7524,1.6460453151,0.0286839111,0.0362984697
0.5664074105,-0.126267999,-0.2427410163,-1.3097953629,2.1521642968,3.7524,1.6456205547,0.0286839111,0.0362984697
0.5658033878,-0.1261453436,-0.2423046499,-1.3094949459,2.1526477162,3.7524,1.6452040092,0.0286839111,0.0362984697
0.5652108787,-0.1260251038,-0.2418765427,-1.3092004493,2.1531216711,3.7524,1.644795649,0.0286839111,0.0362984697
0.5646298713,-0.125907271,-0.2414566907,-1.3089118518,2.1535861908,3.7524,1.6443954464,0.0286839111,0.0362984697
0.5640603548,-0.1257918373,-0.2410450905,-1.3086291337,2.1540413025,3.7524,1.6440033758,0.0286839111,0.0362984697
0.5635023196,-0.1256787952,-0.2406417392,-1.3083522764,2.1544870315,3.7524,1.6436194132,0.0286839111,0.0362984697
0.5629557574,-0.1255681379,-0.2402466348,-1.3080812629,2.1549234012,3.7524,1.6432435365,0.0286839111,0.0362984697
0.5624206607,-0.125459859,-0.2398597754,-1.3078160771,2.1553504333,3.7524,1.642875725,0.0286839111,0.0362984697
0.5618970228,-0.1253539525,-0.2394811599,-1.3075567043,2.155768148,3.7524,1.6425159597,0.0286839111,0.0362984697
0.5613848383,-0.1252504129,-0.2391107875,-1.3073031307,2.1561765638,3.7524,1.6421642227,0.0286839111,0.0362984697
0.5608841023,-0.1251492351,-0.238748658,-1.3070553437,2.1565756978,3.7524,1.6418204978,0.0286839111,0.0362984697
0.5603948113,-0.1250504144,-0.2383947716,-1.3068133314,2.1569655657,3.7524,1.6414847699,0.0286839111,0.0362984697
0.5599169623,-0.1249539465,-0.2380491292,-1.3065770832,2.1573461819,3.7524,1.6411570252,0.0286839111,0.0362984697
0.5594505536,-0.1248598274,-0.2377117321,-1.3063465892,2.1577175591,3.7524,1.6408372513,0.0286839111,0.0362984697
0.5589955843,-0.1247680537,-0.2373825822,-1.3061218406,2.158079709,3.7524,1.6405254369,0.0286839111,0.0362984697
0.5585520548,-0.1246786222,-0.2370616823,-1.3059028296,2.1584326415,3.7524,1.6402215721,0.0286839111,0.0362984697
0.5581199665,-0.1245915301,-0.2367490357,-1.3056895493,2.1587763654,3.7524,1.6399256484,0.0286839111,0.0362984697
0.5576993222,-0.124506775,-0.2364446466,-1.3054819937,2.1591108878,3.7524,1.6396376582,0.0286839111,0.0362984697
0.5572901259,-0.1244243551,-0.23614852,-1.3052801579,2.1594362144,3.7524,1.6393575957,0.0286839111,0.0362984697
0.5568923832,-0.1243442688,-0.235860662,-1.3050840381,2.1597523493,3.7524,1.6390854565,0.0286839111,0.0362984697
0.5565061014,-0.124266515,-0.2355810797,-1.3048936315,2.1600592947,3.7524,1.6388212374,0.0286839111,0.0362984697
0.5561312897,-0.1241910933,-0.2353097816,-1.3047089368,2.1603570512,3.7524,1.6385649372,0.0286839111,0.0362984697
0.5557679594,-0.1241180035,-0.2350467776,-1.3045299537,2.1606456171,3.7524,1.6383165564,0.0286839111,0.0362984697
0.5554161242,-0.1240472462,-0.2347920794,-1.3043566835,2.1609249886,3.7524,1.6380760973,0.0286839111,0.0362984697
0.5550758009,-0.1239788228,-0.2345457005,-1.3041891291,2.1611951592,3.7524,1.6378435648,0.0286839111,0.0362984697
0.554747009,-0.123912735,-0.2343076569,-1.3040272952,2.1614561199,3.7524,1.6376189659,0.0286839111,0.0362984697
0.5544297712,-0.1238489855,-0.2340779664,-1.3038711881,2.161707859,3.7524,1.6374023098,0.0286839111,0.0362984697
0.5541241107,-0.1237875772,-0.2338566471,-1.3037208144,2.161950364,3.7524,1.6371936066,0.0286839111,0.0362984697
0.5538300332,-0.1237285093,-0.2336437045,-1.3035761725,2.1621836363,3.7524,1.6369928544,0.0286839111,0.0362984697
0.553547441,-0.1236717606,-0.233439069,-1.3034372106,2.1624077583,3.7524,1.6367999817,0.0286839111,0.0362984697
0.5532760991,-0.1236172828,-0.2332425716,-1.3033038098,2.1626229203,3.7524,1.636614824,0.0286839111,0.0362984697
0.5530157867,-0.1235650303,-0.2330540531,-1.3031758585,2.1628293017,3.7524,1.6364372269,0.0286839111,0.0362984697
0.5527662757,-0.1235149561,-0.2328733494,-1.3030532418,2.1630270867,3.7524,1.636267031,0.0286839111,0.0362984697
0.5525273384,-0.1234670134,-0.2327002962,-1.302935845,2.1632164596,3.7524,1.6361040776,0.0286839111,0.0362984697
0.5522987471,-0.1234211555,-0.2325347296,-1.3028235536,2.1633976041,3.7524,1.635948208,0.0286839111,0.0362984697
0.5520802743,-0.1233773357,-0.2323764854,-1.3027162534,2.1635707036,3.7524,1.6357992641,0.0286839111,0.0362984697
0.5518716925,-0.1233355076,-0.2322253995,-1.3026138303,2.1637359415,3.7524,1.6356570878,0.0286839111,0.0362984697
0.5516727744,-0.1232956246,-0.2320813081,-1.3025161706,2.1638935006,3.7524,1.6355215214,0.0286839111,0.0362984697
0.5514832927,-0.1232576403,-0.231944047,-1.3024231605,2.1640435636,3.7524,1.6353924073,0.0286839111,0.0362984697
0.5513030203,-0.1232215084,-0.2318134524,-1.3023346866,2.1641863131,3.7524,1.6352695882,0.0286839111,0.0362984697
0.5511317299,-0.1231871827,-0.2316893602,-1.3022506354,2.1643219313,3.7524,1.6351529071,0.0286839111,0.0362984697
0.5509691945,-0.1231546168,-0.2315716065,-1.3021708939,2.1644506003,3.7524,1.6350422068,0.0286839111,0.0362984697
0.550815187,-0.1231237646,-0.2314600273,-1.3020953487,2.1645725021,3.7524,1.6349373307,0.0286839111,0.0362984697
0.5506694803,-0.12309458,-0.2313544586,-1.3020238871,2.1646878184,3.7524,1.634838122,0.0286839111,0.0362984697
0.5505318474,-0.1230670169,-0.2312547362,-1.3019563961,2.164796731,3.7524,1.6347444244,0.0286839111,0.0362984697
0.5504020613,-0.1230410293,-0.2311606961,-1.3018927628,2.1648994213,3.7524,1.6346560813,0.0286839111,0.0362984697
0.5502798947,-0.123016571,-0.2310721742,-1.3018328747,2.1649960708,3.7524,1.6345729364,0.0286839111,0.0362984697
0.5501651205,-0.1229935962,-0.2309890062,-1.301776619,2.165086861,3.7524,1.6344948335,0.0286839111,0.0362984697
0.5500575114,-0.1229720588,-0.2309110278,-1.3017238831,2.1651719732,3.7524,1.6344216164,0.0286839111,0.0362984697
0.5499568402,-0.122951913,-0.2308380746,-1.3016745546,2.1652515885,3.7524,1.634353129,0.0286839111,0.0362984697
0.5498628793,-0.1229331126,-0.2307699822,-1.3016285207,2.1653258884,3.7524,1.6342892152,0.0286839111,0.0362984697
0.5497754012,-0.1229156118,-0.230706586,-1.3015856691,2.1653950541,3.7524,1.6342297188,0.0286839111,0.0362984697
0.5496941782,-0.1228993647,-0.2306477211,-1.3015458872,2.1654592669,3.7524,1.6341744838,0.0286839111,0.0362984697
0.5496189824,-0.1228843252,-0.2305932228,-1.3015090624,2.1655187081,3.7524,1.634123354,0.0286839111,0.0362984697
0.5495495858,-0.1228704475,-0.230542926,-1.3014750823,2.1655735593,3.7524,1.6340761732,0.0286839111,0.0362984697
0.5494857599,-0.1228576855,-0.2304966655,-1.3014438341,2.1656240018,3.7524,1.6340327852,0.0286839111,0.0362984697
0.5494272762,-0.1228459932,-0.2304542758,-1.3014152052,2.1656702172,3.7524,1.6339930337,0.0286839111,0.0362984697
0.5493739059,-0.1228353246,-0.2304155913,-1.3013890829,2.1657123875,3.7524,1.6339567621,0.0286839111,0.0362984697
0.5493254199,-0.1228256336,-0.2303804461,-1.3013653543,2.1657506945,3.7524,1.6339238139,0.0286839111,0.0362984697
0.5492815886,-0.122816874,-0.230348674,-1.3013439066,2.1657853203,3.7524,1.6338940323,0.0286839111,0.0362984697
0.5492421821,-0.1228089998,-0.2303201086,-1.3013246264,2.1658164475,3.7524,1.6338672604,0.0286839111,0.0362984697
0.5492069701,-0.1228019646,-0.2302945831,-1.3013074007,2.1658442585,3.7524,1.6338433409,0.0286839111,0.0362984697
0.5491757218,-0.122795722,-0.2302719302,-1.301292116,2.1658689365,3.7524,1.6338221163,0.0286839111,0.0362984697
0.5491482056,-0.1227902258,-0.2302519825,-1.3012786585,2.1658906648,3.7524,1.633803429,0.0286839111,0.0362984697
0.5491241897,-0.1227854293,-0.2302345717,-1.3012669145,2.1659096272,3.7524,1.6337871207,0.0286839111,0.0362984697
0.5491034413,-0.1227812859,-0.2302195294,-1.3012567695,2.165926008,3.7524,1.6337730328,0.0286839111,0.0362984697
0.5490857268,-0.1227777489,-0.2302066863,-1.3012481091,2.165939992,3.7524,1.6337610064,0.0286839111,0.0362984697
0.5490708119,-0.1227747712,-0.2301958726,-1.3012408183,2.1659517649,3.7524,1.6337508818,0.0286839111,0.0362984697
0.5490584612,-0.1227723057,-0.2301869178,-1.3012347817,2.1659615127,3.7524,1.6337424987,0.0286839111,0.0362984697
0.5490484379,-0.1227703051,-0.2301796503,-1.3012298834,2.1659694228,3.7524,1.6337356962,0.0286839111,0.0362984697
0.5490405041,-0.1227687218,-0.2301738976,-1.3012260067,2.1659756833,3.7524,1.6337303125,0.0286839111,0.0362984697
0.5490344201,-0.1227675078,-0.2301694861,-1.3012230342,2.1659804835,3.7524,1.6337261846,0.0286839111,0.0362984697
0.5490299447,-0.1227666149,-0.2301662409,-1.301220848,2.1659840143,3.7524,1.6337231483,0.0286839111,0.0362984697
0.549026834,-0.1227659943,-0.2301639852,-1.3012193286,2.1659864681,3.7524,1.6337210383,0.0286839111,0.0362984697
0.5490248418,-0.122765597,-0.2301625405,-1.3012183558,2.1659880393,3.7524,1.6337196871,0.0286839111,0.0362984697
0.5490237192,-0.1227653731,-0.2301617264,-1.3012178076,2.1659889246,3.7524,1.6337189259,0.0286839111,0.0362984697
0.5490232144,-0.1227652724,-0.2301613603,-1.3012175612,2.1659893227,3.7524,1.6337185836,0.0286839111,0.0362984697
0.5490230753,-0.1227652447,-0.2301612594,-1.3012174933,2.1659894324,3.7524,1.6337184893,0.0286839111,0.0362984697
0.5490230675,-0.1227652432,-0.2301612538,-1.3012174895,2.1659894385,3.7524,1.633718484,0.0286839111,0.0362984697
0.5490230603,-0.1227652417,-0.2301612485,-1.3012174859,2.1659894442,3.7524,1.6337184791,0.0286839111,0.0362984697
0.5490230603,-0.1227652417,-0.2301612485,-1.3012174859,2.1659894442,3.7524,1.6337184791,0.0286839111,0.0362984697
0.5490230603,-0.1227652417,-0.2301612485,-1.3012174859,2.1659894442,3.7524,1.6337184791,0.0286839111,0.0362984697
0.5490230603,-0.1227652417,-0.2301612485,-1.3012174859,2.1659894442,3.7524,1.6337184791,0.0286839111,0.0362984697
0.5490230603,-0.1227652417,-0.2301612485,-1.3012174859,2.1659894442,3.7524,1.6337184791,0.0286839111,0.0362984697
0.5490230603,-0.1227652417,-0.2301612485,-1.3012174859,2.1659894442,3.7524,1.6337184791,0.0286839111,0.0362984697
0.5490230603,-0.1227652417,-0.2301612485,-1.3012174859,2.1659894442,3.7524,1.6337184791,0.0286839111,0.0362984697
0.5490230603,-0.1227652417,-0.2301612485,-1.3012174859,2.1659894442,3.7524,1.6337184791,0.0286839111,0.0362984697
0.5490230603,-0.1227652417,-0.2301612485,-1.3012174859,2.1659894442,3.7524,1.6337184791,0.0286839111,0.0362984697
0.5490230603,-0.1227652417,-0.2301612485,-1.3012174859,2.1659894442,3.7524,1.6337184791,0.0286839111,0.0362984697
0.5490230603,-0.1227652417,-0.2301612485,-1.3012174859,2.1659894442,3.7524,1.6337184791,0.0286839111,0.0362984697
0.5490230603,-0.1227652417,-0.2301612485,-1.3012174859,2.1659894442,3.7524,1.6337184791,0.0286839111,0.0362984697
0.5490230603,-0.1227652417,-0.2301612485,-1.3012174859,2.1659894442,3.7524,1.6337184791,0.0286839111,0.0362984697
0.5490230603,-0.1227652417,-0.2301612485,-1.3012174859,2.1659894442,3.7524,1.6337184791,0.0286839111,0.0362984697
0.5490230603,-0.1227652417,-0.2301612485,-1.3012174859,2.1659894442,3.7524,1.6337184791,0.0286839111,0.0362984697
0.5490230603,-0.1227652417,-0.2301612485,-1.3012174859,2.1659894442,3.7524,1.6337184791,0.0286839111,0.0362984697
0.5490230603,-0.1227652417,-0.2301612485,-1.3012174859,2.1659894442,3.7524,1.6337184791,0.0286839111,0.0362984697
0.5490230603,-0.1227652417,-0.2301612485,-1.3012174859,2.1659894442,3.7524,1.6337184791,0.0286839111,0.0362984697
0.5490230603,-0.1227652417,-0.2301612485,-1.3012174859,2.1659894442,3.7524,1.6337184791,0.0286839111,0.0362984697
0.5490230603,-0.1227652417,-0.2301612485,-1.3012174859,2.1659894442,3.7524,1.6337184791,0.0286839111,0.0362984697
0.5490230603,-0.1227652417,-0.2301612485,-1.3012174859,2.1659894442,3.7524,1.6337184791,0.0286839111,0.0362984697
0.5490230603,-0.1227652417,-0.2301612485,-1.3012174859,2.1659894442,3.7524,1.6337184791,0.0286839111,0.0362984697
0.5490230603,-0.1227652417,-0.2301612485,-1.3012174859,2.1659894442,3.7524,1.6337184791,0.0286839111,0.0362984697
0.5490230603,-0.1227652417,-0.2301612485,-1.3012174859,2.1659894442,3.7524,1.6337184791,0.0286839111,0.0362984697
0.5490230603,-0.1227652417,-0.2301612485,-1.3012174859,2.1659894442,3.7524,1.6337184791,0.0286839111,0.0362984697
0.5490230603,-0.1227652417,-0.2301612485,-1.3012174859,2.1659894442,3.7524,1.6337184791,0.0286839111,0.0362984697
0.5490230603,-0.1227652417,-0.2301612485,-1.3012174859,2.1659894442,3.7524,1.6337184791,0.0286839111,0.0362984697
0.5490230603,-0.1227652417,-0.2301612485,-1.3012174859,2.1659894442,3.7524,1.6337184791,0.0286839111,0.0362984697
0.5490230603,-0.1227652417,-0.2301612485,-1.3012174859,2.1659894442,3.7524,1.6337184791,0.0286839111,0.0362984697
0.5490230603,-0.1227652417,-0.2301612485,-1.3012174859,2.1659894442,3.7524,1.6337184791,0.0286839111,0.0362984697
0.5490230603,-0.1227652417,-0.2301612485,-1.3012174859,2.1659894442,3.7524,1.6337184791,0.0286839111,0.0362984697
0.5490230603,-0.1227652417,-0.2301612485,-1.3012174859,2.1659894442,3.7524,1.6337184791,0.0286839111,0.0362984697
0.5490230603,-0.1227652417,-0.2301612485,-1.3012174859,2.1659894442,3.7524,1.6337184791,0.0286839111,0.0362984697
0.5490230603,-0.1227652417,-0.2301612485,-1.3012174859,2.1659894442,3.7524,1.6337184791,0.0286839111,0.0362984697
0.5490230603,-0.1227652417,-0.2301612485,-1.3012174859,2.1659894442,3.7524,1.6337184791,0.0286839111,0.0362984697
0.5490230603,-0.1227652417,-0.2301612485,-1.3012174859,2.1659894442,3.7524,1.6337184791,0.0286839111,0.0362984697
0.5490230603,-0.1227652417,-0.2301612485,-1.3012174859,2.1659894442,3.7524,1.6337184791,0.0286839111,0.0362984697
0.5490230603,-0.1227652417,-0.2301612485,-1.3012174859,2.1659894442,3.7524,1.6337184791,0.0286839111,0.0362984697
0.5490230603,-0.1227652417,-0.2301612485,-1.3012174859,2.1659894442,3.7524,1.6337184791,0.0286839111,0.0362984697
0.5490230603,-0.1227652417,-0.2301612485,-1.3012174859,2.1659894442,3.7524,1.6337184791,0.0286839111,0.0362984697
0.5490230603,-0.1227652417,-0.2301612485,-1.3012174859,2.1659894442,3.7524,1.6337184791,0.0286839111,0.0362984697
0.5490230603,-0.1227652417,-0.2301612485,-1.3012174859,2.1659894442,3.7524,1.6337184791,0.0286839111,0.0362984697
0.5490230603,-0.1227652417,-0.2301612485,-1.3012174859,2.1659894442,3.7524,1.6337184791,0.0286839111,0.0362984697
0.5490230603,-0.1227652417,-0.2301612485,-1.3012174859,2.1659894442,3.7524,1.6337184791,0.0286839111,0.0362984697
0.5490230603,-0.1227652417,-0.2301612485,-1.3012174859,2.1659894442,3.7524,1.6337184791,0.0286839111,0.0362984697
0.5490230603,-0.1227652417,-0.2301612485,-1.3012174859,2.1659894442,3.7524,1.6337184791,0.0286839111,0.0362984697
0.5490230603,-0.1227652417,-0.2301612485,-1.3012174859,2.1659894442,3.7524,1.6337184791,0.0286839111,0.0362984697
0.5490230603,-0.1227652417,-0.2301612485,-1.3012174859,2.1659894442,3.7524,1.6337184791,0.0286839111,0.0362984697
0.5490230603,-0.1227652417,-0.2301612485,-1.3012174859,2.1659894442,3.7524,1.6337184791,0.0286839111,0.0362984697
0.5490230603,-0.1227652417,-0.2301612485,-1.3012174859,2.1659894442,3.7524,1.6337184791,0.0286839111,0.0362984697
0.5490230603,-0.1227652417,-0.2301612485,-1.3012174859,2.1659894442,3.7524,1.6337184791,0.0286839111,0.0362984697
0.5490230603,-0.1227652417,-0.2301612485,-1.3012174859,2.1659894442,3.7524,1.6337184791,0.0286839111,0.0362984697
0.5490230603,-0.1227652417,-0.2301612485,-1.3012174859,2.1659894442,3.7524,1.6337184791,0.0286839111,0.0362984697
0.5490230603,-0.1227652417,-0.2301612485,-1.3012174859,2.1659894442,3.7524,1.6337184791,0.0286839111,0.0362984697
0.5490230603,-0.1227652417,-0.2301612485,-1.3012174859,2.1659894442,3.7524,1.6337184791,0.0286839111,0.0362984697
0.5490230603,-0.1227652417,-0.2301612485,-1.3012174859,2.1659894442,3.7524,1.6337184791,0.0286839111,0.0362984697
0.5490230603,-0.1227652417,-0.2301612485,-1.3012174859,2.1659894442,3.7524,1.6337184791,0.0286839111,0.0362984697
0.5490230603,-0.1227652417,-0.2301612485,-1.3012174859,2.1659894442,3.7524,1.6337184791,0.0286839111,0.0362984697
0.5490230603,-0.1227652417,-0.2301612485,-1.3012174859,2.1659894442,3.7524,1.6337184791,0.0286839111,0.0362984697
0.5490230621,-0.1227652412,-0.2301612503,-1.3012174853,2.1659894443,3.7524,1.6337184788,0.0286839111,0.0362984697
0.5490229975,-0.1227652591,-0.2301611845,-1.301217509,2.1659894413,3.7524,1.6337184884,0.0286839111,0.0362984697
0.5490227055,-0.1227653402,-0.2301608873,-1.3012176163,2.1659894277,3.7524,1.6337185316,0.0286839111,0.0362984697
0.5490220622,-0.1227655189,-0.2301602323,-1.3012178529,2.1659893977,3.7524,1.6337186268,0.0286839111,0.0362984697
0.549021022,-0.1227658078,-0.2301591733,-1.3012182354,2.1659893492,3.7524,1.6337187807,0.0286839111,0.0362984697
0.5490196081,-0.1227662006,-0.2301577338,-1.3012187554,2.1659892834,3.7524,1.63371899,0.0286839111,0.0362984697
0.5490178326,-0.1227666938,-0.2301559261,-1.3012194083,2.1659892007,3.7524,1.6337192527,0.0286839111,0.0362984697
0.5490155736,-0.1227673215,-0.2301536263,-1.3012202392,2.1659890956,3.7524,1.633719587,0.0286839111,0.0362984697
0.5490125653,-0.1227681574,-0.2301505636,-1.3012213458,2.1659889556,3.7524,1.6337200322,0.0286839111,0.0362984697
0.5490084503,-0.1227693011,-0.2301463741,-1.3012228596,2.1659887643,3.7524,1.6337206412,0.0286839111,0.0362984697
0.5490030016,-0.1227708157,-0.2301408269,-1.3012248644,2.165988511,3.7524,1.6337214475,0.0286839111,0.0362984697
0.5489961721,-0.1227727144,-0.230133874,-1.3012273773,2.1659881937,3.7524,1.6337224582,0.0286839111,0.0362984697
0.5489879623,-0.1227749971,-0.2301255158,-1.3012303985,2.1659878124,3.7524,1.6337236731,0.0286839111,0.0362984697
0.5489783193,-0.1227776787,-0.2301156986,-1.3012339474,2.1659873647,3.7524,1.6337251001,0.0286839111,0.0362984697
0.5489671347,-0.1227807893,-0.230104312,-1.3012380639,2.1659868456,3.7524,1.6337267553,0.0286839111,0.0362984697
0.5489542628,-0.1227843695,-0.2300912076,-1.3012428019,2.1659862483,3.7524,1.6337286601,0.0286839111,0.0362984697
0.5489395467,-0.1227884632,-0.2300762258,-1.3012482191,2.1659855657,3.7524,1.6337308379,0.0286839111,0.0362984697
0.5489228203,-0.1227931167,-0.2300591974,-1.3012543769,2.1659847901,3.7524,1.6337333131,0.0286839111,0.0362984697
0.5489039095,-0.1227983785,-0.2300399453,-1.3012613394,2.1659839135,3.7524,1.6337361116,0.0286839111,0.0362984697
0.548882642,-0.1228042967,-0.230018294,-1.3012691702,2.165982928,3.7524,1.6337392588,0.0286839111,0.0362984697
0.5488588529,-0.1228109174,-0.2299940757,-1.3012779302,2.165981826,3.7524,1.6337427792,0.0286839111,0.0362984697
0.5488323846,-0.1228182845,-0.2299671301,-1.3012876776,2.1659806002,3.7524,1.633746696,0.0286839111,0.0362984697
0.5488030858,-0.1228264405,-0.2299373029,-1.3012984683,2.1659792439,3.7524,1.6337510317,0.0286839111,0.0362984697
0.5487708055,-0.1228354275,-0.2299044406,-1.301310358,2.16597775,3.7524,1.6337558087,0.0286839111,0.0362984697
0.5487353918,-0.122845288,-0.2298683885,-1.301323403,2.1659761116,3.7524,1.6337610493,0.0286839111,0.0362984697
0.5486966919,-0.1228560648,-0.2298289912,-1.3013376596,2.1659743218,3.7524,1.6337667761,0.0286839111,0.0362984697
0.5486545524,-0.1228678007,-0.2297860924,-1.3013531846,2.1659723736,3.7524,1.633773012,0.0286839111,0.0362984697
0.54860882,-0.1228805387,-0.2297395361,-1.3013700346,2.1659702599,3.7524,1.6337797795,0.0286839111,0.0362984697
0.5485593418,-0.1228943217,-0.2296891668,-1.3013882662,2.1659679739,3.7524,1.6337871013,0.0286839111,0.0362984697
0.5485059654,-0.1229091923,-0.2296348293,-1.3014079359,2.1659655086,3.7524,1.633795,0.0286839111,0.0362984697
0.5484485386,-0.1229251931,-0.2295763686,-1.3014290999,2.165962857,3.7524,1.633803498,0.0286839111,0.0362984697
0.5483869091,-0.122942367,-0.2295136298,-1.3014518146,2.1659600123,3.7524,1.633812618,0.0286839111,0.0362984697
0.5483209248,-0.1229607565,-0.2294464581,-1.3014761364,2.1659569677,3.7524,1.6338223823,0.0286839111,0.0362984697
0.5482504332,-0.1229804044,-0.2293746981,-1.3015021217,2.1659537161,3.7524,1.6338328136,0.0286839111,0.0362984697
0.5481752816,-0.1230013536,-0.2292981948,-1.301529827,2.1659502507,3.7524,1.6338439345,0.0286839111,0.0362984697
0.5480953176,-0.1230236469,-0.2292167927,-1.3015593088,2.1659465646,3.7524,1.6338557674,0.0286839111,0.0362984697
0.5480103885,-0.1230473272,-0.2291303364,-1.3015906239,2.1659426509,3.7524,1.6338683351,0.0286839111,0.0362984697
0.5479203415,-0.1230724374,-0.2290386707,-1.3016238288,2.1659385028,3.7524,1.6338816601,0.0286839111,0.0362984697
0.5478250239,-0.1230990205,-0.2289416399,-1.3016589801,2.1659341133,3.7524,1.633895765,0.0286839111,0.0362984697
0.5477242828,-0.1231271194,-0.2288390886,-1.3016961345,2.1659294756,3.7524,1.6339106724,0.0286839111,0.0362984697
0.5476179655,-0.1231567771,-0.2287308613,-1.3017353488,2.1659245829,3.7524,1.6339264049,0.0286839111,0.0362984697
0.547505919,-0.1231880367,-0.2286168023,-1.3017766796,2.1659194282,3.7524,1.6339429852,0.0286839111,0.0362984697
0.5473879903,-0.1232209413,-0.2284967559,-1.301820184,2.1659140048,3.7524,1.6339604358,0.0286839111,0.0362984697
0.5472640264,-0.123255534,-0.2283705664,-1.3018659185,2.1659083058,3.7524,1.6339787795,0.0286839111,0.0362984697
0.5471338741,-0.1232918578,-0.2282380778,-1.3019139403,2.1659023243,3.7524,1.6339980389,0.0286839111,0.0362984697
0.5469973802,-0.1233299562,-0.2280991345,-1.3019643061,2.1658960535,3.7524,1.6340182367,0.0286839111,0.0362984697
0.5468543915,-0.1233698721,-0.2279535803,-1.302017073,2.1658894866,3.7524,1.6340393954,0.0286839111,0.0362984697
0.5467047548,-0.123411649,-0.2278012594,-1.3020722979,2.1658826168,3.7524,1.6340615378,0.0286839111,0.0362984697
0.5465483166,-0.1234553301,-0.2276420156,-1.302130038,2.1658754372,3.7524,1.6340846867,0.0286839111,0.0362984697
0.5463849236,-0.1235009587,-0.227475693,-1.3021903502,2.1658679411,3.7524,1.6341088646,0.0286839111,0.0362984697
0.5462144205,-0.1235485787,-0.2273021335,-1.3022532924,2.1658601215,3.7524,1.6341340945,0.0286839111,0.0362984697
0.546036722,-0.1235982146,-0.2271212503,-1.3023188967,2.1658519749,3.7524,1.6341603891,0.0286839111,0.0362984697
0.5458518356,-0.123649865,-0.2269330512,-1.302387161,2.165843502,3.7524,1.6341877472,0.0286839111,0.0362984697
0.5456597316,-0.1237035391,-0.2267375061,-1.302458097,2.1658347018,3.7524,1.6342161733,0.0286839111,0.0362984697
0.545460302,-0.1237592676,-0.226534505,-1.3025317452,2.1658255696,3.7524,1.6342456833,0.0286839111,0.0362984697
0.5452533699,-0.1238171005,-0.226323868,-1.3026081714,2.1658160976,3.7524,1.6342763033,0.0286839111,0.0362984697
0.5450387695,-0.1238770847,-0.2261054264,-1.3026874374,2.1658062784,3.7524,1.6343080579,0.0286839111,0.0362984697
0.5448164689,-0.12393923,-0.2258791477,-1.3027695557,2.1657961111,3.7524,1.6343409518,0.0286839111,0.0362984697
0.5445865802,-0.1240035059,-0.2256451463,-1.3028544859,2.1657856011,3.7524,1.6343749685,0.0286839111,0.0362984697
0.544349307,-0.1240698568,-0.2254036295,-1.3029421538,2.1657747584,3.7524,1.6344100777,0.0286839111,0.0362984697
0.5441047223,-0.1241382633,-0.2251546718,-1.3030325333,2.1657635867,3.7524,1.6344462686,0.0286839111,0.0362984697
0.5438527195,-0.1242087559,-0.2248981645,-1.3031256646,2.1657520816,3.7524,1.6344835571,0.0286839111,0.0362984697
0.5435931441,-0.1242813783,-0.2246339508,-1.3032216053,2.1657402363,3.7524,1.6345219659,0.0286839111,0.0362984697
0.5433258952,-0.1243561597,-0.2243619278,-1.3033203935,2.1657280465,3.7524,1.63456151,0.0286839111,0.0362984697
0.543050927,-0.1244331136,-0.2240820492,-1.3034220468,2.1657155106,3.7524,1.6346021961,0.0286839111,0.0362984697
0.5427682314,-0.1245122433,-0.2237943066,-1.3035265691,2.1657026285,3.7524,1.6346440255,0.0286839111,0.0362984697
0.5424778113,-0.124593549,-0.2234987033,-1.3036339602,2.165689401,3.7524,1.6346869977,0.0286839111,0.0362984697
0.5421796787,-0.1246770282,-0.2231952515,-1.3037442167,2.1656758291,3.7524,1.6347311109,0.0286839111,0.0362984697
0.5418738537,-0.1247626763,-0.2228839718,-1.303857332,2.165661914,3.7524,1.6347763621,0.0286839111,0.0362984697
0.5415603545,-0.1248504894,-0.222564883,-1.3039733004,2.1656476573,3.7524,1.6348227486,0.0286839111,0.0362984697
0.5412391919,-0.1249404653,-0.222237996,-1.3040921188,2.1656330597,3.7524,1.6348702688,0.0286839111,0.0362984697
0.5409103695,-0.1250326042,-0.2219033147,-1.304213787,2.1656181221,3.7524,1.6349189221,0.0286839111,0.0362984697
0.5405738844,-0.1251269078,-0.2215608363,-1.3043383068,2.1656028447,3.7524,1.634968709,0.0286839111,0.0362984697
0.5402297336,-0.1252233781,-0.2212105577,-1.3044656804,2.1655872279,3.7524,1.6350196299,0.0286839111,0.0362984697
0.5398779149,-0.1253220168,-0.2208524769,-1.3045959097,2.1655712722,3.7524,1.6350716851,0.0286839111,0.0362984697
0.5395184268,-0.1254228254,-0.2204865926,-1.3047289962,2.165554978,3.7524,1.6351248748,0.0286839111,0.0362984697
0.5391512686,-0.1255258052,-0.2201129041,-1.3048649411,2.1655383458,3.7524,1.6351791991,0.0286839111,0.0362984697
0.5387764395,-0.1256309576,-0.2197314108,-1.305003746,2.1655213761,3.7524,1.635234658,0.0286839111,0.0362984697
0.5383939382,-0.1257382841,-0.2193421115,-1.3051454123,2.1655040693,3.7524,1.6352912518,0.0286839111,0.0362984697
0.5380037631,-0.1258477864,-0.2189450046,-1.3052899418,2.1654864261,3.7524,1.6353489807,0.0286839111,0.0362984697
0.5376059121,-0.1259594661,-0.2185400882,-1.3054373362,2.1654684469,3.7524,1.635407845,0.0286839111,0.0362984697
0.5372003833,-0.1260733252,-0.2181273605,-1.3055875976,2.1654501322,3.7524,1.6354678449,0.0286839111,0.0362984697
0.5367871749,-0.1261893653,-0.2177068198,-1.3057407276,2.1654314824,3.7524,1.6355289806,0.0286839111,0.0362984697
0.536366285,-0.1263075882,-0.2172784644,-1.3058967283,2.1654124982,3.7524,1.6355912525,0.0286839111,0.0362984697
0.5359377122,-0.1264279958,-0.2168422929,-1.3060556012,2.16539318,3.7524,1.6356546607,0.0286839111,0.0362984697
0.5355014548,-0.1265505896,-0.2163983038,-1.3062173484,2.1653735285,3.7524,1.6357192055,0.0286839111,0.0362984697
0.5350575114,-0.1266753715,-0.2159464959,-1.3063819714,2.1653535441,3.7524,1.635784887,0.0286839111,0.0362984697
0.5346058807,-0.1268023433,-0.2154868679,-1.3065494722,2.1653332276,3.7524,1.6358517054,0.0286839111,0.0362984697
0.5341465612,-0.1269315068,-0.2150194185,-1.3067198526,2.1653125796,3.7524,1.6359196608,0.0286839111,0.0362984697
0.5336795516,-0.1270628637,-0.2145441466,-1.3068931144,2.1652916006,3.7524,1.6359887536,0.0286839111,0.0362984697
0.5332048507,-0.1271964158,-0.2140610512,-1.3070692594,2.1652702912,3.7524,1.6360589837,0.0286839111,0.0362984697
0.5327224574,-0.1273321651,-0.2135701311,-1.3072482893,2.1652486523,3.7524,1.6361303514,0.0286839111,0.0362984697
0.5322323705,-0.1274701132,-0.2130713855,-1.3074302061,2.1652266844,3.7524,1.6362028568,0.0286839111,0.0362984697
0.5317345891,-0.127610262,-0.2125648137,-1.3076150116,2.1652043882,3.7524,1.6362765,0.0286839111,0.0362984697
0.5312291123,-0.1277526135,-0.2120504148,-1.3078027074,2.1651817645,3.7524,1.6363512811,0.0286839111,0.0362984697
0.5307159393,-0.1278971694,-0.2115281882,-1.3079932956,2.1651588141,3.7524,1.6364272002,0.0286839111,0.0362984697
0.5301950692,-0.1280439315,-0.2109981333,-1.3081867778,2.1651355376,3.7524,1.6365042574,0.0286839111,0.0362984697
0.5296665015,-0.1281929019,-0.2104602497,-1.3083831559,2.1651119359,3.7524,1.6365824527,0.0286839111,0.0362984697
0.5291302354,-0.1283440823,-0.2099145369,-1.3085824317,2.1650880097,3.7524,1.6366617862,0.0286839111,0.0362984697
0.5285862706,-0.1284974747,-0.2093609947,-1.3087846071,2.16506376,3.7524,1.636742258,0.0286839111,0.0362984697
0.5280346065,-0.1286530811,-0.2087996227,-1.3089896839,2.1650391874,3.7524,1.636823868,0.0286839111,0.0362984697
0.5274752427,-0.1288109033,-0.2082304208,-1.309197664,2.165014293,3.7524,1.6369066163,0.0286839111,0.0362984697
0.526908179,-0.1289709434,-0.2076533889,-1.3094085492,2.1649890776,3.7524,1.6369905029,0.0286839111,0.0362984697
0.526333415,-0.1291332033,-0.207068527,-1.3096223414,2.1649635422,3.7524,1.6370755278,0.0286839111,0.0362984697
0.5257509507,-0.129297685,-0.2064758352,-1.3098390425,2.1649376876,3.7524,1.637161691,0.0286839111,0.0362984697
0.5251607859,-0.1294643907,-0.2058753136,-1.3100586543,2.1649115148,3.7524,1.6372489924,0.0286839111,0.0362984697
0.5245629206,-0.1296333223,-0.2052669625,-1.3102811789,2.1648850248,3.7524,1.6373374321,0.0286839111,0.0362984697
0.5239573549,-0.129804482,-0.204650782,-1.3105066181,2.1648582188,3.7524,1.6374270099,0.0286839111,0.0362984697
0.5233440889,-0.1299778718,-0.2040267727,-1.3107349739,2.1648310976,3.7524,1.6375177257,0.0286839111,0.0362984697
0.5227231227,-0.130153494,-0.2033949349,-1.3109662482,2.1648036623,3.7524,1.6376095796,0.0286839111,0.0362984697
0.5220944566,-0.1303313507,-0.2027552693,-1.3112004432,2.1647759142,3.7524,1.6377025714,0.0286839111,0.0362984697
0.5214580909,-0.1305114441,-0.2021077763,-1.3114375607,2.1647478543,3.7524,1.6377967011,0.0286839111,0.0362984697
0.5208140261,-0.1306937764,-0.2014524567,-1.3116776028,2.1647194837,3.7524,1.6378919685,0.0286839111,0.0362984697
0.5201622625,-0.13087835,-0.2007893113,-1.3119205716,2.1646908036,3.7524,1.6379883734,0.0286839111,0.0362984697
0.5195028007,-0.1310651673,-0.2001183407,-1.3121664692,2.1646618154,3.7524,1.6380859158,0.0286839111,0.0362984697
0.5188356412,-0.1312542304,-0.199439546,-1.3124152978,2.1646325202,3.7524,1.6381845956,0.0286839111,0.0362984697
0.5181607847,-0.1314455419,-0.1987529281,-1.3126670594,2.1646029193,3.7524,1.6382844125,0.0286839111,0.0362984697
0.5174782319,-0.1316391043,-0.1980584881,-1.3129217563,2.164573014,3.7524,1.6383853664,0.0286839111,0.0362984697
0.5167879836,-0.1318349199,-0.1973562269,-1.3131793907,2.1645428057,3.7524,1.6384874571,0.0286839111,0.0362984697
0.5160900405,-0.1320329915,-0.1966461459,-1.3134399649,2.1645122958,3.7524,1.6385906844,0.0286839111,0.0362984697
0.5153844037,-0.1322333214,-0.1959282463,-1.3137034812,2.1644814857,3.7524,1.6386950482,0.0286839111,0.0362984697
0.5146710739,-0.1324359125,-0.1952025294,-1.3139699419,2.1644503769,3.7524,1.6388005481,0.0286839111,0.0362984697
0.5139500523,-0.1326407675,-0.1944689965,-1.3142393494,2.1644189709,3.7524,1.6389071841,0.0286839111,0.0362984697
0.5132213398,-0.132847889,-0.1937276492,-1.3145117063,2.1643872692,3.7524,1.6390149558,0.0286839111,0.0362984697
0.5124849377,-0.13305728,-0.1929784889,-1.3147870149,2.1643552734,3.7524,1.639123863,0.0286839111,0.0362984697
0.511740847,-0.1332689432,-0.1922215173,-1.3150652777,2.1643229851,3.7524,1.6392339054,0.0286839111,0.0362984697
0.5109890691,-0.1334828817,-0.191456736,-1.3153464975,2.1642904059,3.7524,1.6393450828,0.0286839111,0.0362984697
0.5102296052,-0.1336990985,-0.1906841467,-1.3156306768,2.1642575377,3.7524,1.639457395,0.0286839111,0.0362984697
0.5094624566,-0.1339175967,-0.1899037512,-1.3159178184,2.1642243822,3.7524,1.6395708415,0.0286839111,0.0362984697
0.5086876247,-0.1341383793,-0.1891155513,-1.316207925,2.1641909411,3.7524,1.6396854221,0.0286839111,0.0362984697
0.507905111,-0.1343614498,-0.188319549,-1.3165009995,2.1641572163,3.7524,1.6398011365,0.0286839111,0.0362984697
0.507114917,-0.1345868114,-0.1875157463,-1.3167970447,2.1641232097,3.7524,1.6399179844,0.0286839111,0.0362984697
0.5063170442,-0.1348144674,-0.1867041452,-1.3170960637,2.1640889233,3.7524,1.6400359655,0.0286839111,0.0362984697
0.5055114942,-0.1350444214,-0.1858847477,-1.3173980594,2.164054359,3.7524,1.6401550793,0.0286839111,0.0362984697
0.5046982687,-0.135276677,-0.1850575561,-1.317703035,2.1640195189,3.7524,1.6402753255,0.0286839111,0.0362984697
0.5038773694,-0.1355112378,-0.1842225726,-1.3180109937,2.1639844052,3.7524,1.6403967038,0.0286839111,0.0362984697
0.5030487979,-0.1357481076,-0.1833797995,-1.3183219388,2.16394902,3.7524,1.6405192138,0.0286839111,0.0362984697
0.502212556,-0.1359872903,-0.1825292391,-1.3186358737,2.1639133654,3.7524,1.640642855,0.0286839111,0.0362984697
0.5013686457,-0.1362287897,-0.1816708939,-1.3189528017,2.1638774439,3.7524,1.6407676272,0.0286839111,0.0362984697
0.5005170687,-0.1364726101,-0.1808047662,-1.3192727265,2.1638412577,3.7524,1.6408935298,0.0286839111,0.0362984697
0.4996578269,-0.1367187555,-0.1799308586,-1.3195956517,2.1638048093,3.7524,1.6410205624,0.0286839111,0.0362984697
0.4987909224,-0.1369672303,-0.1790491737,-1.319921581,2.1637681012,3.7524,1.6411487247,0.0286839111,0.0362984697
0.4979163571,-0.1372180389,-0.1781597142,-1.3202505183,2.1637311358,3.7524,1.6412780161,0.0286839111,0.0362984697
0.497034133,-0.1374711859,-0.1772624827,-1.3205824676,2.1636939159,3.7524,1.6414084363,0.0286839111,0.0362984697
0.4961442522,-0.1377266758,-0.176357482,-1.3209174329,2.163656444,3.7524,1.6415399846,0.0286839111,0.0362984697
0.4952467169,-0.1379845135,-0.1754447149,-1.3212554184,2.163618723,3.7524,1.6416726607,0.0286839111,0.0362984697
0.494341529,-0.138244704,-0.1745241843,-1.3215964284,2.1635807557,3.7524,1.641806464,0.0286839111,0.0362984697
0.493428691,-0.1385072523,-0.173595893,-1.3219404674,2.163542545,3.7524,1.6419413941,0.0286839111,0.0362984697
0.4925082049,-0.1387721636,-0.1726598441,-1.3222875399,2.1635040939,3.7524,1.6420774503,0.0286839111,0.0362984697
0.491580073,-0.1390394434,-0.1717160407,-1.3226376506,2.1634654056,3.7524,1.6422146323,0.0286839111,0.0362984697
0.4906442976,-0.1393090971,-0.1707644858,-1.3229908043,2.1634264831,3.7524,1.6423529394,0.0286839111,0.0362984697
0.4897008812,-0.1395811304,-0.1698051827,-1.3233470061,2.1633873298,3.7524,1.642492371,0.0286839111,0.0362984697
0.4887498262,-0.1398555492,-0.1688381347,-1.3237062609,2.1633479489,3.7524,1.6426329266,0.0286839111,0.0362984697
0.4877911349,-0.1401323595,-0.1678633449,-1.3240685742,2.1633083441,3.7524,1.6427746055,0.0286839111,0.0362984697
0.4868248097,-0.1404115676,-0.1668808168,-1.3244339513,2.1632685187,3.7524,1.6429174072,0.0286839111,0.0362984697
0.4858508532,-0.1406931799,-0.1658905536,-1.324802398,2.1632284765,3.7524,1.6430613311,0.0286839111,0.0362984697
0.4848692677,-0.1409772029,-0.1648925589,-1.3251739199,2.1631882213,3.7524,1.6432063766,0.0286839111,0.0362984697
0.483880056,-0.1412636435,-0.1638868364,-1.3255485229,2.1631477568,3.7524,1.6433525428,0.0286839111,0.0362984697
0.4828832211,-0.1415525085,-0.16287339,-1.3259262131,2.1631070872,3.7524,1.6434998292,0.0286839111,0.0362984697
0.4818787663,-0.1418438049,-0.1618522241,-1.3263069966,2.1630662165,3.7524,1.6436482349,0.0286839111,0.0362984697
0.4808666946,-0.1421375401,-0.1608233428,-1.3266908797,2.163025149,3.7524,1.6437977591,0.0286839111,0.0362984697
0.4798470087,-0.1424337218,-0.1597867498,-1.3270778692,2.162983889,3.7524,1.6439484012,0.0286839111,0.0362984697
0.4788197103,-0.1427323582,-0.1587424481,-1.3274679725,2.1629424411,3.7524,1.6441001606,0.0286839111,0.0362984697
0.4777848009,-0.1430334579,-0.1576904403,-1.3278611972,2.1629008097,3.7524,1.6442530366,0.0286839111,0.0362984697
0.4767422833,-0.1433370292,-0.1566307305,-1.3282575507,2.1628589997,3.7524,1.6444070285,0.0286839111,0.0362984697
0.4756921633,-0.14364308,-0.1555633255,-1.3286570396,2.162817016,3.7524,1.644562135,0.0286839111,0.0362984697
0.4746344494,-0.1439516177,-0.1544882354,-1.3290596695,2.1627748641,3.7524,1.6447183546,0.0286839111,0.0362984697
0.4735691516,-0.1442626493,-0.1534054716,-1.3294654459,2.1627325492,3.7524,1.6448756852,0.0286839111,0.0362984697
0.4724962729,-0.1445761846,-0.1523150384,-1.3298743774,2.1626900769,3.7524,1.645034126,0.0286839111,0.0362984697
0.4714158053,-0.1448922366,-0.1512169291,-1.3302864767,2.1626474524,3.7524,1.6451936777,0.0286839111,0.0362984697
0.4703277308,-0.145210822,-0.150111127,-1.3307017614,2.1626046808,3.7524,1.6453543425,0.0286839111,0.0362984697
0.4692320429,-0.1455319545,-0.1489976268,-1.3311202443,2.1625617676,3.7524,1.6455161209,0.0286839111,0.0362984697
0.4681287873,-0.1458556321,-0.1478764763,-1.3315419188,2.1625187205,3.7524,1.6456790055,0.0286839111,0.0362984697
0.4670180661,-0.1461818362,-0.1467477809,-1.3319667562,2.1624755494,3.7524,1.6458429807,0.0286839111,0.0362984697
0.465900038,-0.1465105317,-0.1456117033,-1.3323947061,2.1624322662,3.7524,1.6460080227,0.0286839111,0.0362984697
0.4647749155,-0.1468416671,-0.1444684608,-1.3328256973,2.1623888847,3.7524,1.6461740996,0.0286839111,0.0362984697
0.4636429642,-0.147175175,-0.1433183246,-1.3332596377,2.1623454208,3.7524,1.6463411715,0.0286839111,0.0362984697
0.4625045022,-0.1475109718,-0.1421616193,-1.3336964149,2.1623018918,3.7524,1.646509191,0.0286839111,0.0362984697
0.4613598761,-0.1478489655,-0.1409986983,-1.3341359051,2.1622583164,3.7524,1.6466781065,0.0286839111,0.0362984697
0.4602094226,-0.1481890672,-0.1398299052,-1.3345779884,2.1622147126,3.7524,1.6468478677,0.0286839111,0.0362984697
0.4590534647,-0.1485311918,-0.1386555693,-1.3350225505,2.1621710983,3.7524,1.6470184265,0.0286839111,0.0362984697
0.4578923134,-0.1488752582,-0.137476008,-1.3354694814,2.1621274907,3.7524,1.6471897363,0.0286839111,0.0362984697
0.4567262791,-0.1492211851,-0.1362915382,-1.3359186716,2.162083907,3.7524,1.6473617508,0.0286839111,0.0362984697
0.4555556763,-0.1495688905,-0.1351024804,-1.3363700101,2.1620403649,3.7524,1.647534423,0.0286839111,0.0362984697
0.454380823,-0.1499182909,-0.1339091596,-1.3368233842,2.1619968819,3.7524,1.6477077053,0.0286839111,0.0362984697
0.4532020394,-0.1502693024,-0.1327119021,-1.3372786808,2.1619534757,3.7524,1.64788155,0.0286839111,0.0362984697
0.4520196445,-0.1506218415,-0.1315110336,-1.3377357869,2.161910164,3.7524,1.6480559093,0.0286839111,0.0362984697
0.4508339558,-0.1509758251,-0.1303068778,-1.3381945904,2.1618669646,3.7524,1.6482307358,0.0286839111,0.0362984697
0.4496452893,-0.1513311707,-0.1290997575,-1.3386549796,2.1618238951,3.7524,1.6484059821,0.0286839111,0.0362984697
0.4484539609,-0.1516877957,-0.127889995,-1.3391168431,2.1617809733,3.7524,1.648581601,0.0286839111,0.0362984697
0.4472602865,-0.1520456177,-0.1266779125,-1.3395800693,2.1617382167,3.7524,1.6487575452,0.0286839111,0.0362984697
0.4460645819,-0.1524045543,-0.1254638324,-1.3400445467,2.1616956433,3.7524,1.6489337675,0.0286839111,0.0362984697
0.4448671628,-0.1527645231,-0.1242480768,-1.3405101641,2.1616532707,3.7524,1.6491102205,0.0286839111,0.0362984697
0.4436683446,-0.1531254419,-0.1230309678,-1.34097681,2.1616111168,3.7524,1.6492868571,0.0286839111,0.0362984697
0.4424684424,-0.1534872286,-0.1218128269,-1.3414443734,2.1615691993,3.7524,1.6494636298,0.0286839111,0.0362984697
0.4412677712,-0.1538498012,-0.1205939754,-1.3419127433,2.1615275362,3.7524,1.6496404917,0.0286839111,0.0362984697
0.4400666456,-0.1542130777,-0.1193747346,-1.3423818088,2.1614861452,3.7524,1.6498173954,0.0286839111,0.0362984697
0.43886538,-0.1545769764,-0.1181554254,-1.342851459,2.1614450444,3.7524,1.6499942938,0.0286839111,0.0362984697
0.4376642888,-0.1549414155,-0.1169363686,-1.3433215833,2.1614042515,3.7524,1.6501711397,0.0286839111,0.0362984697
0.4364636862,-0.1553063134,-0.1157178851,-1.343792071,2.1613637847,3.7524,1.6503478859,0.0286839111,0.0362984697
0.4352638861,-0.1556715885,-0.1145002952,-1.3442628115,2.1613236618,3.7524,1.6505244852,0.0286839111,0.0362984697
0.4340652023,-0.1560371594,-0.1132839193,-1.3447336944,2.1612839008,3.7524,1.6507008906,0.0286839111,0.0362984697
0.4328679486,-0.1564029446,-0.1120690778,-1.3452046093,2.1612445199,3.7524,1.6508770549,0.0286839111,0.0362984697
0.4316724385,-0.1567688628,-0.1108560905,-1.3456754459,2.1612055372,3.7524,1.6510529308,0.0286839111,0.0362984697
0.4304789855,-0.1571348327,-0.1096452778,-1.346146094,2.1611669707,3.7524,1.6512284712,0.0286839111,0.0362984697
0.429287903,-0.1575007733,-0.1084369595,-1.3466164433,2.1611288386,3.7524,1.651403629,0.0286839111,0.0362984697
0.4280995043,-0.1578666033,-0.1072314555,-1.3470863837,2.1610911591,3.7524,1.6515783569,0.0286839111,0.0362984697
0.4269141023,-0.1582322418,-0.1060290852,-1.3475558054,2.1610539505,3.7524,1.6517526077,0.0286839111,0.0362984697
0.4257320097,-0.158597608,-0.104830168,-1.3480245984,2.1610172312,3.7524,1.6519263345,0.0286839111,0.0362984697
0.4245535387,-0.1589626213,-0.1036350228,-1.3484926532,2.1609810193,3.7524,1.6520994899,0.0286839111,0.0362984697
0.4233790019,-0.1593272011,-0.1024439686,-1.34895986,2.1609453334,3.7524,1.6522720269,0.0286839111,0.0362984697
0.4222087121,-0.1596912665,-0.1012573251,-1.3494261092,2.1609101918,3.7524,1.6524438982,0.0286839111,0.0362984697
0.4210429828,-0.1600547367,-0.1000754123,-1.3498912907,2.1608756131,3.7524,1.6526150563,0.0286839111,0.0362984697
0.419882128,-0.1604175309,-0.0988985509,-1.3503552944,2.160841616,3.7524,1.6527854539,0.0286839111,0.0362984697
0.4187264603,-0.1607795685,-0.0977270603,-1.3508180108,2.1608082191,3.7524,1.6529550437,0.0286839111,0.0362984697
0.4175762894,-0.1611407703,-0.0965612566,-1.3512793316,2.1607754411,3.7524,1.6531237786,0.0286839111,0.0362984697
0.4164319218,-0.1615010575,-0.0954014533,-1.3517391495,2.1607433004,3.7524,1.6532916123,0.0286839111,0.0362984697
0.4152936629,-0.1618603524,-0.0942479623,-1.3521973582,2.1607118157,3.7524,1.6534584984,0.0286839111,0.0362984697
0.4141618252,-0.1622185747,-0.0931011027,-1.3526538483,2.160681006,3.7524,1.6536243894,0.0286839111,0.0362984697
0.4130367316,-0.1625756414,-0.0919612045,-1.3531085066,2.1606508906,3.7524,1.6537892363,0.0286839111,0.0362984697
0.4119187156,-0.1629314662,-0.0908286083,-1.3535612156,2.1606214894,3.7524,1.6539529886,0.0286839111,0.0362984697
0.4108080988,-0.1632859665,-0.0897036427,-1.3540118628,2.160592822,3.7524,1.6541155972,0.0286839111,0.0362984697
0.409705151,-0.1636390756,-0.0885865837,-1.3544603559,2.1605649061,3.7524,1.6542770211,0.0286839111,0.0362984697
0.4086100852,-0.163990744,-0.0874776496,-1.3549066247,2.1605377577,3.7524,1.654437227,0.0286839111,0.0362984697
0.407523058,-0.1643409395,-0.0863770016,-1.3553506214,2.1605113911,3.7524,1.6545961903,0.0286839111,0.0362984697
0.406444172,-0.1646896466,-0.0852847463,-1.3557923196,2.1604858188,3.7524,1.6547538941,0.0286839111,0.0362984697
0.4053734772,-0.1650368664,-0.0842009366,-1.3562317139,2.160461052,3.7524,1.6549103293,0.0286839111,0.0362984697
0.4043109707,-0.1653826167,-0.0831255721,-1.3566688203,2.1604371004,3.7524,1.6550654944,0.0286839111,0.0362984697
0.4032566211,-0.1657269246,-0.0820586236,-1.3571036665,2.1604139732,3.7524,1.655219392,0.0286839111,0.0362984697
0.4022104071,-0.1660698148,-0.0810000721,-1.3575362766,2.1603916804,3.7524,1.6553720232,0.0286839111,0.0362984697
0.4011723212,-0.1664113086,-0.0799499126,-1.3579666705,2.1603702328,3.7524,1.6555233869,0.0286839111,0.0362984697
0.4001423676,-0.1667514247,-0.0789081526,-1.3583948637,2.1603496421,3.7524,1.6556734802,0.0286839111,0.0362984697
0.3991205514,-0.1670901821,-0.0778748001,-1.3588208724,2.1603299208,3.7524,1.6558223,0.0286839111,0.0362984697
0.3981068736,-0.1674276022,-0.0768498594,-1.359244715,2.1603110815,3.7524,1.6559698436,0.0286839111,0.0362984697
0.3971013316,-0.1677637082,-0.0758333311,-1.3596664123,2.1602931373,3.7524,1.6561161088,0.0286839111,0.0362984697
0.3961039206,-0.1680985251,-0.074825214,-1.3600859865,2.1602761018,3.7524,1.6562610935,0.0286839111,0.0362984697
0.3951146374,-0.1684320784,-0.0738255082,-1.3605034604,2.1602599895,3.7524,1.6564047953,0.0286839111,0.0362984697
0.3941334799,-0.1687643944,-0.0728342155,-1.3609188571,2.1602448154,3.7524,1.6565472115,0.0286839111,0.0362984697
0.3931604475,-0.1690955003,-0.0718513394,-1.3613322003,2.1602305953,3.7524,1.6566883388,0.0286839111,0.0362984697
0.39219554,-0.1694254241,-0.0708768837,-1.3617435147,2.1602173459,3.7524,1.656828174,0.0286839111,0.0362984697
0.3912387572,-0.1697541956,-0.0699108527,-1.362152826,2.1602050848,3.7524,1.6569667136,0.0286839111,0.0362984697
0.3902900989,-0.1700818458,-0.0689532508,-1.3625601614,2.1601938303,3.7524,1.6571039536,0.0286839111,0.0362984697
0.3893495648,-0.1704084075,-0.0680040826,-1.3629655493,2.1601836018,3.7524,1.6572398902,0.0286839111,0.0362984697
0.3884171552,-0.1707339151,-0.0670633535,-1.3633690195,2.1601744198,3.7524,1.6573745191,0.0286839111,0.0362984697
0.3874928704,-0.1710584045,-0.0661310692,-1.3637706034,2.1601663058,3.7524,1.6575078357,0.0286839111,0.0362984697
0.386576711,-0.1713819137,-0.0652072362,-1.3641703338,2.1601592826,3.7524,1.6576398352,0.0286839111,0.0362984697
0.3856686779,-0.1717044829,-0.0642918612,-1.3645682454,2.1601533744,3.7524,1.6577705123,0.0286839111,0.0362984697
0.3847687719,-0.1720261543,-0.0633849516,-1.3649643749,2.1601486067,3.7524,1.6578998615,0.0286839111,0.0362984697
0.3838769938,-0.1723469729,-0.062486515,-1.3653587609,2.1601450066,3.7524,1.6580278769,0.0286839111,0.0362984697
0.3829933444,-0.1726669861,-0.0615965594,-1.3657514446,2.1601426027,3.7524,1.6581545523,0.0286839111,0.0362984697
0.3821178246,-0.1729862443,-0.0607150933,-1.3661424694,2.1601414255,3.7524,1.658279881,0.0286839111,0.0362984697
0.3812504349,-0.1733048011,-0.0598421256,-1.3665318817,2.1601415076,3.7524,1.6584038558,0.0286839111,0.0362984697
0.380391176,-0.1736227134,-0.0589776653,-1.3669197305,2.1601428834,3.7524,1.6585264691,0.0286839111,0.0362984697
0.3795400479,-0.173940042,-0.0581217219,-1.3673060684,2.1601455896,3.7524,1.6586477128,0.0286839111,0.0362984697
0.3786970504,-0.1742568516,-0.0572743051,-1.3676909511,2.1601496656,3.7524,1.6587675782,0.0286839111,0.0362984697
0.3778621829,-0.1745732112,-0.0564354246,-1.3680744384,2.1601551532,3.7524,1.658886056,0.0286839111,0.0362984697
0.377035444,-0.1748891948,-0.0556050904,-1.3684565939,2.1601620972,3.7524,1.6590031365,0.0286839111,0.0362984697
0.3762168315,-0.1752048811,-0.0547833123,-1.368837486,2.1601705453,3.7524,1.6591188089,0.0286839111,0.0362984697
0.3754063422,-0.1755203548,-0.0539701,-1.3692171875,2.1601805486,3.7524,1.6592330621,0.0286839111,0.0362984697
0.3746039719,-0.175835706,-0.0531654627,-1.3695957766,2.1601921619,3.7524,1.6593458839,0.0286839111,0.0362984697
0.3738097145,-0.1761510313,-0.0523694093,-1.3699733369,2.1602054434,3.7524,1.6594572616,0.0286839111,0.0362984697
0.3730235625,-0.1764664341,-0.0515819478,-1.3703499576,2.1602204556,3.7524,1.6595671814,0.0286839111,0.0362984697
0.3722455061,-0.1767820243,-0.050803085,-1.370725734,2.1602372649,3.7524,1.6596756287,0.0286839111,0.0362984697
0.3714755329,-0.177097919,-0.0500328262,-1.3711007678,2.1602559419,3.7524,1.659782588,0.0286839111,0.0362984697
0.3707136277,-0.1774142426,-0.0492711749,-1.3714751664,2.1602765616,3.7524,1.6598880428,0.0286839111,0.0362984697
0.3699597718,-0.177731126,-0.0485181322,-1.3718490436,2.1602992028,3.7524,1.6599919759,0.0286839111,0.0362984697
0.3692139424,-0.1780487062,-0.047773696,-1.3722225184,2.1603239481,3.7524,1.660094369,0.0286839111,0.0362984697
0.3684761127,-0.1783671253,-0.0470378606,-1.3725957139,2.1603508832,3.7524,1.6601952033,0.0286839111,0.0362984697
0.3677462505,-0.1786865285,-0.046310616,-1.3729687563,2.1603800957,3.7524,1.6602944594,0.0286839111,0.0362984697
0.3670243175,-0.1790070627,-0.0455919455,-1.3733417733,2.1604116739,3.7524,1.6603921177,0.0286839111,0.0362984697
0.3663102648,-0.1793288753,-0.0448818223,-1.3737148936,2.1604457057,3.7524,1.6604881593,0.0286839111,0.0362984697
0.365604028,-0.1796521144,-0.0441802033,-1.3740882479,2.1604822776,3.7524,1.6605825667,0.0286839111,0.0362984697
0.3649055213,-0.1799769289,-0.043487023,-1.3744619694,2.1605214731,3.7524,1.660675325,0.0286839111,0.0362984697
0.3642146317,-0.180303468,-0.0428021879,-1.3748361943,2.160563372,3.7524,1.6607664229,0.0286839111,0.0362984697
0.3635312135,-0.1806318814,-0.04212557,-1.3752110628,2.1606080486,3.7524,1.6608558535,0.0286839111,0.0362984697
0.3628550831,-0.1809623191,-0.0414570017,-1.3755867191,2.1606555707,3.7524,1.6609436159,0.0286839111,0.0362984697
0.3621860151,-0.1812949306,-0.0407962713,-1.3759633118,2.1607059984,3.7524,1.6610297155,0.0286839111,0.0362984697
0.3615237389,-0.1816298655,-0.0401431194,-1.3763409946,2.1607593831,3.7524,1.6611141648,0.0286839111,0.0362984697
0.3608679365,-0.1819672729,-0.0394972365,-1.3767199264,2.1608157672,3.7524,1.6611969844,0.0286839111,0.0362984697
0.3602182523,-0.1823072928,-0.0388582725,-1.3771002623,2.1608751803,3.7524,1.6612782019,0.0286839111,0.0362984697
0.3595743189,-0.1826500371,-0.0382258599,-1.3774821344,2.1609376331,3.7524,1.6613578504,0.0286839111,0.0362984697
0.3589357758,-0.182995577,-0.0375996333,-1.3778656387,2.1610031134,3.7524,1.6614359669,0.0286839111,0.0362984697
0.3583022759,-0.1833439449,-0.0369792348,-1.3782508362,2.1610715879,3.7524,1.6615125915,0.0286839111,0.0362984697
0.357673483,-0.1836951428,-0.0363643135,-1.3786377605,2.1611430066,3.7524,1.6615877671,0.0286839111,0.0362984697
0.3570490711,-0.1840491501,-0.0357545256,-1.379026425,2.161217307,3.7524,1.6616615383,0.0286839111,0.0362984697
0.3564287217,-0.1844059305,-0.0351495327,-1.3794168291,2.1612944177,3.7524,1.6617339515,0.0286839111,0.0362984697
0.3558121222,-0.1847654376,-0.0345490005,-1.3798089633,2.1613742612,3.7524,1.6618050547,0.0286839111,0.0362984697
0.3551989639,-0.1851276185,-0.033952598,-1.3802028126,2.161456756,3.7524,1.6618748965,0.0286839111,0.0362984697
0.3545889418,-0.1854924172,-0.033359997,-1.3805983592,2.1615418183,3.7524,1.6619435267,0.0286839111,0.0362984697
0.3539817532,-0.1858597763,-0.0327708716,-1.3809955848,2.161629363,3.7524,1.6620109954,0.0286839111,0.0362984697
0.3533770969,-0.1862296395,-0.0321848972,-1.3813944716,2.1617193051,3.7524,1.6620773532,0.0286839111,0.0362984697
0.3527746729,-0.1866019518,-0.0316017504,-1.3817950039,2.1618115599,3.7524,1.6621426513,0.0286839111,0.0362984697
0.3521741816,-0.1869766609,-0.0310211087,-1.3821971682,2.1619060435,3.7524,1.6622069407,0.0286839111,0.0362984697
0.3515753233,-0.1873537172,-0.0304426495,-1.3826009539,2.1620026734,3.7524,1.6622702728,0.0286839111,0.0362984697
0.3509777983,-0.1877330739,-0.0298660508,-1.3830063529,2.1621013678,3.7524,1.6623326993,0.0286839111,0.0362984697
0.3503813066,-0.1881146872,-0.0292909903,-1.3834133603,2.1622020463,3.7524,1.6623942717,0.0286839111,0.0362984697
0.3497855474,-0.188498516,-0.0287171453,-1.3838219735,2.1623046297,3.7524,1.662455042,0.0286839111,0.0362984697
0.3491902197,-0.1888845215,-0.028144193,-1.3842321924,2.1624090396,3.7524,1.6625150621,0.0286839111,0.0362984697
0.3485950216,-0.189272667,-0.0275718099,-1.3846440188,2.1625151983,3.7524,1.6625743841,0.0286839111,0.0362984697
0.3479996504,-0.1896629176,-0.0269996722,-1.3850574565,2.1626230289,3.7524,1.6626330603,0.0286839111,0.0362984697
0.3474038031,-0.1900552394,-0.0264274553,-1.3854725101,2.1627324547,3.7524,1.6626911431,0.0286839111,0.0362984697
0.3468071759,-0.1904495995,-0.0258548343,-1.3858891855,2.1628433991,3.7524,1.6627486853,0.0286839111,0.0362984697
0.3462094645,-0.1908459652,-0.0252814835,-1.3863074889,2.1629557854,3.7524,1.6628057397,0.0286839111,0.0362984697
0.3456103642,-0.1912443036,-0.0247070769,-1.3867274264,2.1630695366,3.7524,1.6628623597,0.0286839111,0.0362984697
0.34500957,-0.1916445812,-0.0241312877,-1.3871490037,2.1631845747,3.7524,1.6629185987,0.0286839111,0.0362984697
0.3444067766,-0.1920467629,-0.0235537888,-1.3875722255,2.1633008209,3.7524,1.6629745108,0.0286839111,0.0362984697
0.3438016789,-0.1924508123,-0.0229742528,-1.3879970951,2.1634181953,3.7524,1.6630301503,0.0286839111,0.0362984697
0.3431939718,-0.1928566903,-0.0223923521,-1.3884236138,2.1635366161,3.7524,1.6630855719,0.0286839111,0.0362984697
0.3425833504,-0.193264355,-0.0218077588,-1.3888517806,2.1636559997,3.7524,1.6631408311,0.0286839111,0.0362984697
0.3419695107,-0.1936737611,-0.0212201451,-1.3892815915,2.1637762604,3.7524,1.6631959838,0.0286839111,0.0362984697
0.3413521494,-0.1940848593,-0.0206291837,-1.3897130389,2.16389731,3.7524,1.6632510864,0.0286839111,0.0362984697
0.3407309645,-0.194497596,-0.0200345474,-1.3901461118,2.1640190576,3.7524,1.6633061962,0.0286839111,0.0362984697
0.3401056556,-0.1949119127,-0.0194359103,-1.3905807948,2.1641414091,3.7524,1.663361371,0.0286839111,0.0362984697
0.3394759242,-0.1953277457,-0.0188329474,-1.3910170679,2.1642642677,3.7524,1.6634166693,0.0286839111,0.0362984697
0.3388414744,-0.1957450262,-0.0182253355,-1.391454907,2.1643875331,3.7524,1.6634721504,0.0286839111,0.0362984697
0.3382020131,-0.1961636804,-0.0176127536,-1.3918942831,2.1645111023,3.7524,1.6635278744,0.0286839111,0.0362984697
0.3375572506,-0.1965836299,-0.0169948836,-1.3923351638,2.1646348692,3.7524,1.6635839018,0.0286839111,0.0362984697
0.3369069014,-0.1970047933,-0.0163714106,-1.3927775134,2.1647587261,3.7524,1.6636402937,0.0286839111,0.0362984697
0.3362506843,-0.1974270871,-0.015742024,-1.3932212948,2.1648825638,3.7524,1.6636971116,0.0286839111,0.0362984697
0.335588324,-0.197850428,-0.0151064194,-1.3936664707,2.1650062735,3.7524,1.6637544169,0.0286839111,0.0362984697
0.3349195554,-0.1982747331,-0.0144643026,-1.3941130038,2.1651297477,3.7524,1.6638122701,0.0286839111,0.0362984697
0.3342441286,-0.1986999205,-0.0138153955,-1.3945608559,2.165252881,3.7524,1.6638707301,0.0286839111,0.0362984697
0.3335618146,-0.1991259086,-0.0131594419,-1.3950099875,2.1653755718,3.7524,1.6639298531,0.0286839111,0.0362984697
0.3328724111,-0.1995526168,-0.0124962136,-1.395460357,2.1654977233,3.7524,1.6639896913,0.0286839111,0.0362984697
0.3321757483,-0.1999799649,-0.0118255167,-1.39591192,2.1656192447,3.7524,1.6640502921,0.0286839111,0.0362984697
0.3314716938,-0.2004078741,-0.0111471969,-1.3963646288,2.1657400524,3.7524,1.6641116973,0.0286839111,0.0362984697
0.3307601567,-0.2008362665,-0.0104611434,-1.3968184323,2.1658600715,3.7524,1.6641739415,0.0286839111,0.0362984697
0.3300410911,-0.2012650656,-0.0097672933,-1.3972732749,2.1659792364,3.7524,1.6642370522,0.0286839111,0.0362984697
0.3293144979,-0.2016941964,-0.0090656334,-1.3977290972,2.1660974913,3.7524,1.6643010486,0.0286839111,0.0362984697
0.3285804152,-0.2021235937,-0.0083561911,-1.3981858436,2.1662147939,3.7524,1.6643659427,0.0286839111,0.0362984697
0.3278388931,-0.2025532216,-0.007639011,-1.3986434828,2.1663311215,3.7524,1.6644317404,0.0286839111,0.0362984697
0.3270899738,-0.2029830857,-0.0069141354,-1.3991020202,2.1664464752,3.7524,1.6644984438,0.0286839111,0.0362984697
0.3263336863,-0.2034132314,-0.006181599,-1.3995614967,2.1665608777,3.7524,1.6645660512,0.0286839111,0.0362984697
0.325570048,-0.2038437351,-0.0054414294,-1.4000219813,2.1666743692,3.7524,1.6646345584,0.0286839111,0.0362984697
0.324799066,-0.2042746971,-0.0046936467,-1.400483564,2.1667870032,3.7524,1.6647039585,0.0286839111,0.0362984697
0.3240207394,-0.2047062338,-0.0039382658,-1.4009463492,2.1668988427,3.7524,1.6647742428,0.0286839111,0.0362984697
0.3232350615,-0.2051384726,-0.0031752972,-1.4014104507,2.1670099577,3.7524,1.6648454008,0.0286839111,0.0362984697
0.3224420209,-0.2055715483,-0.0024047479,-1.4018759885,2.1671204229,3.7524,1.6649174207,0.0286839111,0.0362984697
0.3216416025,-0.2060055995,-0.0016266222,-1.4023430858,2.1672303159,3.7524,1.6649902894,0.0286839111,0.0362984697
0.3208337885,-0.2064407667,-0.0008409218,-1.4028118667,2.1673397165,3.7524,1.6650639928,0.0286839111,0.0362984697
0.3200185592,-0.2068771904,-4.76469e-05,-1.4032824551,2.1674487052,3.7524,1.6651385162,0.0286839111,0.0362984697
0.3191958936,-0.20731501,0.0007532033,-1.4037549736,2.1675573629,3.7524,1.6652138438,0.0286839111,0.0362984697
0.3183657701,-0.2077543633,0.0015616308,-1.4042295426,2.1676657703,3.7524,1.6652899594,0.0286839111,0.0362984697
0.3175281664,-0.2081953858,0.0023776377,-1.40470628,2.1677740081,3.7524,1.6653668458,0.0286839111,0.0362984697
0.3166830604,-0.2086382107,0.0032012265,-1.4051853013,2.1678821564,3.7524,1.6654444855,0.0286839111,0.0362984697
0.31583043,-0.2090829689,0.0040323996,-1.4056667194,2.1679902952,3.7524,1.6655228601,0.0286839111,0.0362984697
0.3149702532,-0.2095297891,0.0048711593,-1.4061506447,2.168098504,3.7524,1.6656019504,0.0286839111,0.0362984697
0.3141025087,-0.2099787981,0.0057175073,-1.4066371853,2.1682068625,3.7524,1.6656817368,0.0286839111,0.0362984697
0.3132271753,-0.2104301209,0.0065714452,-1.4071264473,2.1683154502,3.7524,1.6657621985,0.0286839111,0.0362984697
0.3123442324,-0.2108838816,0.0074329739,-1.4076185353,2.1684243472,3.7524,1.6658433142,0.0286839111,0.0362984697
0.3114536596,-0.2113402031,0.0083020938,-1.4081135523,2.1685336341,3.7524,1.6659250615,0.0286839111,0.0362984697
0.3105554373,-0.2117992077,0.0091788046,-1.4086116004,2.1686433923,3.7524,1.6660074171,0.0286839111,0.0362984697
0.3096495481,-0.2122610169,0.0100631032,-1.4091127795,2.168753704,3.7524,1.6660903563,0.0286839111,0.0362984697
0.3087359804,-0.2127257495,0.0109549807,-1.4096171866,2.1688646523,3.7524,1.666173853,0.0286839111,0.0362984697
0.3078147308,-0.2131935213,0.0118544199,-1.4101249144,2.1689763208,3.7524,1.666257879,0.0286839111,0.0362984697
0.3068858052,-0.2136644442,0.0127613938,-1.4106360504,2.169088794,3.7524,1.6663424042,0.0286839111,0.0362984697
0.3059492194,-0.2141386272,0.0136758652,-1.4111506779,2.1692021571,3.7524,1.6664273961,0.0286839111,0.0362984697
0.3050049989,-0.2146161757,0.0145977871,-1.4116688756,2.1693164968,3.7524,1.6665128202,0.0286839111,0.0362984697
0.3040531796,-0.2150971924,0.0155271014,-1.4121907178,2.1694319009,3.7524,1.6665986393,0.0286839111,0.0362984697
0.3030938077,-0.215581777,0.0164637393,-1.4127162744,2.1695484588,3.7524,1.6666848139,0.0286839111,0.0362984697
0.3021269399,-0.2160700267,0.0174076211,-1.4132456111,2.1696662618,3.7524,1.6667713017,0.0286839111,0.0362984697
0.301152644,-0.2165620361,0.0183586553,-1.4137787894,2.1697854028,3.7524,1.6668580579,0.0286839111,0.0362984697
0.3001709985,-0.2170578972,0.0193167391,-1.4143158667,2.169905977,3.7524,1.6669450348,0.0286839111,0.0362984697
0.2991820931,-0.2175576998,0.0202817579,-1.4148568963,2.1700280818,3.7524,1.6670321816,0.0286839111,0.0362984697
0.2981860289,-0.2180615315,0.0212535851,-1.4154019275,2.170151817,3.7524,1.6671194448,0.0286839111,0.0362984697
0.2971829183,-0.2185694776,0.0222320818,-1.4159510055,2.1702772846,3.7524,1.6672067677,0.0286839111,0.0362984697
0.2961728851,-0.2190816217,0.0232170972,-1.4165041716,2.1704045898,3.7524,1.6672940902,0.0286839111,0.0362984697
0.2951560651,-0.219598045,0.0242084674,-1.4170614628,2.1705338401,3.7524,1.6673813491,0.0286839111,0.0362984697
0.2941326061,-0.2201188265,0.0252060158,-1.4176229119,2.1706651462,3.7524,1.6674684777,0.0286839111,0.0362984697
0.2931026622,-0.2206440467,0.0262095586,-1.4181885513,2.1707986225,3.7524,1.6675554062,0.0286839111,0.0362984697
0.2920664257,-0.2211737688,0.0272188735,-1.4187583932,2.1709343818,3.7524,1.6676420597,0.0286839111,0.0362984697
0.2910241487,-0.2217080265,0.02823368,-1.4193324175,2.1710725304,3.7524,1.6677283573,0.0286839111,0.0362984697
0.2899761227,-0.2222468339,0.0292536584,-1.4199105824,2.171213171,3.7524,1.6678142138,0.0286839111,0.0362984697
0.2889226391,-0.2227902082,0.0302784882,-1.4204928474,2.1713564101,3.7524,1.6678995415,0.0286839111,0.0362984697
0.2878639882,-0.22333817,0.031307849,-1.4210791746,2.1715023582,3.7524,1.6679842507,0.0286839111,0.0362984697
0.2868004588,-0.2238907439,0.0323414208,-1.4216695278,2.1716511299,3.7524,1.668068249,0.0286839111,0.0362984697
0.285732338,-0.2244479579,0.0333788839,-1.4222638734,2.1718028445,3.7524,1.6681514418,0.0286839111,0.0362984697
0.2846599115,-0.225009844,0.0344199191,-1.4228621796,2.1719576251,3.7524,1.6682337322,0.0286839111,0.0362984697
0.283583463,-0.2255764376,0.0354642077,-1.4234644169,2.1721155995,3.7524,1.6683150203,0.0286839111,0.0362984697
0.2825032747,-0.2261477776,0.0365114318,-1.4240705575,2.1722768997,3.7524,1.6683952041,0.0286839111,0.0362984697
0.2814196267,-0.2267239063,0.0375612741,-1.4246805752,2.1724416617,3.7524,1.6684741787,0.0286839111,0.0362984697
0.2803327972,-0.2273048684,0.0386134182,-1.4252944452,2.1726100258,3.7524,1.6685518368,0.0286839111,0.0362984697
0.2792430624,-0.2278907114,0.0396675485,-1.4259121436,2.1727821357,3.7524,1.6686280687,0.0286839111,0.0362984697
0.2781506967,-0.2284814845,0.0407233505,-1.4265336471,2.1729581386,3.7524,1.6687027622,0.0286839111,0.0362984697
0.2770559723,-0.2290772381,0.0417805109,-1.4271589321,2.1731381845,3.7524,1.6687758028,0.0286839111,0.0362984697
0.2759591597,-0.2296780227,0.0428387174,-1.4277879744,2.1733224254,3.7524,1.6688470744,0.0286839111,0.0362984697
0.2748605274,-0.2302838881,0.0438976593,-1.428420748,2.173511015,3.7524,1.6689164589,0.0286839111,0.0362984697
0.2737603419,-0.2308948825,0.0449570275,-1.4290572249,2.173704107,3.7524,1.6689838369,0.0286839111,0.0362984697
0.272658866,-0.231511052,0.0460165166,-1.429697375,2.1739018557,3.7524,1.6690490884,0.0286839111,0.0362984697
0.2715563569,-0.2321324411,0.0470758267,-1.4303411662,2.1741044143,3.7524,1.6691120927,0.0286839111,0.0362984697
0.2704530649,-0.2327590921,0.0481346652,-1.4309885649,2.1743119352,3.7524,1.6691727292,0.0286839111,0.0362984697
0.2693492312,-0.2333910452,0.0491927487,-1.4316395363,2.1745245688,3.7524,1.6692308781,0.0286839111,0.0362984697
0.2682450861,-0.2340283386,0.0502498051,-1.4322940442,2.174742463,3.7524,1.6692864207,0.0286839111,0.0362984697
0.267140848,-0.2346710079,0.0513055755,-1.4329520518,2.1749657626,3.7524,1.6693392398,0.0286839111,0.0362984697
0.266036721,-0.2353190865,0.0523598157,-1.4336135215,2.1751946085,3.7524,1.6693892208,0.0286839111,0.0362984697
0.2649328937,-0.2359726049,0.0534122983,-1.4342784152,2.1754291372,3.7524,1.6694362517,0.0286839111,0.0362984697
0.2638295382,-0.2366315909,0.0544628138,-1.4349466948,2.1756694796,3.7524,1.6694802239,0.0286839111,0.0362984697
0.2627268084,-0.2372960694,0.0555111722,-1.4356183219,2.1759157611,3.7524,1.669521033,0.0286839111,0.0362984697
0.2616248396,-0.237966062,0.0565572038,-1.436293258,2.1761681001,3.7524,1.6695585788,0.0286839111,0.0362984697
0.2605237477,-0.2386415871,0.0576007606,-1.436971465,2.176426608,3.7524,1.6695927661,0.0286839111,0.0362984697
0.2594236289,-0.2393226591,0.058641716,-1.4376529046,2.1766913884,3.7524,1.6696235051,0.0286839111,0.0362984697
0.258324559,-0.2400092888,0.0596799657,-1.4383375386,2.1769625367,3.7524,1.6696507116,0.0286839111,0.0362984697
0.2572265924,-0.2407014839,0.0607154295,-1.4390253302,2.1772401398,3.7524,1.6696743076,0.0286839111,0.0362984697
0.256129759,-0.2413992503,0.061748054,-1.4397162451,2.1775242761,3.7524,1.669694222,0.0286839111,0.0362984697
0.2550340623,-0.2421025933,0.0627778144,-1.4404102529,2.177815016,3.7524,1.6697103905,0.0286839111,0.0362984697
0.2539394795,-0.2428115178,0.0638047144,-1.441107328,2.1781124211,3.7524,1.6697227563,0.0286839111,0.0362984697
0.2528459622,-0.2435260286,0.0648287858,-1.4418074489,2.1784165451,3.7524,1.6697312697,0.0286839111,0.0362984697
0.2517534397,-0.244246129,0.0658500854,-1.4425105974,2.1787274325,3.7524,1.6697358885,0.0286839111,0.0362984697
0.2506618275,-0.2449718144,0.066868687,-1.4432167531,2.1790451153,3.7524,1.6697365785,0.0286839111,0.0362984697
0.2495710354,-0.2457030676,0.0678846744,-1.4439258883,2.1793696102,3.7524,1.6697333143,0.0286839111,0.0362984697
0.2484809674,-0.2464398594,0.0688981411,-1.4446379692,2.1797009193,3.7524,1.6697260791,0.0286839111,0.0362984697
0.2473915213,-0.2471821507,0.0699091902,-1.4453529575,2.1800390312,3.7524,1.6697148642,0.0286839111,0.0362984697
0.2463025884,-0.2479298939,0.0709179354,-1.4460708111,2.1803839219,3.7524,1.6696996688,0.0286839111,0.0362984697
0.2452140524,-0.2486830343,0.0719245007,-1.4467914858,2.1807355562,3.7524,1.6696804995,0.0286839111,0.0362984697
0.2441257891,-0.2494415118,0.0729290211,-1.4475149364,2.1810938885,3.7524,1.6696573703,0.0286839111,0.0362984697
0.243037666,-0.2502052622,0.0739316425,-1.4482411177,2.1814588643,3.7524,1.6696303015,0.0286839111,0.0362984697
0.2419495419,-0.2509742182,0.0749325221,-1.448969985,2.1818304205,3.7524,1.66959932,0.0286839111,0.0362984697
0.2408612657,-0.251748311,0.0759318288,-1.4497014962,2.1822084869,3.7524,1.6695644588,0.0286839111,0.0362984697
0.2397726764,-0.2525274715,0.0769297439,-1.4504356118,2.182592987,3.7524,1.6695257562,0.0286839111,0.0362984697
0.2386836085,-0.2533116272,0.0779264549,-1.4511722923,2.1829838374,3.7524,1.6694832557,0.0286839111,0.0362984697
0.2375938592,-0.2541007227,0.0789221871,-1.4519115181,2.1833809551,3.7524,1.6694370072,0.0286839111,0.0362984697
0.2365031674,-0.254894732,0.0799172236,-1.4526533027,2.1837842623,3.7524,1.6693870675,0.0286839111,0.0362984697
0.2354112331,-0.2556936496,0.0809118859,-1.4533976825,2.1841936848,3.7524,1.6693334986,0.0286839111,0.0362984697
0.2343177572,-0.2564974688,0.0819064959,-1.4541446936,2.1846091453,3.7524,1.6692763648,0.0286839111,0.0362984697
0.233222442,-0.2573061815,0.0829013749,-1.4548943724,2.1850305634,3.7524,1.6692157327,0.0286839111,0.0362984697
0.2321249914,-0.2581197789,0.0838968436,-1.4556467552,2.1854578567,3.7524,1.6691516707,0.0286839111,0.0362984697
0.2310251107,-0.2589382524,0.0848932218,-1.4564018791,2.1858909411,3.7524,1.6690842486,0.0286839111,0.0362984697
0.2299225066,-0.2597615934,0.0858908283,-1.457159782,2.1863297316,3.7524,1.6690135376,0.0286839111,0.0362984697
0.2288168871,-0.260589795,0.0868899814,-1.4579205036,2.1867741427,3.7524,1.6689396095,0.0286839111,0.0362984697
0.227707961,-0.2614228522,0.087890998,-1.4586840854,2.1872240897,3.7524,1.6688625366,0.0286839111,0.0362984697
0.2265954383,-0.2622607629,0.0888941944,-1.4594505714,2.1876794893,3.7524,1.6687823913,0.0286839111,0.0362984697
0.2254790291,-0.2631035292,0.0898998858,-1.4602200093,2.1881402608,3.7524,1.6686992452,0.0286839111,0.0362984697
0.224358457,-0.2639511488,0.0909083749,-1.4609924422,2.1886063214,3.7524,1.6686131701,0.0286839111,0.0362984697
0.2232335855,-0.2648035229,0.0919198377,-1.4617678264,2.1890775331,3.7524,1.6685242502,0.0286839111,0.0362984697
0.2221044551,-0.2656604297,0.0929342903,-1.4625460075,2.189553687,3.7524,1.6684325851,0.0286839111,0.0362984697
0.2209711328,-0.266521636,0.0939517237,-1.46332682,2.1900345691,3.7524,1.6683382751,0.0286839111,0.0362984697
0.2198336832,-0.2673869194,0.0949721291,-1.4641101067,2.190519974,3.7524,1.6682414168,0.0286839111,0.0362984697
0.2186921695,-0.2682560682,0.0959954964,-1.4648957182,2.1910097054,3.7524,1.6681421031,0.0286839111,0.0362984697
0.2175466558,-0.2691288813,0.0970218125,-1.4656835127,2.1915035767,3.7524,1.6680404223,0.0286839111,0.0362984697
0.2163972079,-0.2700051684,0.0980510594,-1.4664733551,2.1920014123,3.7524,1.667936457,0.0286839111,0.0362984697
0.2152438951,-0.2708847497,0.0990832123,-1.4672651168,2.1925030485,3.7524,1.6678302837,0.0286839111,0.0362984697
0.2140867918,-0.2717674568,0.100118238,-1.4680586755,2.1930083345,3.7524,1.6677219713,0.0286839111,0.0362984697
0.212925979,-0.2726531315,0.1011560928,-1.4688539141,2.1935171332,3.7524,1.6676115806,0.0286839111,0.0362984697
0.2117615454,-0.2735416268,0.1021967208,-1.4696507204,2.1940293227,3.7524,1.6674991632,0.0286839111,0.0362984697
0.210593589,-0.2744328062,0.1032400523,-1.4704489865,2.1945447971,3.7524,1.6673847603,0.0286839111,0.0362984697
0.2094222188,-0.2753265438,0.1042860018,-1.471248608,2.1950634674,3.7524,1.6672684018,0.0286839111,0.0362984697
0.2082475551,-0.276222724,0.1053344671,-1.4720494831,2.1955852624,3.7524,1.6671501058,0.0286839111,0.0362984697
0.2070697313,-0.277121241,0.1063853272,-1.4728515123,2.1961101293,3.7524,1.6670298773,0.0286839111,0.0362984697
0.2058888946,-0.2780219988,0.107438442,-1.4736545976,2.1966380347,3.7524,1.6669077077,0.0286839111,0.0362984697
0.2047052061,-0.2789249103,0.1084936509,-1.4744586414,2.1971689641,3.7524,1.6667835745,0.0286839111,0.0362984697
0.2035188422,-0.2798298973,0.1095507727,-1.4752635462,2.1977029229,3.7524,1.6666574407,0.0286839111,0.0362984697
0.202329994,-0.2807368894,0.110609605,-1.4760692139,2.1982399358,3.7524,1.6665292547,0.0286839111,0.0362984697
0.2011388673,-0.2816458233,0.1116699246,-1.476875545,2.1987800464,3.7524,1.6663989502,0.0286839111,0.0362984697
0.199945683,-0.2825566419,0.1127314875,-1.4776824376,2.1993233168,3.7524,1.6662664467,0.0286839111,0.0362984697
0.1987506761,-0.2834692935,0.11379403,-1.4784897874,2.1998698262,3.7524,1.6661316499,0.0286839111,0.0362984697
0.1975540948,-0.2843837302,0.1148572697,-1.4792974867,2.2004196699,3.7524,1.6659944522,0.0286839111,0.0362984697
0.1963562004,-0.2852999071,0.1159209064,-1.4801054234,2.2009729574,3.7524,1.6658547341,0.0286839111,0.0362984697
0.1951572641,-0.2862177815,0.1169846252,-1.480913482,2.2015298111,3.7524,1.6657123649,0.0286839111,0.0362984697
0.193957559,-0.2871373181,0.118048105,-1.4817215486,2.202090368,3.7524,1.6655672035,0.0286839111,0.0362984697
0.1927573519,-0.2880584925,0.1191110256,-1.4825295142,2.20265478,3.7524,1.6654190994,0.0286839111,0.0362984697
0.1915569045,-0.2889812884,0.1201730683,-1.4833372741,2.203223211,3.7524,1.665267894,0.0286839111,0.0362984697
0.1903564722,-0.2899056962,0.1212339173,-1.4841447264,2.2037958346,3.7524,1.6651134224,0.0286839111,0.0362984697
0.1891563023,-0.2908317125,0.122293262,-1.4849517729,2.2043728326,3.7524,1.6649555146,0.0286839111,0.0362984697
0.1879566323,-0.2917593402,0.1233507993,-1.4857583196,2.204954394,3.7524,1.6647939966,0.0286839111,0.0362984697
0.1867576882,-0.2926885882,0.1244062355,-1.4865642765,2.2055407134,3.7524,1.6646286908,0.0286839111,0.0362984697
0.1855596832,-0.2936194709,0.125459288,-1.4873695586,2.2061319904,3.7524,1.664459418,0.0286839111,0.0362984697
0.1843628172,-0.2945520082,0.1265096863,-1.4881740853,2.206728428,3.7524,1.6642859972,0.0286839111,0.0362984697
0.1831672762,-0.295486225,0.127557173,-1.4889777813,2.2073302318,3.7524,1.6641082471,0.0286839111,0.0362984697
0.1819732314,-0.2964221509,0.1286015049,-1.4897805762,2.2079376094,3.7524,1.6639259866,0.0286839111,0.0362984697
0.1807808403,-0.2973598192,0.1296424521,-1.4905824038,2.2085507684,3.7524,1.6637390357,0.0286839111,0.0362984697
0.1795902437,-0.2982992687,0.1306798012,-1.4913832043,2.2091699177,3.7524,1.6635472152,0.0286839111,0.0362984697
0.1784016414,-0.2992404754,0.131713295,-1.4921828726,2.2097952096,3.7524,1.6633503731,0.0286839111,0.0362984697
0.1772153091,-0.3001833363,0.1327426201,-1.492981247,2.2104267232,3.7524,1.663148393,0.0286839111,0.0362984697
0.1760315277,-0.3011277322,0.1337674639,-1.4937781582,2.2110645161,3.7524,1.6629411718,0.0286839111,0.0362984697
0.1748505863,-0.3020735258,0.1347875126,-1.4945734272,2.2117086223,3.7524,1.662728621,0.0286839111,0.0362984697
0.1736727808,-0.3030205627,0.1358024525,-1.4953668669,2.2123590526,3.7524,1.6625106667,0.0286839111,0.0362984697
0.1724984141,-0.3039686706,0.1368119695,-1.4961582813,2.2130157935,3.7524,1.6622872501,0.0286839111,0.0362984697
0.1713277971,-0.30491766,0.1378157493,-1.4969474665,2.2136788076,3.7524,1.6620583277,0.0286839111,0.0362984697
0.1701612467,-0.3058673247,0.1388134779,-1.4977342105,2.214348034,3.7524,1.661823871,0.0286839111,0.0362984697
0.168999082,-0.3068174464,0.1398048456,-1.4985182972,2.2150233922,3.7524,1.6615838648,0.0286839111,0.0362984697
0.1678416195,-0.307767798,0.1407895496,-1.4992995087,2.2157047853,3.7524,1.6613383056,0.0286839111,0.0362984697
0.1666891747,-0.3087181438,0.1417672941,-1.5000776248,2.2163921001,3.7524,1.6610872013,0.0286839111,0.0362984697
0.1655420483,-0.309668248,0.142737801,-1.5008524315,2.2170852122,3.7524,1.6608305703,0.0286839111,0.0362984697
0.1644004011,-0.3106179675,0.1437009235,-1.5016238031,2.2177840402,3.7524,1.6605684289,0.0286839111,0.0362984697
0.1632642164,-0.311567279,0.1446566786,-1.5023917266,2.2184885617,3.7524,1.6603007873,0.0286839111,0.0362984697
0.1621334515,-0.3125161686,0.1456051126,-1.5031562029,2.219198749,3.7524,1.6600276646,0.0286839111,0.0362984697
0.1610080663,-0.31346461,0.1465462744,-1.5039172278,2.2199145559,3.7524,1.659749092,0.0286839111,0.0362984697
0.1598880224,-0.3144125662,0.1474802165,-1.5046747928,2.2206359187,3.7524,1.6594651123,0.0286839111,0.0362984697
0.1587732837,-0.3153599889,0.1484069952,-1.5054288855,2.2213627561,3.7524,1.6591757804,0.0286839111,0.0362984697
0.1576638164,-0.316306819,0.1493266697,-1.5061794896,2.2220949687,3.7524,1.6588811636,0.0286839111,0.0362984697
0.1565595898,-0.3172529862,0.1502393021,-1.5069265846,2.2228324387,3.7524,1.6585813414,0.0286839111,0.0362984697
0.1554605763,-0.3181984089,0.1511449573,-1.5076701462,2.2235750301,3.7524,1.6582764063,0.0286839111,0.0362984697
0.1543667519,-0.3191429947,0.1520437023,-1.5084101467,2.2243225877,3.7524,1.6579664635,0.0286839111,0.0362984697
0.1532780969,-0.3200866398,0.1529356064,-1.5091465544,2.2250749374,3.7524,1.6576516319,0.0286839111,0.0362984697
0.1521945958,-0.3210292299,0.1538207408,-1.509879335,2.2258318856,3.7524,1.6573320439,0.0286839111,0.0362984697
0.1511162378,-0.3219706394,0.1546991782,-1.5106084507,2.2265932189,3.7524,1.657007846,0.0286839111,0.0362984697
0.150043017,-0.3229107328,0.1555709932,-1.5113338616,2.227358704,3.7524,1.6566791991,0.0286839111,0.0362984697
0.1489749328,-0.3238493642,0.1564362619,-1.5120555257,2.2281280879,3.7524,1.6563462786,0.0286839111,0.0362984697
0.1479119895,-0.324786378,0.1572950619,-1.5127733992,2.2289010974,3.7524,1.6560092747,0.0286839111,0.0362984697
0.1468541972,-0.3257216095,0.1581474719,-1.513487437,2.2296774398,3.7524,1.6556683922,0.0286839111,0.0362984697
0.145801571,-0.3266548852,0.158993572,-1.5141975935,2.2304568029,3.7524,1.6553238508,0.0286839111,0.0362984697
0.1447541319,-0.327586024,0.1598334435,-1.514903823,2.2312388558,3.7524,1.6549758845,0.0286839111,0.0362984697
0.143711906,-0.3285148376,0.1606671686,-1.5156060799,2.2320232495,3.7524,1.6546247416,0.0286839111,0.0362984697
0.1426749246,-0.3294411316,0.1614948304,-1.5163043202,2.2328096179,3.7524,1.654270684,0.0286839111,0.0362984697
0.141643224,-0.330364707,0.1623165131,-1.5169985011,2.2335975792,3.7524,1.6539139864,0.0286839111,0.0362984697
0.1406168455,-0.3312853609,0.1631323014,-1.5176885825,2.2343867377,3.7524,1.6535549357,0.0286839111,0.0362984697
0.1395958343,-0.3322028883,0.1639422806,-1.5183745272,2.2351766853,3.7524,1.6531938291,0.0286839111,0.0362984697
0.1385802396,-0.3331170835,0.1647465363,-1.5190563017,2.2359670039,3.7524,1.6528309733,0.0286839111,0.0362984697
0.1375701141,-0.3340277415,0.1655451541,-1.5197338767,2.2367572681,3.7524,1.6524666825,0.0286839111,0.0362984697
0.136565513,-0.3349346603,0.1663382196,-1.5204072279,2.2375470482,3.7524,1.6521012763,0.0286839111,0.0362984697
0.1355664937,-0.3358376417,0.1671258174,-1.5210763358,2.2383359133,3.7524,1.6517350772,0.0286839111,0.0362984697
0.1345731168,-0.3367364922,0.1679080296,-1.5217411852,2.239123434,3.7524,1.6513684086,0.0286839111,0.0362984697
0.1335854488,-0.3376310221,0.1686849318,-1.5224017629,2.2399091842,3.7524,1.6510015921,0.0286839111,0.0362984697
0.1326035642,-0.3385210436,0.1694565905,-1.5230580551,2.2406927437,3.7524,1.6506349453,0.0286839111,0.0362984697
0.1316275473,-0.3394063711,0.1702230595,-1.523710046,2.2414737007,3.7524,1.6502687786,0.0286839111,0.0362984697
0.1306574945,-0.3402868198,0.1709843767,-1.5243577145,2.2422516552,3.7524,1.649903392,0.0286839111,0.0362984697
0.1296935151,-0.3411622055,0.1717405615,-1.5250010324,2.2430262229,3.7524,1.649539071,0.0286839111,0.0362984697
0.1287357318,-0.3420323447,0.1724916119,-1.5256399623,2.2437970402,3.7524,1.6491760819,0.0286839111,0.0362984697
0.1277842807,-0.3428970555,0.1732375019,-1.5262744548,2.2445637715,3.7524,1.6488146653,0.0286839111,0.0362984697
0.1268393116,-0.3437561581,0.1739781781,-1.5269044463,2.2453261169,3.7524,1.6484550293,0.0286839111,0.0362984697
0.125900987,-0.344609475,0.1747135585,-1.5275298564,2.2460838165,3.7524,1.6480973448,0.0286839111,0.0362984697
0.1249693925,-0.3454569115,0.1754436024,-1.5281506478,2.2468367223,3.7524,1.6477417122,0.0286839111,0.0362984697
0.124044515,-0.346298476,0.1761683275,-1.5287668401,2.2475848168,3.7524,1.6473881515,0.0286839111,0.0362984697
0.1231263156,-0.3471342114,0.1768877515,-1.529378459,2.2483281557,3.7524,1.6470366284,0.0286839111,0.0362984697
0.1222147318,-0.3479641928,0.177601893,-1.5299855356,2.2490668602,3.7524,1.64668706,0.0286839111,0.0362984697
0.121309683,-0.3487885191,0.1783107696,-1.5305881038,2.2498011052,3.7524,1.6463393225,0.0286839111,0.0362984697
0.1204110756,-0.3496073066,0.1790143972,-1.5311861989,2.2505311063,3.7524,1.6459932612,0.0286839111,0.0362984697
0.119518808,-0.3504206826,0.1797127898,-1.5317798553,2.2512571065,3.7524,1.6456486997,0.0286839111,0.0362984697
0.1186327748,-0.3512287795,0.1804059589,-1.5323691066,2.251979365,3.7524,1.645305449,0.0286839111,0.0362984697
0.1177528696,-0.352031731,0.1810939145,-1.5329539843,2.2526981475,3.7524,1.644963314,0.0286839111,0.0362984697
0.1168789831,-0.3528296733,0.1817766679,-1.5335345215,2.2534137237,3.7524,1.6446220969,0.0286839111,0.0362984697
0.1160109994,-0.3536227478,0.1824542365,-1.5341107552,2.2541263673,3.7524,1.6442815986,0.0286839111,0.0362984697
0.1151487933,-0.3544111038,0.1831266458,-1.5346827289,2.2548363569,3.7524,1.6439416186,0.0286839111,0.0362984697
0.1142922289,-0.3551948994,0.1837939312,-1.5352504942,2.2555439759,3.7524,1.6436019553,0.0286839111,0.0362984697
0.1134411589,-0.3559743022,0.1844561386,-1.5358141106,2.2562495137,3.7524,1.6432624056,0.0286839111,0.0362984697
0.112595425,-0.3567494892,0.1851133239,-1.5363736455,2.2569532653,3.7524,1.6429227651,0.0286839111,0.0362984697
0.1117548579,-0.3575206467,0.1857655526,-1.5369291744,2.257655532,3.7524,1.6425828274,0.0286839111,0.0362984697
0.1109192782,-0.3582879698,0.1864128993,-1.5374807797,2.2583566209,3.7524,1.6422423839,0.0286839111,0.0362984697
0.1100884969,-0.3590516618,0.1870554469,-1.5380285502,2.2590568455,3.7524,1.6419012241,0.0286839111,0.0362984697
0.1092623162,-0.3598119336,0.1876932856,-1.5385725809,2.2597565251,3.7524,1.6415591345,0.0286839111,0.0362984697
0.1084405299,-0.3605690035,0.1883265125,-1.5391129718,2.2604559852,3.7524,1.6412158991,0.0286839111,0.0362984697
0.1076229248,-0.3613230958,0.1889552306,-1.5396498276,2.2611555571,3.7524,1.6408712992,0.0286839111,0.0362984697
0.1068092801,-0.3620744416,0.1895795485,-1.5401832574,2.2618555782,3.7524,1.6405251127,0.0286839111,0.0362984697
0.1059993709,-0.3628232753,0.1901995782,-1.5407133727,2.2625563895,3.7524,1.6401771158,0.0286839111,0.0362984697
0.1051929684,-0.3635698344,0.1908154345,-1.5412402867,2.2632583353,3.7524,1.6398270828,0.0286839111,0.0362984697
0.1043898638,-0.3643143366,0.1914272191,-1.5417641008,2.2639617374,3.7524,1.6394748008,0.0286839111,0.0362984697
0.1035899562,-0.3650568937,0.1920349614,-1.5422848516,2.2646667962,3.7524,1.6391201274,0.0286839111,0.0362984697
0.1027932493,-0.3657975151,0.192638622,-1.5428025145,2.2653735927,3.7524,1.63876299,0.0286839111,0.0362984697
0.1019997811,-0.3665361756,0.1932381398,-1.5433170449,2.266082166,3.7524,1.6384033412,0.0286839111,0.0362984697
0.1012095728,-0.3672728656,0.193833466,-1.5438284084,2.2667925709,3.7524,1.6380411252,0.0286839111,0.0362984697
0.1004226469,-0.3680075736,0.1944245519,-1.5443365704,2.2675048587,3.7524,1.6376762886,0.0286839111,0.0362984697
0.0996390251,-0.368740288,0.1950113501,-1.5448414964,2.26821908,3.7524,1.637308779,0.0286839111,0.0362984697
0.0988587264,-0.3694709989,0.195593815,-1.545343153,2.2689352867,3.7524,1.6369385429,0.0286839111,0.0362984697
0.0980817688,-0.3701996968,0.1961719024,-1.5458415075,2.2696535313,3.7524,1.6365655269,0.0286839111,0.0362984697
0.0973081685,-0.3709263729,0.1967455693,-1.5463365271,2.2703738671,3.7524,1.6361896767,0.0286839111,0.0362984697
0.0965379401,-0.3716510191,0.1973147738,-1.5468281795,2.2710963486,3.7524,1.6358109375,0.0286839111,0.0362984697
0.0957710968,-0.3723736274,0.1978794753,-1.5473164324,2.2718210312,3.7524,1.6354292536,0.0286839111,0.0362984697
0.0950076502,-0.3730941903,0.1984396342,-1.5478012538,2.2725479707,3.7524,1.6350445687,0.0286839111,0.0362984697
0.0942476101,-0.3738127006,0.1989952127,-1.5482826115,2.2732772235,3.7524,1.6346568266,0.0286839111,0.0362984697
0.0934909847,-0.3745291506,0.1995461743,-1.5487604736,2.2740088455,3.7524,1.634265971,0.0286839111,0.0362984697
0.0927377807,-0.3752435325,0.2000924849,-1.5492348087,2.2747428913,3.7524,1.6338719469,0.0286839111,0.0362984697
0.0919880027,-0.3759558378,0.2006341126,-1.5497055856,2.2754794127,3.7524,1.6334747014,0.0286839111,0.0362984697
0.0912416539,-0.3766660571,0.201171029,-1.5501727746,2.2762184575,3.7524,1.6330741854,0.0286839111,0.0362984697
0.0904987352,-0.3773741794,0.2017032099,-1.5506363471,2.2769600669,3.7524,1.6326703548,0.0286839111,0.0362984697
0.0897592451,-0.3780801924,0.2022306368,-1.5510962772,2.2777042736,3.7524,1.6322631734,0.0286839111,0.0362984697
0.0890231791,-0.3787840826,0.2027532982,-1.551552543,2.2784510994,3.7524,1.6318526147,0.0286839111,0.0362984697
0.0882905294,-0.3794858345,0.2032711917,-1.5520051272,2.2792005509,3.7524,1.6314386655,0.0286839111,0.0362984697
0.0875612858,-0.3801854295,0.2037843252,-1.5524540186,2.279952615,3.7524,1.6310213302,0.0286839111,0.0362984697
0.0868354369,-0.3808828442,0.2042927184,-1.5528992135,2.2807072507,3.7524,1.6306006374,0.0286839111,0.0362984697
0.0861129691,-0.3815780501,0.2047964063,-1.5533407178,2.281464383,3.7524,1.6301766458,0.0286839111,0.0362984697
0.0853938714,-0.38227101,0.2052954381,-1.5537785473,2.2822238952,3.7524,1.6297494499,0.0286839111,0.0362984697
0.0846781494,-0.3829616646,0.2057898662,-1.5542127181,2.2829856152,3.7524,1.6293191876,0.0286839111,0.0362984697
0.0839658306,-0.3836499291,0.2062797423,-1.5546432441,2.2837493118,3.7524,1.6288860416,0.0286839111,0.0362984697
0.0832569622,-0.3843356962,0.2067651183,-1.5550701383,2.2845147005,3.7524,1.6284502361,0.0286839111,0.0362984697
0.0825516068,-0.3850188414,0.2072460473,-1.5554934145,2.2852814515,3.7524,1.6280120307,0.0286839111,0.0362984697
0.0818498381,-0.3856992285,0.2077225843,-1.5559130888,2.2860492014,3.7524,1.6275717121,0.0286839111,0.0362984697
0.0811517358,-0.3863767165,0.2081947872,-1.5563291806,2.2868175657,3.7524,1.627129585,0.0286839111,0.0362984697
0.0804573804,-0.3870511647,0.2086627168,-1.556741714,2.2875861512,3.7524,1.6266859623,0.0286839111,0.0362984697
0.0797668502,-0.387722438,0.2091264369,-1.5571507174,2.2883545671,3.7524,1.6262411574,0.0286839111,0.0362984697
0.079080224,-0.3883904044,0.2095860091,-1.5575562199,2.2891224283,3.7524,1.6257954793,0.0286839111,0.0362984697
0.0783975864,-0.3890549304,0.2100414873,-1.5579582461,2.2898893552,3.7524,1.6253492314,0.0286839111,0.0362984697
0.0777190321,-0.3897158771,0.2104929131,-1.5583568125,2.2906549719,3.7524,1.6249027113,0.0286839111,0.0362984697
0.077044668,-0.3903730981,0.210940314,-1.5587519254,2.2914189059,3.7524,1.6244562103,0.0286839111,0.0362984697
0.0763746142,-0.3910264385,0.2113837025,-1.5591435799,2.2921807865,3.7524,1.6240100141,0.0286839111,0.0362984697
0.0757090046,-0.3916757337,0.2118230757,-1.5595317597,2.2929402445,3.7524,1.6235644033,0.0286839111,0.0362984697
0.0750479857,-0.3923208098,0.2122584162,-1.5599164372,2.2936969117,3.7524,1.6231196535,0.0286839111,0.0362984697
0.0743917171,-0.392961484,0.2126896927,-1.5602975742,2.2944504202,3.7524,1.6226760362,0.0286839111,0.0362984697
0.0737403698,-0.3935975645,0.2131168611,-1.5606751223,2.2952004021,3.7524,1.6222338191,0.0286839111,0.0362984697
0.0730941259,-0.3942288514,0.2135398652,-1.5610490241,2.2959464894,3.7524,1.6217932668,0.0286839111,0.0362984697
0.0724531772,-0.3948551373,0.2139586384,-1.5614192133,2.2966883138,3.7524,1.6213546407,0.0286839111,0.0362984697
0.071817725,-0.3954762078,0.2143731039,-1.5617856161,2.2974255064,3.7524,1.6209182,0.0286839111,0.0362984697
0.0711879785,-0.396091842,0.2147831761,-1.5621481514,2.298157698,3.7524,1.6204842015,0.0286839111,0.0362984697
0.0705641551,-0.3967018129,0.215188761,-1.5625067316,2.2988845183,3.7524,1.6200529004,0.0286839111,0.0362984697
0.069946477,-0.3973058899,0.2155897586,-1.5628612642,2.2996055986,3.7524,1.6196245487,0.0286839111,0.0362984697
0.0693351706,-0.3979038397,0.2159860638,-1.5632116527,2.3003205721,3.7524,1.6191993957,0.0286839111,0.0362984697
0.0687304429,-0.3984954487,0.2163775819,-1.5635578107,2.3010290991,3.7524,1.6187776733,0.0286839111,0.0362984697
0.068132393,-0.3990806096,0.2167642887,-1.5638997139,2.3017309664,3.7524,1.6183595382,0.0286839111,0.0362984697
0.0675410158,-0.3996593174,0.2171462264,-1.5642373976,2.3024260848,3.7524,1.6179450732,0.0286839111,0.0362984697
0.066956272,-0.400231602,0.2175234569,-1.5645709149,2.3031144117,3.7524,1.6175343311,0.0286839111,0.0362984697
0.0663781388,-0.4007974777,0.2178960283,-1.5649003066,2.3037958936,3.7524,1.6171273691,0.0286839111,0.0362984697
0.0658065924,-0.4013569612,0.2182639861,-1.5652256121,2.3044704847,3.7524,1.6167242373,0.0286839111,0.0362984697
0.0652416096,-0.401910069,0.2186273737,-1.5655468686,2.3051381448,3.7524,1.6163249812,0.0286839111,0.0362984697
0.0646831692,-0.4024568164,0.2189862302,-1.5658641103,2.3057988364,3.7524,1.6159296427,0.0286839111,0.0362984697
0.0641312514,-0.402997218,0.2193405925,-1.5661773691,2.3064525258,3.7524,1.61553826,0.0286839111,0.0362984697
0.063585837,-0.403531288,0.2196904947,-1.566486675,2.3070991825,3.7524,1.6151508682,0.0286839111,0.0362984697
0.0630469084,-0.40405904,0.2200359687,-1.5667920557,2.3077387786,3.7524,1.6147674994,0.0286839111,0.0362984697
0.0625144486,-0.4045804869,0.2203770443,-1.5670935376,2.3083712889,3.7524,1.6143881832,0.0286839111,0.0362984697
0.0619884417,-0.4050956414,0.2207137493,-1.5673911452,2.3089966902,3.7524,1.6140129468,0.0286839111,0.0362984697
0.0614688724,-0.4056045155,0.2210461098,-1.5676849017,2.3096149617,3.7524,1.6136418151,0.0286839111,0.0362984697
0.0609557263,-0.4061071207,0.2213741503,-1.5679748286,2.3102260843,3.7524,1.6132748112,0.0286839111,0.0362984697
0.0604489896,-0.4066034683,0.2216978938,-1.5682609466,2.3108300405,3.7524,1.6129119565,0.0286839111,0.0362984697
0.0599486491,-0.407093569,0.2220173621,-1.568543275,2.3114268145,3.7524,1.6125532704,0.0286839111,0.0362984697
0.0594546922,-0.4075774335,0.2223325755,-1.5688218321,2.3120163922,3.7524,1.612198771,0.0286839111,0.0362984697
0.0589671067,-0.4080550717,0.2226435534,-1.5690966352,2.3125987603,3.7524,1.6118484751,0.0286839111,0.0362984697
0.0584858817,-0.4085264931,0.2229503138,-1.5693677004,2.3131739065,3.7524,1.6115023983,0.0286839111,0.0362984697
0.0580110073,-0.4089917057,0.2232528729,-1.5696350425,2.3137418182,3.7524,1.6111605561,0.0286839111,0.0362984697
0.0575424753,-0.4094507163,0.2235512458,-1.569898675,2.3143024828,3.7524,1.6108229633,0.0286839111,0.0362984697
0.0570802785,-0.4099035307,0.223845446,-1.5701586101,2.3148558872,3.7524,1.6104896348,0.0286839111,0.0362984697
0.0566244109,-0.4103501539,0.2241354861,-1.5704148594,2.3154020185,3.7524,1.610160585,0.0286839111,0.0362984697
0.0561748672,-0.41079059,0.2244213775,-1.5706674332,2.3159408637,3.7524,1.6098358279,0.0286839111,0.0362984697
0.0557316428,-0.4112248426,0.224703131,-1.5709163414,2.3164724103,3.7524,1.6095153771,0.0286839111,0.0362984697
0.0552947335,-0.4116529149,0.2249807565,-1.5711615933,2.3169966456,3.7524,1.6091992458,0.0286839111,0.0362984697
0.054864136,-0.4120748095,0.2252542635,-1.5714031972,2.3175135574,3.7524,1.6088874468,0.0286839111,0.0362984697
0.0544398469,-0.412490529,0.2255236604,-1.5716411614,2.3180231338,3.7524,1.6085799925,0.0286839111,0.0362984697
0.0540218636,-0.4129000753,0.2257889557,-1.5718754935,2.3185253631,3.7524,1.6082768949,0.0286839111,0.0362984697
0.0536101835,-0.4133034503,0.2260501569,-1.5721062005,2.3190202341,3.7524,1.6079781654,0.0286839111,0.0362984697
0.0532048044,-0.4137006557,0.2263072713,-1.5723332894,2.3195077356,3.7524,1.6076838152,0.0286839111,0.0362984697
0.0528057244,-0.4140916929,0.2265603059,-1.5725567664,2.3199878571,3.7524,1.6073938551,0.0286839111,0.0362984697
0.0524129417,-0.4144765632,0.2268092669,-1.5727766378,2.3204605882,3.7524,1.6071082954,0.0286839111,0.0362984697
0.0520264547,-0.4148552677,0.2270541606,-1.5729929092,2.3209259189,3.7524,1.6068271461,0.0286839111,0.0362984697
0.0516462621,-0.4152278073,0.2272949928,-1.5732055862,2.3213838393,3.7524,1.606550417,0.0286839111,0.0362984697
0.0512723627,-0.4155941828,0.2275317687,-1.5734146738,2.3218343401,3.7524,1.6062781173,0.0286839111,0.0362984697
0.0509047555,-0.415954395,0.2277644937,-1.573620177,2.322277412,3.7524,1.6060102562,0.0286839111,0.0362984697
0.0505434397,-0.4163084443,0.2279931724,-1.5738221004,2.322713046,3.7524,1.6057468423,0.0286839111,0.0362984697
0.0501884147,-0.4166563311,0.2282178095,-1.5740204483,2.3231412334,3.7524,1.6054878841,0.0286839111,0.0362984697
0.04983968,-0.4169980556,0.2284384091,-1.5742152248,2.3235619655,3.7524,1.60523339,0.0286839111,0.0362984697
0.0494972353,-0.4173336178,0.2286549752,-1.5744064338,2.323975234,3.7524,1.6049833678,0.0286839111,0.0362984697
0.0491610806,-0.4176630176,0.2288675115,-1.5745940787,2.3243810305,3.7524,1.6047378256,0.0286839111,0.0362984697
0.048831216,-0.4179862548,0.2290760213,-1.5747781631,2.3247793468,3.7524,1.6044967708,0.0286839111,0.0362984697
0.0485076419,-0.4183033287,0.2292805079,-1.5749586898,2.3251701749,3.7524,1.6042602111,0.0286839111,0.0362984697
0.0481903589,-0.4186142387,0.229480974,-1.5751356618,2.3255535066,3.7524,1.6040281538,0.0286839111,0.0362984697
0.0478793676,-0.4189189838,0.2296774222,-1.5753090816,2.3259293338,3.7524,1.6038006062,0.0286839111,0.0362984697
0.0475746694,-0.4192175629,0.2298698547,-1.5754789515,2.3262976486,3.7524,1.6035775753,0.0286839111,0.0362984697
0.0472762654,-0.4195099746,0.2300582736,-1.5756452736,2.3266584427,3.7524,1.6033590685,0.0286839111,0.0362984697
0.0469841572,-0.4197962171,0.2302426806,-1.5758080497,2.3270117079,3.7524,1.6031450928,0.0286839111,0.0362984697
0.046698347,-0.4200762886,0.230423077,-1.5759672813,2.3273574359,3.7524,1.6029356552,0.0286839111,0.0362984697
0.0464188368,-0.4203501866,0.230599464,-1.5761229695,2.3276956182,3.7524,1.602730763,0.0286839111,0.0362984697
0.0461456294,-0.4206179085,0.2307718422,-1.5762751155,2.3280262459,3.7524,1.6025304232,0.0286839111,0.0362984697
0.0458787278,-0.4208794514,0.2309402122,-1.5764237197,2.3283493102,3.7524,1.6023346431,0.0286839111,0.0362984697
0.0456181353,-0.4211348118,0.231104574,-1.5765687825,2.3286648017,3.7524,1.6021434302,0.0286839111,0.0362984697
0.045363856,-0.4213839857,0.2312649272,-1.576710304,2.3289727107,3.7524,1.6019567919,0.0286839111,0.0362984697
0.0451158942,-0.421626969,0.2314212713,-1.5768482837,2.3292730272,3.7524,1.6017747361,0.0286839111,0.0362984697
0.0448742549,-0.4218637566,0.231573605,-1.5769827209,2.3295657405,3.7524,1.6015972706,0.0286839111,0.0362984697
0.0446389438,-0.422094343,0.2317219267,-1.5771136144,2.3298508394,3.7524,1.6014244039,0.0286839111,0.0362984697
0.044409967,-0.422318722,0.2318662344,-1.5772409625,2.330128312,3.7524,1.6012561446,0.0286839111,0.0362984697
0.0441873318,-0.4225368866,0.2320065254,-1.5773647632,2.3303981456,3.7524,1.6010925018,0.0286839111,0.0362984697
0.0439710462,-0.4227488291,0.2321427964,-1.5774850138,2.3306603265,3.7524,1.6009334852,0.0286839111,0.0362984697
0.0437611191,-0.4229545405,0.2322750433,-1.5776017109,2.3309148399,3.7524,1.6007791051,0.0286839111,0.0362984697
0.0435575608,-0.4231540107,0.2324032613,-1.5777148506,2.3311616697,3.7524,1.6006293725,0.0286839111,0.0362984697
0.043360383,-0.4233472285,0.2325274448,-1.5778244278,2.3314007981,3.7524,1.6004842995,0.0286839111,0.0362984697
0.0431695989,-0.4235341808,0.232647587,-1.577930437,2.3316322057,3.7524,1.600343899,0.0286839111,0.0362984697
0.0429852234,-0.423714853,0.2327636798,-1.5780328712,2.3318558708,3.7524,1.6002081854,0.0286839111,0.0362984697
0.0428072733,-0.4238892286,0.2328757142,-1.5781317228,2.3320717699,3.7524,1.6000771741,0.0286839111,0.0362984697
0.0426357657,-0.4240572909,0.2329836809,-1.5782269835,2.3322798789,3.7524,1.5999508808,0.0286839111,0.0362984697
0.0424707093,-0.4242190314,0.2330875757,-1.57831865,2.3324801841,3.7524,1.5998293149,0.0286839111,0.0362984697
0.0423120583,-0.4243744951,0.2331874287,-1.5784067489,2.3326727385,3.7524,1.5997124452,0.0286839111,0.0362984697
0.0421596876,-0.4245238044,0.2332833196,-1.5784913508,2.3328576918,3.7524,1.5996001815,0.0286839111,0.0362984697
0.0420134747,-0.4246670795,0.2333753265,-1.5785725245,2.3330351905,3.7524,1.5994924358,0.0286839111,0.0362984697
0.0418732942,-0.4248044432,0.2334635289,-1.5786503406,2.3332053847,3.7524,1.5993891175,0.0286839111,0.0362984697
0.0417390208,-0.4249360184,0.2335480069,-1.5787248695,2.3333684249,3.7524,1.599290136,0.0286839111,0.0362984697
0.0416105289,-0.4250619279,0.2336288399,-1.5787961817,2.3335244614,3.7524,1.5991954006,0.0286839111,0.0362984697
0.0414876932,-0.4251822948,0.2337061078,-1.5788643476,2.3336736449,3.7524,1.5991048205,0.0286839111,0.0362984697
0.0413703883,-0.4252972421,0.2337798902,-1.5789294376,2.3338161261,3.7524,1.5990183047,0.0286839111,0.0362984697
0.0412584885,-0.4254068925,0.2338502667,-1.5789915221,2.3339520558,3.7524,1.5989357622,0.0286839111,0.0362984697
0.0411518684,-0.4255113693,0.2339173169,-1.5790506713,2.334081585,3.7524,1.5988571019,0.0286839111,0.0362984697
0.0410504024,-0.4256107953,0.2339811205,-1.5791069555,2.3342048647,3.7524,1.5987822325,0.0286839111,0.0362984697
0.040953965,-0.4257052938,0.234041757,-1.5791604452,2.3343220462,3.7524,1.5987110627,0.0286839111,0.0362984697
0.0408624304,-0.4257949879,0.2340993061,-1.5792112106,2.3344332808,3.7524,1.598643501,0.0286839111,0.0362984697
0.040775673,-0.4258800006,0.2341538473,-1.579259322,2.33453872,3.7524,1.5985794558,0.0286839111,0.0362984697
0.040693567,-0.4259604554,0.2342054601,-1.5793048496,2.3346385154,3.7524,1.5985188355,0.0286839111,0.0362984697
0.0406159867,-0.4260364754,0.2342542244,-1.5793478638,2.3347328188,3.7524,1.5984615483,0.0286839111,0.0362984697
0.040542806,-0.4261081841,0.2343002195,-1.5793884349,2.3348217822,3.7524,1.5984075022,0.0286839111,0.0362984697
0.040473899,-0.426175705,0.2343435253,-1.5794266332,2.3349055577,3.7524,1.5983566052,0.0286839111,0.0362984697
0.0404091396,-0.4262391615,0.2343842213,-1.5794625291,2.3349842975,3.7524,1.5983087652,0.0286839111,0.0362984697
0.0403484016,-0.4262986774,0.2344223874,-1.5794961929,2.3350581541,3.7524,1.5982638898,0.0286839111,0.0362984697
0.0402915589,-0.4263543764,0.2344581031,-1.5795276951,2.3351272802,3.7524,1.5982218866,0.0286839111,0.0362984697
0.0402384849,-0.4264063823,0.2344914484,-1.5795571061,2.3351918286,3.7524,1.598182663,0.0286839111,0.0362984697
0.0401890532,-0.4264548192,0.2345225031,-1.5795844963,2.3352519523,3.7524,1.5981461263,0.0286839111,0.0362984697
0.040143137,-0.4264998112,0.2345513471,-1.5796099364,2.3353078047,3.7524,1.5981121837,0.0286839111,0.0362984697
0.0401006097,-0.4265414824,0.2345780605,-1.5796334969,2.3353595392,3.7524,1.598080742,0.0286839111,0.0362984697
0.0400613442,-0.4265799575,0.2346027231,-1.5796552485,2.3354073096,3.7524,1.5980517082,0.0286839111,0.0362984697
0.0400252133,-0.4266153609,0.2346254154,-1.579675262,2.33545127,3.7524,1.5980249887,0.0286839111,0.0362984697
0.0399920897,-0.4266478175,0.2346462174,-1.5796936082,2.3354915747,3.7524,1.5980004902,0.0286839111,0.0362984697
0.0399618459,-0.4266774523,0.2346652096,-1.5797103579,2.3355283782,3.7524,1.5979781186,0.0286839111,0.0362984697
0.039934354,-0.4267043905,0.2346824724,-1.5797255823,2.3355618355,3.7524,1.5979577802,0.0286839111,0.0362984697
0.039909486,-0.4267287575,0.2346980866,-1.5797393526,2.335592102,3.7524,1.5979393806,0.0286839111,0.0362984697
0.0398871136,-0.4267506792,0.2347121329,-1.5797517399,2.3356193333,3.7524,1.5979228254,0.0286839111,0.0362984697
0.0398671082,-0.4267702816,0.2347246922,-1.5797628157,2.3356436854,3.7524,1.5979080199,0.0286839111,0.0362984697
0.0398493408,-0.426787691,0.2347358458,-1.5797726517,2.335665315,3.7524,1.5978948691,0.0286839111,0.0362984697
0.039833682,-0.4268030343,0.234745675,-1.5797813197,2.3356843791,3.7524,1.5978832775,0.0286839111,0.0362984697
0.0398200021,-0.4268164384,0.2347542614,-1.5797888916,2.3357010353,3.7524,1.5978731496,0.0286839111,0.0362984697
0.0398081709,-0.4268280311,0.234761687,-1.5797954397,2.3357154417,3.7524,1.5978643892,0.0286839111,0.0362984697
0.0397980577,-0.4268379405,0.2347680339,-1.5798010366,2.3357277572,3.7524,1.5978569,0.0286839111,0.0362984697
0.0397895311,-0.4268462952,0.2347733847,-1.5798057549,2.3357381414,3.7524,1.5978505849,0.0286839111,0.0362984697
0.0397824591,-0.4268532246,0.2347778223,-1.579809668,2.3357467547,3.7524,1.5978453465,0.0286839111,0.0362984697
0.039776709,-0.4268588587,0.2347814302,-1.5798128494,2.3357537586,3.7524,1.5978410868,0.0286839111,0.0362984697
0.0397721473,-0.4268633284,0.2347842922,-1.5798153731,2.3357593156,3.7524,1.5978377069,0.0286839111,0.0362984697
0.0397686392,-0.4268667657,0.234786493,-1.5798173136,2.3357635893,3.7524,1.5978351073,0.0286839111,0.0362984697
0.0397660491,-0.4268693035,0.2347881178,-1.5798187463,2.335766745,3.7524,1.5978331877,0.0286839111,0.0362984697
0.0397642398,-0.4268710763,0.2347892527,-1.579819747,2.3357689495,3.7524,1.5978318466,0.0286839111,0.0362984697
0.0397630727,-0.4268722199,0.2347899847,-1.5798203924,2.3357703718,3.7524,1.5978309814,0.0286839111,0.0362984697
0.0397624072,-0.426872872,0.2347904021,-1.5798207604,2.3357711829,3.7524,1.5978304879,0.0286839111,0.0362984697
0.0397621011,-0.4268731718,0.234790594,-1.5798209296,2.3357715559,3.7524,1.597830261,0.0286839111,0.0362984697
0.0397620121,-0.4268732591,0.2347906499,-1.5798209788,2.3357716645,3.7524,1.5978301949,0.0286839111,0.0362984697
0.0397620058,-0.4268732652,0.2347906538,-1.5798209823,2.3357716721,3.7524,1.5978301903,0.0286839111,0.0362984697
0.0397620028,-0.4268732682,0.2347906557,-1.579820984,2.3357716758,3.7524,1.597830188,0.0286839111,0.0362984697
0.0397620028,-0.4268732682,0.2347906557,-1.579820984,2.3357716758,3.7524,1.597830188,0.0286839111,0.0362984697
0.0397620028,-0.4268732682,0.2347906557,-1.579820984,2.3357716758,3.7524,1.597830188,0.0286839111,0.0362984697
0.0397620028,-0.4268732682,0.2347906557,-1.579820984,2.3357716758,3.7524,1.597830188,0.0286839111,0.0362984697
0.0397620028,-0.4268732682,0.2347906557,-1.579820984,2.3357716758,3.7524,1.597830188,0.0286839111,0.0362984697
0.0397620028,-0.4268732682,0.2347906557,-1.579820984,2.3357716758,3.7524,1.597830188,0.0286839111,0.0362984697
0.0397620028,-0.4268732682,0.2347906557,-1.579820984,2.3357716758,3.7524,1.597830188,0.0286839111,0.0362984697
0.0397620028,-0.4268732682,0.2347906557,-1.579820984,2.3357716758,3.7524,1.597830188,0.0286839111,0.0362984697
0.0397620028,-0.4268732682,0.2347906557,-1.579820984,2.3357716758,3.7524,1.597830188,0.0286839111,0.0362984697
0.0397620028,-0.4268732682,0.2347906557,-1.579820984,2.3357716758,3.7524,1.597830188,0.0286839111,0.0362984697
0.0397620028,-0.4268732682,0.2347906557,-1.579820984,2.3357716758,3.7524,1.597830188,0.0286839111,0.0362984697
0.0397620028,-0.4268732682,0.2347906557,-1.579820984,2.3357716758,3.7524,1.597830188,0.0286839111,0.0362984697
0.0397620028,-0.4268732682,0.2347906557,-1.579820984,2.3357716758,3.7524,1.597830188,0.0286839111,0.0362984697
0.0397620028,-0.4268732682,0.2347906557,-1.579820984,2.3357716758,3.7524,1.597830188,0.0286839111,0.0362984697
0.0397620028,-0.4268732682,0.2347906557,-1.579820984,2.3357716758,3.7524,1.597830188,0.0286839111,0.0362984697
0.0397620028,-0.4268732682,0.2347906557,-1.579820984,2.3357716758,3.7524,1.597830188,0.0286839111,0.0362984697
0.0397620028,-0.4268732682,0.2347906557,-1.579820984,2.3357716758,3.7524,1.597830188,0.0286839111,0.0362984697
0.0397620028,-0.4268732682,0.2347906557,-1.579820984,2.3357716758,3.7524,1.597830188,0.0286839111,0.0362984697
0.0397620028,-0.4268732682,0.2347906557,-1.579820984,2.3357716758,3.7524,1.597830188,0.0286839111,0.0362984697
0.0397620028,-0.4268732682,0.2347906557,-1.579820984,2.3357716758,3.7524,1.597830188,0.0286839111,0.0362984697
0.0397620028,-0.4268732682,0.2347906557,-1.579820984,2.3357716758,3.7524,1.597830188,0.0286839111,0.0362984697
0.0397620028,-0.4268732682,0.2347906557,-1.579820984,2.3357716758,3.7524,1.597830188,0.0286839111,0.0362984697
0.0397620028,-0.4268732682,0.2347906557,-1.579820984,2.3357716758,3.7524,1.597830188,0.0286839111,0.0362984697
0.0397620028,-0.4268732682,0.2347906557,-1.579820984,2.3357716758,3.7524,1.597830188,0.0286839111,0.0362984697
0.0397620028,-0.4268732682,0.2347906557,-1.579820984,2.3357716758,3.7524,1.597830188,0.0286839111,0.0362984697
0.0397620028,-0.4268732682,0.2347906557,-1.579820984,2.3357716758,3.7524,1.597830188,0.0286839111,0.0362984697
0.0397620028,-0.4268732682,0.2347906557,-1.579820984,2.3357716758,3.7524,1.597830188,0.0286839111,0.0362984697
0.0397620028,-0.4268732682,0.2347906557,-1.579820984,2.3357716758,3.7524,1.597830188,0.0286839111,0.0362984697
0.0397620028,-0.4268732682,0.2347906557,-1.579820984,2.3357716758,3.7524,1.597830188,0.0286839111,0.0362984697
