-1.6797685327,1.7627,-0.5854761006,-1.3389912114,-2.2468840154,2.0387617451,1.1297847416,0.0106778442,0.0069357429
-1.6797685327,1.7627,-0.5854761006,-1.3389912114,-2.2468840154,2.0387617451,1.1297847416,0.0106778442,0.0069357429
-1.6797685327,1.7627,-0.5854761006,-1.3389912114,-2.2468840154,2.0387617451,1.1297847416,0.0106778442,0.0069357429
-1.6797685327,1.7627,-0.5854761006,-1.3389912114,-2.2468840154,2.0387617451,1.1297847416,0.0106778442,0.0069357429
-1.6797685327,1.7627,-0.5854761006,-1.3389912114,-2.2468840154,2.0387617451,1.1297847416,0.0106778442,0.0069357429
-1.6797685327,1.7627,-0.5854761006,-1.3389912114,-2.2468840154,2.0387617451,1.1297847416,0.0106778442,0.0069357429
-1.6797685327,1.7627,-0.5854761006,-1.3389912114,-2.2468840154,2.0387617451,1.1297847416,0.0106778442,0.0069357429
-1.6797685327,1.7627,-0.5854761006,-1.3389912114,-2.2468840154,2.0387617451,1.1297847416,0.0106778442,0.0069357429
-1.6797685327,1.7627,-0.5854761006,-1.3389912114,-2.2468840154,2.0387617451,1.1297847416,0.0106778442,0.0069357429
-1.6797685327,1.7627,-0.5854761006,-1.3389912114,-2.2468840154,2.0387617451,1.1297847416,0.0106778442,0.0069357429
-1.6797685327,1.7627,-0.5854761006,-1.3389912114,-2.2468840154,2.0387617451,1.1297847416,0.0106778442,0.0069357429
-1.6797685327,1.7627,-0.5854761006,-1.3389912114,-2.2468840154,2.0387617451,1.1297847416,0.0106778442,0.0069357429
-1.6797685327,1.7627,-0.5854761006,-1.3389912114,-2.2468840154,2.0387617451,1.1297847416,0.0106778442,0.0069357429
-1.6797685327,1.7627,-0.5854761006,-1.3389912114,-2.2468840154,2.0387617451,1.1297847416,0.0106778442,0.0069357429
-1.6797685327,1.7627,-0.5854761006,-1.3389912114,-2.2468840154,2.0387617451,1.1297847416,0.0106778442,0.0069357429
-1.6797685327,1.7627,-0.5854761006,-1.3389912114,-2.2468840154,2.0387617451,1.1297847416,0.0106778442,0.0069357429
-1.6797685327,1.7627,-0.5854761006,-1.3389912114,-2.2468840154,2.0387617451,1.1297847416,0.0106778442,0.0069357429
-1.6797685327,1.7627,-0.5854761006,-1.3389912114,-2.2468840154,2.0387617451,1.1297847416,0.0106778442,0.0069357429
-1.6797685327,1.7627,-0.5854761006,-1.3389912114,-2.2468840154,2.0387617451,1.1297847416,0.0106778442,0.0069357429
-1.6797685327,1.7627,-0.5854761006,-1.3389912114,-2.2468840154,2.0387617451,1.1297847416,0.0106778442,0.0069357429
-1.6797685327,1.7627,-0.5854761006,-1.3389912114,-2.2468840154,2.0387617451,1.1297847416,0.0106778442,0.0069357429
-1.6797685327,1.7627,-0.5854761006,-1.3389912114,-2.2468840154,2.0387617451,1.1297847416,0.0106778442,0.0069357429
-1.6797685327,1.7627,-0.5854761006,-1.3389912114,-2.2468840154,2.0387617451,1.1297847416,0.0106778442,0.0069357429
-1.6797685327,1.7627,-0.5854761006,-1.3389912114,-2.2468840154,2.0387617451,1.1297847416,0.0106778442,0.0069357429
-1.6797685327,1.7627,-0.5854761006,-1.3389912114,-2.2468840154,2.0387617451,1.1297847416,0.0106778442,0.0069357429
-1.6797685327,1.7627,-0.5854761006,-1.3389912114,-2.2468840154,2.0387617451,1.1297847416,0.0106778442,0.0069357429
-1.6797685327,1.7627,-0.5854761006,-1.3389912114,-2.2468840154,2.0387617451,1.1297847416,0.0106778442,0.0069357429
-1.6797685327,1.7627,-0.5854761006,-1.3389912114,-2.2468840154,2.0387617451,1.1297847416,0.0106778442,0.0069357429
-1.6797685327,1.7627,-0.5854761006,-1.3389912114,-2.2468840154,2.0387617451,1.1297847416,0.0106778442,0.0069357429
-1.6797685327,1.7627,-0.5854761006,-1.3389912114,-2.2468840154,2.0387617451,1.1297847416,0.0106778442,0.0069357429
-1.6797685288,1.7626999937,-0.585476102,-1.338991221,-2.2468840168,2.0387617453,1.1297847451,0.0106778442,0.0069357429
-1.6797684748,1.7626999059,-0.5854761208,-1.3389913553,-2.2468840363,2.0387617482,1.1297847933,0.0106778442,0.0069357429
-1.6797683382,1.7626996836,-0.5854761684,-1.3389916951,-2.2468840856,2.0387617555,1.1297849155,0.0106778442,0.0069357429
-1.6797681348,1.7626993528,-0.5854762392,-1.3389922009,-2.246884159,2.0387617664,1.1297850973,0.0106778442,0.0069357429
-1.6797678541,1.7626988961,-0.5854763371,-1.3389928991,-2.2468842604,2.0387617814,1.1297853483,0.0106778442,0.0069357429
-1.6797674631,1.7626982601,-0.5854764733,-1.3389938715,-2.2468844016,2.0387618024,1.1297856978,0.0106778442,0.0069357429
-1.6797669563,1.7626974358,-0.5854766499,-1.3389951317,-2.2468845846,2.0387618295,1.1297861509,0.0106778442,0.0069357429
-1.6797663715,1.7626964844,-0.5854768537,-1.3389965862,-2.2468847958,2.0387618609,1.1297866737,0.0106778442,0.0069357429
-1.67976569,1.7626953758,-0.5854770911,-1.338998281,-2.2468850418,2.0387618974,1.129787283,0.0106778442,0.0069357429
-1.6797648054,1.7626939369,-0.5854773994,-1.3390004809,-2.2468853612,2.0387619448,1.1297880738,0.0106778442,0.0069357429
-1.6797635912,1.7626919618,-0.5854778225,-1.3390035005,-2.2468857997,2.0387620099,1.1297891592,0.0106778442,0.0069357429
-1.6797619733,1.76268933,-0.5854783863,-1.339007524,-2.2468863839,2.0387620966,1.1297906056,0.0106778442,0.0069357429
-1.6797598913,1.7626859431,-0.5854791119,-1.339012702,-2.2468871358,2.0387622082,1.1297924669,0.0106778442,0.0069357429
-1.6797572906,1.7626817127,-0.5854800183,-1.3390191695,-2.246888075,2.0387623477,1.1297947918,0.0106778442,0.0069357429
-1.679754101,1.762676524,-0.58548113,-1.3390271019,-2.2468892269,2.0387625188,1.1297976432,0.0106778442,0.0069357429
-1.6797502443,1.7626702502,-0.5854824742,-1.3390366932,-2.2468906197,2.0387627257,1.129801091,0.0106778442,0.0069357429
-1.6797456473,1.7626627721,-0.5854840765,-1.3390481257,-2.24689228,2.0387629723,1.1298052006,0.0106778442,0.0069357429
-1.6797402362,1.7626539696,-0.5854859626,-1.3390615825,-2.2468942344,2.0387632627,1.1298100378,0.0106778442,0.0069357429
-1.6797339379,1.7626437238,-0.585488158,-1.339077246,-2.2468965093,2.0387636007,1.1298156683,0.0106778442,0.0069357429
-1.6797266793,1.7626319157,-0.5854906883,-1.3390952975,-2.2468991311,2.0387639904,1.1298221571,0.0106778442,0.0069357429
-1.6797183876,1.762618427,-0.5854935788,-1.3391159182,-2.2469021261,2.0387644356,1.1298295695,0.0106778442,0.0069357429
-1.6797089901,1.7626031392,-0.585496855,-1.339139289,-2.2469055207,2.0387649403,1.1298379704,0.0106778442,0.0069357429
-1.6796984141,1.7625859342,-0.5855005422,-1.3391655906,-2.2469093412,2.0387655085,1.1298474247,0.0106778442,0.0069357429
-1.679686587,1.7625666937,-0.5855046657,-1.3391950036,-2.2469136138,2.0387661439,1.1298579974,0.0106778442,0.0069357429
-1.6796734362,1.7625452997,-0.5855092509,-1.3392277084,-2.2469183647,2.0387668507,1.1298697534,0.0106778442,0.0069357429
-1.6796588892,1.7625216342,-0.5855143232,-1.3392638854,-2.2469236203,2.0387676326,1.1298827573,0.0106778442,0.0069357429
-1.6796428736,1.7624955792,-0.5855199078,-1.3393037148,-2.2469294067,2.0387684938,1.1298970741,0.0106778442,0.0069357429
-1.679625317,1.7624670169,-0.5855260301,-1.3393473766,-2.2469357502,2.038769438,1.1299127684,0.0106778442,0.0069357429
-1.6796061468,1.7624358295,-0.5855327155,-1.339395051,-2.246942677,2.0387704693,1.1299299049,0.0106778442,0.0069357429
-1.6795852909,1.7624018991,-0.5855399891,-1.3394469177,-2.2469502132,2.0387715916,1.1299485482,0.0106778442,0.0069357429
-1.6795626768,1.7623651082,-0.5855478763,-1.3395031567,-2.2469583852,2.0387728088,1.1299687631,0.0106778442,0.0069357429
-1.6795382325,1.7623253391,-0.5855564025,-1.3395639474,-2.2469672191,2.038774125,1.1299906139,0.0106778442,0.0069357429
-1.6795118857,1.7622824745,-0.5855655928,-1.3396294693,-2.246976741,2.0387755441,1.1300141652,0.0106778442,0.0069357429
-1.6794835643,1.7622363968,-0.5855754725,-1.3396999018,-2.2469869771,2.03877707,1.1300394814,0.0106778442,0.0069357429
-1.6794531963,1.7621869888,-0.5855860669,-1.3397754238,-2.2469979536,2.0387787068,1.1300666268,0.0106778442,0.0069357429
-1.6794207098,1.7621341334,-0.5855974012,-1.3398562144,-2.2470096966,2.0387804584,1.1300956657,0.0106778442,0.0069357429
-1.6793860329,1.7620777135,-0.5856095008,-1.3399424523,-2.2470222322,2.0387823289,1.1301266624,0.0106778442,0.0069357429
-1.6793490938,1.7620176122,-0.5856223906,-1.340034316,-2.2470355866,2.0387843222,1.1301596809,0.0106778442,0.0069357429
-1.6793098207,1.7619537126,-0.5856360961,-1.3401319839,-2.2470497858,2.0387864423,1.1301947853,0.0106778442,0.0069357429
-1.6792681421,1.761885898,-0.5856506425,-1.340235634,-2.2470648559,2.0387886933,1.1302320396,0.0106778442,0.0069357429
-1.6792239864,1.7618140519,-0.5856660548,-1.3403454442,-2.247080823,2.0387910793,1.1302715076,0.0106778442,0.0069357429
-1.6791772822,1.7617380578,-0.5856823584,-1.3404615923,-2.2470977132,2.0387936042,1.1303132532,0.0106778442,0.0069357429
-1.679127958,1.7616577992,-0.5856995783,-1.3405842558,-2.2471155526,2.0387962723,1.1303573401,0.0106778442,0.0069357429
-1.6790759426,1.7615731601,-0.58571774,-1.3407136119,-2.2471343672,2.0387990875,1.130403832,0.0106778442,0.0069357429
-1.6790211647,1.7614840241,-0.5857368685,-1.3408498377,-2.247154183,2.038802054,1.1304527923,0.0106778442,0.0069357429
-1.6789635534,1.7613902755,-0.585756989,-1.3409931099,-2.2471750263,2.038805176,1.1305042846,0.0106778442,0.0069357429
-1.6789030377,1.7612917985,-0.5857781268,-1.3411436047,-2.2471969229,2.0388084577,1.130558372,0.0106778442,0.0069357429
-1.6788395468,1.7611884777,-0.5858003071,-1.3413014981,-2.247219899,2.0388119032,1.1306151177,0.0106778442,0.0069357429
-1.6787730105,1.7610801982,-0.5858235548,-1.3414669648,-2.2472439805,2.0388155167,1.1306745843,0.0106778442,0.0069357429
-1.6787033589,1.7609668458,-0.5858478952,-1.3416401787,-2.2472691931,2.0388193026,1.1307368342,0.0106778442,0.0069357429
-1.6786305268,1.7608483141,-0.5858733515,-1.3418213017,-2.2472955611,2.0388232649,1.1308019255,0.0106778442,0.0069357429
-1.6785544926,1.7607245671,-0.5858999323,-1.3420103875,-2.2473230931,2.0388274054,1.1308698772,0.0106778442,0.0069357429
-1.6784752224,1.7605955492,-0.5859276501,-1.3422075203,-2.247351802,2.0388317266,1.1309407194,0.0106778442,0.0069357429
-1.6783926348,1.7604611268,-0.5859565346,-1.3424129028,-2.2473817184,2.0388362337,1.1310145247,0.0106778442,0.0069357429
-1.6783066753,1.7603212107,-0.5859866058,-1.34262667,-2.247412863,2.0388409307,1.1310913414,0.0106778442,0.0069357429
-1.6782173123,1.7601757483,-0.5860178763,-1.3428489006,-2.2474452485,2.0388458203,1.1311711973,0.0106778442,0.0069357429
-1.6781244876,1.7600246437,-0.586050368,-1.3430797392,-2.2474788974,2.0388509069,1.1312541441,0.0106778442,0.0069357429
-1.6780281007,1.7598677319,-0.5860841179,-1.3433194354,-2.2475138478,2.0388561975,1.1313402711,0.0106778442,0.0069357429
-1.6779281084,1.7597049408,-0.5861191434,-1.3435680969,-2.2475501175,2.0388616961,1.1314296165,0.0106778442,0.0069357429
-1.6778245561,1.7595363424,-0.5861554314,-1.3438256101,-2.2475876924,2.0388674025,1.1315221386,0.0106778442,0.0069357429
-1.6777175109,1.7593620432,-0.5861929619,-1.3440918083,-2.2476265514,2.0388733156,1.131617777,0.0106778442,0.0069357429
-1.6776069883,1.7591820653,-0.5862317336,-1.3443666526,-2.2476666925,2.0388794377,1.1317165166,0.0106778442,0.0069357429
-1.6774929914,1.7589964104,-0.5862717501,-1.3446501347,-2.247708119,2.0388857725,1.1318183533,0.0106778442,0.0069357429
-1.6773755182,1.7588050703,-0.5863130185,-1.3449422595,-2.2477508373,2.0388923247,1.1319232874,0.0106778442,0.0069357429
-1.6772545824,1.758608062,-0.5863555414,-1.3452429919,-2.247794849,2.0388990995,1.1320313046,0.0106778442,0.0069357429
-1.6771302039,1.7584054108,-0.5863993214,-1.3455522819,-2.2478401556,2.038906103,1.1321423847,0.0106778442,0.0069357429
-1.677002393,1.758197125,-0.586444366,-1.3458701031,-2.2478867635,2.0389133434,1.1322565157,0.0106778442,0.0069357429
-1.676871151,1.7579831973,-0.5864906876,-1.3461964512,-2.2479346837,2.0389208303,1.132373693,0.0106778442,0.0069357429
-1.6767364656,1.7577635987,-0.5865383028,-1.3465313558,-2.2479839317,2.0389285739,1.1324939243,0.0106778442,0.0069357429
-1.6765983138,1.7575382851,-0.5865872286,-1.3468748728,-2.2480345242,2.0389365825,1.1326172277,0.0106778442,0.0069357429
-1.6764566741,1.7573072183,-0.5866374769,-1.347227056,-2.2480864725,2.0389448603,1.1327436214,0.0106778442,0.0069357429
-1.6763115358,1.7570703814,-0.5866890511,-1.3475879311,-2.2481397807,2.0389534079,1.1328731149,0.0106778442,0.0069357429
-1.6761628972,1.7568277728,-0.5867419501,-1.3479575028,-2.2481944475,2.0389622239,1.1330057101,0.0106778442,0.0069357429
-1.6760107612,1.7565793992,-0.5867961703,-1.3483357639,-2.2482504697,2.0389713062,1.133141405,0.0106778442,0.0069357429
-1.675855133,1.7563252709,-0.5868517078,-1.3487227015,-2.2483078435,2.0389806528,1.1332801956,0.0106778442,0.0069357429
-1.6756960188,1.756065399,-0.5869085586,-1.3491183004,-2.2483665651,2.038990262,1.1334220768,0.0106778442,0.0069357429
-1.6755334248,1.7557997947,-0.5869667195,-1.3495225451,-2.2484266312,2.0390001327,1.1335670432,0.0106778442,0.0069357429
-1.6753673571,1.7555284682,-0.587026188,-1.3499354204,-2.2484880392,2.0390102642,1.1337150895,0.0106778442,0.0069357429
-1.6751978216,1.7552514288,-0.5870869621,-1.3503569117,-2.2485507873,2.0390206563,1.1338662104,0.0106778442,0.0069357429
-1.6750248238,1.7549686852,-0.5871490408,-1.3507870048,-2.2486148741,2.0390313093,1.1340204006,0.0106778442,0.0069357429
-1.6748483694,1.7546802453,-0.5872124237,-1.3512256858,-2.2486802991,2.0390422241,1.1341776548,0.0106778442,0.0069357429
-1.6746684638,1.7543861165,-0.587277111,-1.3516729409,-2.2487470623,2.0390534022,1.1343379674,0.0106778442,0.0069357429
-1.6744851125,1.7540863055,-0.5873431038,-1.3521287559,-2.2488151642,2.0390648454,1.1345013327,0.0106778442,0.0069357429
-1.6742983213,1.753780819,-0.5874104036,-1.3525931166,-2.2488846061,2.0390765562,1.1346677448,0.0106778442,0.0069357429
-1.6741080957,1.7534696628,-0.5874790132,-1.3530660081,-2.2489553902,2.0390885378,1.1348371971,0.0106778442,0.0069357429
-1.6739144418,1.7531528426,-0.5875489358,-1.3535474155,-2.2490275191,2.0391007941,1.1350096832,0.0106778442,0.0069357429
-1.6737173649,1.7528303628,-0.5876201761,-1.354037324,-2.2491009969,2.0391133297,1.1351851961,0.0106778442,0.0069357429
-1.6735168706,1.7525022264,-0.5876927397,-1.3545357199,-2.2491758283,2.0391261503,1.1353637292,0.0106778442,0.0069357429
-1.6733129633,1.7521684347,-0.5877666337,-1.3550425906,-2.2492520196,2.039139262,1.1355452758,0.0106778442,0.0069357429
-1.6731056471,1.751828987,-0.5878418666,-1.3555579252,-2.2493295783,2.0391526724,1.1357298299,0.0106778442,0.0069357429
-1.6728949249,1.7514838804,-0.5879184483,-1.3560817151,-2.2494085132,2.0391663895,1.1359173857,0.0106778442,0.0069357429
-1.6726807986,1.7511331091,-0.5879963897,-1.3566139545,-2.2494888341,2.0391804222,1.1361079384,0.0106778442,0.0069357429
-1.6724632685,1.7507766652,-0.5880757032,-1.357154641,-2.2495705522,2.0391947799,1.1363014842,0.0106778442,0.0069357429
-1.6722423336,1.750414538,-0.5881564014,-1.3577037757,-2.249653679,2.0392094721,1.1364980207,0.0106778442,0.0069357429
-1.6720179916,1.7500467156,-0.5882384969,-1.3582613625,-2.2497382259,2.0392245078,1.1366975464,0.0106778442,0.0069357429
-1.6717902395,1.7496731853,-0.5883220016,-1.3588274074,-2.2498242041,2.0392398955,1.1369000609,0.0106778442,0.0069357429
-1.6715590743,1.7492939355,-0.588406926,-1.3594019168,-2.249911623,2.0392556424,1.1371055644,0.0106778442,0.0069357429
-1.6713244932,1.7489089564,-0.5884932788,-1.3599848963,-2.2500004908,2.0392717548,1.1373140569,0.0106778442,0.0069357429
-1.6710864944,1.7485182407,-0.5885810669,-1.3605763495,-2.2500908137,2.0392882372,1.1375255383,0.0106778442,0.0069357429
-1.6708450768,1.7481217833,-0.5886702955,-1.3611762783,-2.2501825966,2.0393050934,1.1377400081,0.0106778442,0.0069357429
-1.6706002393,1.7477195799,-0.5887609686,-1.3617846846,-2.2502758432,2.0393223263,1.137957466,0.0106778442,0.0069357429
-1.6703519804,1.747311626,-0.5888530898,-1.3624015718,-2.2503705567,2.0393399382,1.1381779127,0.0106778442,0.0069357429
-1.6701002975,1.7468979156,-0.5889466624,-1.363026946,-2.2504667405,2.0393579311,1.1384013497,0.0106778442,0.0069357429
-1.6698451877,1.7464784425,-0.5890416897,-1.363660814,-2.2505643974,2.0393763068,1.1386277789,0.0106778442,0.0069357429
-1.6695867088,1.746053301,-0.5891381513,-1.3643030319,-2.2506635064,2.0393950621,1.1388571487,0.0106778442,0.0069357429
-1.6693249998,1.7456227196,-0.5892359955,-1.3649532544,-2.2507640144,2.0394141869,1.1390893357,0.0106778442,0.0069357429
-1.6690602002,1.7451869271,-0.5893351708,-1.3656111353,-2.2508658685,2.0394336716,1.139324216,0.0106778442,0.0069357429
-1.6687924475,1.7447461489,-0.5894356273,-1.3662763321,-2.2509690171,2.0394535073,1.1395616672,0.0106778442,0.0069357429
-1.6685218774,1.7443006068,-0.5895373164,-1.3669485074,-2.2510734102,2.0394736858,1.1398015682,0.0106778442,0.0069357429
-1.6682486233,1.7438505176,-0.5896401919,-1.3676273297,-2.2511789997,2.0394941999,1.1400437998,0.0106778442,0.0069357429
-1.6679728161,1.743396094,-0.589744209,-1.3683124723,-2.2512857393,2.0395150433,1.1402882442,0.0106778442,0.0069357429
-1.6676945854,1.7429375458,-0.5898493245,-1.3690036123,-2.251393584,2.0395362103,1.1405347849,0.0106778442,0.0069357429
-1.6674140599,1.7424750813,-0.5899554956,-1.3697004288,-2.2515024892,2.0395576956,1.1407833061,0.0106778442,0.0069357429
-1.6671313682,1.7420089094,-0.5900626788,-1.3704026007,-2.2516124097,2.039579493,1.1410336919,0.0106778442,0.0069357429
-1.6668466402,1.7415392421,-0.5901708286,-1.371109804,-2.2517232984,2.0396015953,1.1412858259,0.0106778442,0.0069357429
-1.6665600087,1.741066298,-0.5902798959,-1.3718217076,-2.2518351052,2.039623993,1.1415395895,0.0106778442,0.0069357429
-1.6662716125,1.7405903078,-0.5903898268,-1.3725379658,-2.2519477748,2.0396466742,1.1417948598,0.0106778442,0.0069357429
-1.6659816009,1.7401115208,-0.590500561,-1.3732582074,-2.252061246,2.0396696245,1.1420515051,0.0106778442,0.0069357429
-1.6656901369,1.7396302097,-0.5906120324,-1.3739820265,-2.2521754515,2.0396928278,1.1423093817,0.0106778442,0.0069357429
-1.6653973947,1.7391466632,-0.5907241729,-1.3747089906,-2.2522903219,2.0397162691,1.1425683357,0.0106778442,0.0069357429
-1.6651035476,1.7386611661,-0.5908369186,-1.3754386687,-2.2524057914,2.0397399363,1.142828213,0.0106778442,0.0069357429
-1.6648087576,1.7381739825,-0.5909502126,-1.3761706576,-2.2525218011,2.0397638203,1.1430888688,0.0106778442,0.0069357429
-1.6645131778,1.7376853614,-0.5910640015,-1.3769045764,-2.2526382957,2.039787913,1.1433501661,0.0106778442,0.0069357429
-1.6642169567,1.7371955441,-0.5911782338,-1.3776400562,-2.2527552218,2.0398122066,1.1436119723,0.0106778442,0.0069357429
-1.66392024,1.7367047685,-0.5912928574,-1.3783767346,-2.2528725254,2.0398366922,1.1438741574,0.0106778442,0.0069357429
-1.6636231727,1.736213272,-0.5914078193,-1.3791142517,-2.2529901522,2.0398613603,1.1441365926,0.0106778442,0.0069357429
-1.6633258994,1.7357212927,-0.5915230654,-1.3798522483,-2.2531080464,2.0398862002,1.1443991496,0.0106778442,0.0069357429
-1.6630285653,1.73522907,-0.59163854,-1.3805903645,-2.2532261509,2.0399112004,1.1446617003,0.0106778442,0.0069357429
-1.6627313156,1.734736845,-0.5917541858,-1.3813282398,-2.2533444073,2.039936348,1.1449241168,0.0106778442,0.0069357429
-1.6624342962,1.73424486,-0.5918699441,-1.3820655131,-2.2534627558,2.0399616294,1.145186271,0.0106778442,0.0069357429
-1.6621376526,1.7337533585,-0.5919857552,-1.3828018235,-2.2535811354,2.0399870297,1.1454480354,0.0106778442,0.0069357429
-1.66184153,1.7332625834,-0.5921015581,-1.3835368122,-2.2536994844,2.0400125334,1.1457092834,0.0106778442,0.0069357429
-1.6615460709,1.7327727746,-0.592217292,-1.384270126,-2.2538177412,2.0400381246,1.1459698908,0.0106778442,0.0069357429
-1.6612514136,1.7322841644,-0.5923328978,-1.3850014231,-2.2539358459,2.0400637873,1.1462297373,0.0106778442,0.0069357429
-1.6609576874,1.73179697,-0.5924483208,-1.385730383,-2.2540537431,2.0400895074,1.1464887099,0.0106778442,0.0069357429
-1.660665009,1.7313113853,-0.5925635149,-1.3864567159,-2.2541713858,2.0401152746,1.1467467058,0.0106778442,0.0069357429
-1.6603734926,1.730827597,-0.5926784397,-1.3871801372,-2.2542887321,2.0401410819,1.1470036226,0.0106778442,0.0069357429
-1.660083263,1.7303458088,-0.5927930522,-1.3879003347,-2.2544057377,2.040166923,1.147259348,0.0106778442,0.0069357429
-1.6597944603,1.7298662499,-0.5929073024,-1.3886169591,-2.2545223509,2.040192789,1.1475137566,0.0106778442,0.0069357429
-1.6595072354,1.7293891701,-0.5930211327,-1.3893296346,-2.254638513,2.0402186681,1.1477667143,0.0106778442,0.0069357429
-1.6592217451,1.7289148314,-0.5931344798,-1.3900379713,-2.2547541594,2.040244545,1.1480180829,0.0106778442,0.0069357429
-1.6589381489,1.7284435017,-0.5932472766,-1.3907415733,-2.2548692221,2.0402704021,1.1482677229,0.0106778442,0.0069357429
-1.6586566071,1.7279754523,-0.5933594532,-1.391440043,-2.2549836307,2.0402962202,1.1485154945,0.0106778442,0.0069357429
-1.6583772803,1.7275109552,-0.5934709387,-1.3921329824,-2.2550973137,2.0403219794,1.1487612582,0.0106778442,0.0069357429
-1.658100329,1.7270502823,-0.5935816619,-1.3928199946,-2.2552101993,2.0403476591,1.1490048748,0.0106778442,0.0069357429
-1.6578259127,1.7265937041,-0.5936915521,-1.3935006845,-2.2553222161,2.0403732394,1.1492462059,0.0106778442,0.0069357429
-1.6575541897,1.726141488,-0.5938005401,-1.3941746602,-2.2554332944,2.0403987012,1.149485114,0.0106778442,0.0069357429
-1.6572853165,1.7256938976,-0.5939085586,-1.3948415343,-2.2555433658,2.0404240262,1.1497214628,0.0106778442,0.0069357429
-1.6570194472,1.725251192,-0.5940155422,-1.3955009249,-2.2556523644,2.0404491974,1.1499551178,0.0106778442,0.0069357429
-1.6567567341,1.7248136259,-0.5941214275,-1.3961524552,-2.2557602256,2.0404741988,1.150185946,0.0106778442,0.0069357429
-1.6564973276,1.7243814509,-0.5942261524,-1.3967957522,-2.2558668864,2.040499015,1.1504138156,0.0106778442,0.0069357429
-1.656241377,1.7239549161,-0.5943296559,-1.3974304462,-2.2559722847,2.040523631,1.1506385958,0.0106778442,0.0069357429
-1.65598903,1.7235342682,-0.5944318777,-1.3980561708,-2.2560763592,2.0405480324,1.150860157,0.0106778442,0.0069357429
-1.6557404325,1.7231197504,-0.5945327584,-1.3986725645,-2.2561790494,2.0405722048,1.1510783714,0.0106778442,0.0069357429
-1.6554956676,1.7227115024,-0.5946322626,-1.3992794213,-2.2562803194,2.0405961389,1.1512931663,0.0106778442,0.0069357429
-1.6552547359,1.7223095278,-0.5947303867,-1.3998767402,-2.256380166,2.040619832,1.1515045422,0.0106778442,0.0069357429
-1.6550176365,1.7219138279,-0.5948271267,-1.4004645243,-2.2564785856,2.0406432809,1.1517125012,0.0106778442,0.0069357429
-1.654784369,1.7215244056,-0.5949224775,-1.4010427756,-2.2565755736,2.0406664817,1.1519170453,0.0106778442,0.0069357429
-1.6545549336,1.7211412662,-0.5950164323,-1.4016114941,-2.2566711238,2.0406894294,1.152118176,0.0106778442,0.0069357429
-1.6543293318,1.7207644177,-0.5951089825,-1.4021706774,-2.2567652281,2.0407121175,1.1523158945,0.0106778442,0.0069357429
-1.6541075663,1.7203938713,-0.5952001172,-1.4027203208,-2.2568578768,2.0407345386,1.1525102014,0.0106778442,0.0069357429
-1.6538896396,1.7200296391,-0.595289824,-1.4032604194,-2.2569490583,2.0407566837,1.1527010978,0.0106778442,0.0069357429
-1.6536755543,1.7196717336,-0.5953780895,-1.4037909695,-2.2570387603,2.0407785435,1.1528885851,0.0106778442,0.0069357429
-1.6534653119,1.7193201663,-0.5954649002,-1.4043119697,-2.2571269705,2.0408001078,1.1530726661,0.0106778442,0.0069357429
-1.6532589126,1.7189749462,-0.5955502431,-1.4048234216,-2.257213677,2.0408213671,1.1532533445,0.0106778442,0.0069357429
-1.6530563553,1.7186360799,-0.5956341063,-1.4053253304,-2.257298869,2.0408423121,1.1534306251,0.0106778442,0.0069357429
-1.6528576376,1.7183035711,-0.5957164792,-1.4058177042,-2.2573825369,2.0408629345,1.1536045135,0.0106778442,0.0069357429
-1.6526627561,1.7179774209,-0.595797353,-1.4063005538,-2.2574646729,2.0408832269,1.1537750161,0.0106778442,0.0069357429
-1.6524717064,1.7176576281,-0.5958767205,-1.4067738916,-2.2575452705,2.0409031829,1.1539421395,0.0106778442,0.0069357429
-1.6522844836,1.7173441896,-0.5959545757,-1.4072377317,-2.2576243245,2.0409227973,1.1541058905,0.0106778442,0.0069357429
-1.6521010821,1.7170371005,-0.5960309145,-1.407692089,-2.2577018314,2.0409420656,1.154266276,0.0106778442,0.0069357429
-1.6519214962,1.716736355,-0.5961057337,-1.4081369788,-2.2577777884,2.0409609842,1.1544233028,0.0106778442,0.0069357429
-1.6517457204,1.7164419467,-0.5961790311,-1.408572416,-2.2578521939,2.0409795505,1.1545769772,0.0106778442,0.0069357429
-1.651573749,1.7161538687,-0.5962508053,-1.4089984152,-2.2579250468,2.0409977622,1.1547273053,0.0106778442,0.0069357429
-1.6514055766,1.7158721137,-0.596321056,-1.4094149903,-2.257996347,2.0410156179,1.1548742927,0.0106778442,0.0069357429
-1.6512411979,1.7155966739,-0.5963897833,-1.4098221552,-2.2580660949,2.0410331167,1.1550179447,0.0106778442,0.0069357429
-1.6510806073,1.715327541,-0.5964569883,-1.4102199237,-2.2581342917,2.0410502582,1.1551582665,0.0106778442,0.0069357429
-1.6509237992,1.7150647063,-0.5965226727,-1.4106083096,-2.2582009392,2.0410670425,1.1552952632,0.0106778442,0.0069357429
-1.650770768,1.7148081599,-0.5965868389,-1.4109873272,-2.2582660398,2.0410834702,1.1554289398,0.0106778442,0.0069357429
-1.6506215078,1.7145578918,-0.5966494901,-1.4113569906,-2.2583295968,2.0410995426,1.155559301,0.0106778442,0.0069357429
-1.6504760129,1.7143138915,-0.5967106301,-1.4117173135,-2.2583916138,2.0411152612,1.1556863514,0.0106778442,0.0069357429
-1.6503342786,1.7140761497,-0.5967702627,-1.4120683074,-2.2584520946,2.041130628,1.1558100946,0.0106778442,0.0069357429
-1.6501963021,1.7138446609,-0.5968283912,-1.4124099782,-2.2585110421,2.0411456447,1.1559305321,0.0106778442,0.0069357429
-1.6500620855,1.7136194272,-0.5968850162,-1.4127423206,-2.2585684571,2.0411603123,1.1560476616,0.0106778442,0.0069357429
-1.6499316395,1.7134004671,-0.5969401329,-1.4130653079,-2.2586243347,2.0411746295,1.1561614739,0.0106778442,0.0069357429
-1.6498049875,1.7131878227,-0.5969937272,-1.4133788828,-2.2586786608,2.0411885902,1.1562719497,0.0106778442,0.0069357429
-1.649682156,1.712981545,-0.5970457781,-1.413682982,-2.2587314152,2.0412021845,1.1563790692,0.0106778442,0.0069357429
-1.6495631612,1.7127816697,-0.5970962654,-1.4139775684,-2.258782579,2.0412154006,1.1564828224,0.0106778442,0.0069357429
-1.6494480052,1.7125882092,-0.597145175,-1.4142626396,-2.2588321388,2.0412282283,1.156583212,0.0106778442,0.0069357429
-1.6493366801,1.712401158,-0.5971924984,-1.4145382178,-2.2588800874,2.0412406597,1.1566802484,0.0106778442,0.0069357429
-1.6492291738,1.7122205018,-0.5972382313,-1.4148043353,-2.2589264214,2.0412526891,1.1567739455,0.0106778442,0.0069357429
-1.6491254731,1.7120462234,-0.5972823719,-1.4150610262,-2.2589711395,2.0412643125,1.156864317,0.0106778442,0.0069357429
-1.649025566,1.7118783065,-0.5973249193,-1.4153083217,-2.2590142416,2.0412755268,1.1569513755,0.0106778442,0.0069357429
-1.6489294414,1.7117167354,-0.5973658737,-1.4155462504,-2.259055728,2.0412863297,1.157035132,0.0106778442,0.0069357429
-1.6488370819,1.7115614834,-0.5974052386,-1.4157748562,-2.259095603,2.0412967205,1.1571156031,0.0106778442,0.0069357429
-1.648748432,1.7114124591,-0.5974430347,-1.4159942771,-2.2591338876,2.041306703,1.157192838,0.0106778442,0.0069357429
-1.6486634045,1.7112695173,-0.5974792969,-1.4162047299,-2.2591706176,2.0413162855,1.1572669135,0.0106778442,0.0069357429
-1.6485819181,1.7111325229,-0.5975140578,-1.4164064156,-2.2592058259,2.0413254755,1.1573379011,0.0106778442,0.0069357429
-1.648503891,1.711001339,-0.5975473508,-1.4165995378,-2.2592395467,2.0413342811,1.1574058726,0.0106778442,0.0069357429
-1.6484292418,1.7108758301,-0.597579209,-1.4167842976,-2.2592718138,2.0413427104,1.1574708992,0.0106778442,0.0069357429
-1.6483578902,1.7107558618,-0.5976096658,-1.4169608944,-2.2593026607,2.0413507716,1.1575330515,0.0106778442,0.0069357429
-1.6482897565,1.7106413006,-0.597638754,-1.4171295257,-2.2593321211,2.0413584731,1.1575923991,0.0106778442,0.0069357429
-1.6482247616,1.7105320144,-0.5976665065,-1.4172903872,-2.2593602284,2.041365823,1.1576490111,0.0106778442,0.0069357429
-1.6481628285,1.7104278737,-0.5976929557,-1.41744367,-2.2593870152,2.0413728297,1.1577029549,0.0106778442,0.0069357429
-1.6481038811,1.7103287513,-0.5977181333,-1.4175895625,-2.2594125139,2.0413795012,1.1577542971,0.0106778442,0.0069357429
-1.6480478442,1.710234521,-0.5977420708,-1.4177282508,-2.2594367563,2.0413858455,1.1578031032,0.0106778442,0.0069357429
-1.6479946432,1.7101450577,-0.5977647996,-1.4178599198,-2.2594597745,2.0413918708,1.1578494385,0.0106778442,0.0069357429
-1.6479442036,1.7100602366,-0.5977863511,-1.4179847537,-2.2594816001,2.0413975852,1.1578933679,0.0106778442,0.0069357429
-1.6478964514,1.7099799332,-0.5978067565,-1.4181029362,-2.2595022648,2.0414029967,1.1579349561,0.0106778442,0.0069357429
-1.6478513126,1.7099040234,-0.5978260471,-1.4182146504,-2.2595218004,2.0414081135,1.1579742676,0.0106778442,0.0069357429
-1.6478087132,1.709832383,-0.5978442541,-1.4183200792,-2.2595402384,2.0414129437,1.158011367,0.0106778442,0.0069357429
-1.6477685795,1.7097648883,-0.5978614088,-1.4184194055,-2.2595576107,2.0414174954,1.1580463185,0.0106778442,0.0069357429
-1.6477308377,1.7097014153,-0.5978775424,-1.4185128116,-2.2595739488,2.0414217768,1.1580791865,0.0106778442,0.0069357429
-1.6476954143,1.7096418405,-0.5978926862,-1.41860048,-2.2595892844,2.0414257962,1.1581100352,0.0106778442,0.0069357429
-1.6476622355,1.7095860401,-0.5979068714,-1.4186825927,-2.2596036491,2.0414295616,1.1581389287,0.0106778442,0.0069357429
-1.647631228,1.7095338907,-0.5979201292,-1.4187593317,-2.2596170747,2.0414330812,1.1581659311,0.0106778442,0.0069357429
-1.6476023183,1.709485269,-0.5979324909,-1.4188308788,-2.2596295927,2.0414363634,1.1581911064,0.0106778442,0.0069357429
-1.647575433,1.7094400516,-0.5979439877,-1.4188974154,-2.2596412348,2.0414394162,1.1582145185,0.0106778442,0.0069357429
-1.6475504989,1.7093981154,-0.5979546507,-1.4189591231,-2.2596520325,2.041442248,1.1582362313,0.0106778442,0.0069357429
-1.6475274427,1.7093593372,-0.5979645112,-1.4190161832,-2.2596620176,2.0414448669,1.1582563086,0.0106778442,0.0069357429
-1.6475061913,1.7093235942,-0.5979736003,-1.4190687767,-2.2596712214,2.0414472812,1.1582748141,0.0106778442,0.0069357429
-1.6474866715,1.7092907633,-0.5979819493,-1.4191170846,-2.2596796758,2.0414494991,1.1582918117,0.0106778442,0.0069357429
-1.6474688102,1.7092607216,-0.5979895893,-1.419161288,-2.2596874121,2.0414515288,1.1583073649,0.0106778442,0.0069357429
-1.6474525343,1.7092333463,-0.5979965514,-1.4192015677,-2.2596944621,2.0414533785,1.1583215375,0.0106778442,0.0069357429
-1.6474377707,1.7092085145,-0.5980028669,-1.4192381045,-2.2597008572,2.0414550567,1.1583343931,0.0106778442,0.0069357429
-1.6474244465,1.7091861034,-0.598008567,-1.4192710794,-2.2597066291,2.0414565714,1.1583459953,0.0106778442,0.0069357429
-1.6474124884,1.7091659902,-0.5980136828,-1.419300673,-2.2597118093,2.0414579309,1.1583564078,0.0106778442,0.0069357429
-1.6474018235,1.7091480518,-0.5980182456,-1.4193270664,-2.2597164296,2.0414591436,1.1583656942,0.0106778442,0.0069357429
-1.6473923786,1.7091321653,-0.5980222866,-1.4193504406,-2.2597205215,2.0414602176,1.1583739183,0.0106778442,0.0069357429
-1.6473840804,1.7091182076,-0.5980258371,-1.4193709767,-2.2597241166,2.0414611614,1.1583811438,0.0106778442,0.0069357429
-1.6473768557,1.7091060555,-0.5980289284,-1.4193888562,-2.2597272468,2.0414619831,1.1583874345,0.0106778442,0.0069357429
-1.6473706312,1.7090955855,-0.5980315918,-1.4194042605,-2.2597299438,2.0414626912,1.1583928544,0.0106778442,0.0069357429
-1.6473653333,1.7090866742,-0.5980338589,-1.4194173717,-2.2597322393,2.0414632939,1.1583974674,0.0106778442,0.0069357429
-1.6473608883,1.7090791975,-0.598035761,-1.4194283719,-2.2597341653,2.0414637996,1.1584013377,0.0106778442,0.0069357429
-1.6473572225,1.7090730314,-0.5980373297,-1.4194374438,-2.2597357538,2.0414642167,1.1584045296,0.0106778442,0.0069357429
-1.6473542619,1.7090680513,-0.5980385967,-1.4194447707,-2.2597370367,2.0414645537,1.1584071074,0.0106778442,0.0069357429
-1.647351932,1.7090641323,-0.5980395938,-1.4194505365,-2.2597380463,2.0414648188,1.158409136,0.0106778442,0.0069357429
-1.6473501584,1.7090611489,-0.5980403529,-1.4194549258,-2.2597388149,2.0414650207,1.1584106803,0.0106778442,0.0069357429
-1.647348866,1.7090589749,-0.598040906,-1.4194581243,-2.259739375,2.0414651678,1.1584118056,0.0106778442,0.0069357429
-1.6473479792,1.7090574834,-0.5980412855,-1.4194603187,-2.2597397593,2.0414652687,1.1584125777,0.0106778442,0.0069357429
-1.6473474222,1.7090565464,-0.598041524,-1.4194616971,-2.2597400007,2.0414653321,1.1584130627,0.0106778442,0.0069357429
-1.6473471182,1.709056035,-0.5980416541,-1.4194624495,-2.2597401325,2.0414653667,1.1584133274,0.0106778442,0.0069357429
-1.6473469899,1.7090558192,-0.598041709,-1.419462767,-2.2597401881,2.0414653814,1.1584134391,0.0106778442,0.0069357429
-1.6473469601,1.709055769,-0.5980417218,-1.4194628408,-2.259740201,2.0414653848,1.158413465,0.0106778442,0.0069357429
-1.6473469592,1.7090557675,-0.5980417221,-1.419462843,-2.2597402014,2.0414653849,1.1584134658,0.0106778442,0.0069357429
-1.6473469573,1.7090557643,-0.598041723,-1.4194628478,-2.2597402023,2.0414653851,1.1584134675,0.0106778442,0.0069357429
-1.6473469573,1.7090557643,-0.598041723,-1.4194628478,-2.2597402023,2.0414653851,1.1584134675,0.0106778442,0.0069357429
-1.6473469573,1.7090557643,-0.598041723,-1.4194628478,-2.2597402023,2.0414653851,1.1584134675,0.0106778442,0.0069357429
-1.6473469573,1.7090557643,-0.598041723,-1.4194628478,-2.2597402023,2.0414653851,1.1584134675,0.0106778442,0.0069357429
-1.6473469573,1.7090557643,-0.598041723,-1.4194628478,-2.2597402023,2.0414653851,1.1584134675,0.0106778442,0.0069357429
-1.6473469573,1.7090557643,-0.598041723,-1.4194628478,-2.2597402023,2.0414653851,1.1584134675,0.0106778442,0.0069357429
-1.6473469573,1.7090557643,-0.598041723,-1.4194628478,-2.2597402023,2.0414653851,1.1584134675,0.0106778442,0.0069357429
-1.6473469573,1.7090557643,-0.598041723,-1.4194628478,-2.2597402023,2.0414653851,1.1584134675,0.0106778442,0.0069357429
-1.6473469573,1.7090557643,-0.598041723,-1.4194628478,-2.2597402023,2.0414653851,1.1584134675,0.0106778442,0.0069357429
-1.6473469573,1.7090557643,-0.598041723,-1.4194628478,-2.2597402023,2.0414653851,1.1584134675,0.0106778442,0.0069357429
-1.6473469573,1.7090557643,-0.598041723,-1.4194628478,-2.2597402023,2.0414653851,1.1584134675,0.0106778442,0.0069357429
-1.6473469573,1.7090557643,-0.598041723,-1.4194628478,-2.2597402023,2.0414653851,1.1584134675,0.0106778442,0.0069357429
-1.6473469573,1.7090557643,-0.598041723,-1.4194628478,-2.2597402023,2.0414653851,1.1584134675,0.0106778442,0.0069357429
-1.6473469573,1.7090557643,-0.598041723,-1.4194628478,-2.2597402023,2.0414653851,1.1584134675,0.0106778442,0.0069357429
-1.6473469573,1.7090557643,-0.598041723,-1.4194628478,-2.2597402023,2.0414653851,1.1584134675,0.0106778442,0.0069357429
-1.6473469573,1.7090557643,-0.598041723,-1.4194628478,-2.2597402023,2.0414653851,1.1584134675,0.0106778442,0.0069357429
-1.6473469573,1.7090557643,-0.598041723,-1.4194628478,-2.2597402023,2.0414653851,1.1584134675,0.0106778442,0.0069357429
-1.6473469573,1.7090557643,-0.598041723,-1.4194628478,-2.2597402023,2.0414653851,1.1584134675,0.0106778442,0.0069357429
-1.6473469573,1.7090557643,-0.598041723,-1.4194628478,-2.2597402023,2.0414653851,1.1584134675,0.0106778442,0.0069357429
-1.6473469573,1.7090557643,-0.598041723,-1.4194628478,-2.2597402023,2.0414653851,1.1584134675,0.0106778442,0.0069357429
-1.6473469573,1.7090557643,-0.598041723,-1.4194628478,-2.2597402023,2.0414653851,1.1584134675,0.0106778442,0.0069357429
-1.6473469573,1.7090557643,-0.598041723,-1.4194628478,-2.2597402023,2.0414653851,1.1584134675,0.0106778442,0.0069357429
-1.6473469573,1.7090557643,-0.598041723,-1.4194628478,-2.2597402023,2.0414653851,1.1584134675,0.0106778442,0.0069357429
-1.6473469573,1.7090557643,-0.598041723,-1.4194628478,-2.2597402023,2.0414653851,1.1584134675,0.0106778442,0.0069357429
-1.6473469573,1.7090557643,-0.598041723,-1.4194628478,-2.2597402023,2.0414653851,1.1584134675,0.0106778442,0.0069357429
-1.6473469573,1.7090557643,-0.598041723,-1.4194628478,-2.2597402023,2.0414653851,1.1584134675,0.0106778442,0.0069357429
-1.6473469573,1.7090557643,-0.598041723,-1.4194628478,-2.2597402023,2.0414653851,1.1584134675,0.0106778442,0.0069357429
-1.6473469573,1.7090557643,-0.598041723,-1.4194628478,-2.2597402023,2.0414653851,1.1584134675,0.0106778442,0.0069357429
-1.6473469573,1.7090557643,-0.598041723,-1.4194628478,-2.2597402023,2.0414653851,1.1584134675,0.0106778442,0.0069357429
-1.6473469573,1.7090557643,-0.598041723,-1.4194628478,-2.2597402023,2.0414653851,1.1584134675,0.0106778442,0.0069357429
-1.6473469573,1.7090557643,-0.598041723,-1.4194628478,-2.2597402023,2.0414653851,1.1584134675,0.0106778442,0.0069357429
-1.6473469573,1.7090557643,-0.598041723,-1.4194628478,-2.2597402023,2.0414653851,1.1584134675,0.0106778442,0.0069357429
-1.6473469573,1.7090557643,-0.598041723,-1.4194628478,-2.2597402023,2.0414653851,1.1584134675,0.0106778442,0.0069357429
-1.6473469573,1.7090557643,-0.598041723,-1.4194628478,-2.2597402023,2.0414653851,1.1584134675,0.0106778442,0.0069357429
-1.6473469573,1.7090557643,-0.598041723,-1.4194628478,-2.2597402023,2.0414653851,1.1584134675,0.0106778442,0.0069357429
-1.6473469573,1.7090557643,-0.598041723,-1.4194628478,-2.2597402023,2.0414653851,1.1584134675,0.0106778442,0.0069357429
-1.6473469573,1.7090557643,-0.598041723,-1.4194628478,-2.2597402023,2.0414653851,1.1584134675,0.0106778442,0.0069357429
-1.6473469573,1.7090557643,-0.598041723,-1.4194628478,-2.2597402023,2.0414653851,1.1584134675,0.0106778442,0.0069357429
-1.6473469573,1.7090557643,-0.598041723,-1.4194628478,-2.2597402023,2.0414653851,1.1584134675,0.0106778442,0.0069357429
-1.6473469573,1.7090557643,-0.598041723,-1.4194628478,-2.2597402023,2.0414653851,1.1584134675,0.0106778442,0.0069357429
-1.6473469573,1.7090557643,-0.598041723,-1.4194628478,-2.2597402023,2.0414653851,1.1584134675,0.0106778442,0.0069357429
-1.6473469573,1.7090557643,-0.598041723,-1.4194628478,-2.2597402023,2.0414653851,1.1584134675,0.0106778442,0.0069357429
-1.6473469573,1.7090557643,-0.598041723,-1.4194628478,-2.2597402023,2.0414653851,1.1584134675,0.0106778442,0.0069357429
-1.6473469573,1.7090557643,-0.598041723,-1.4194628478,-2.2597402023,2.0414653851,1.1584134675,0.0106778442,0.0069357429
-1.6473469573,1.7090557643,-0.598041723,-1.4194628478,-2.2597402023,2.0414653851,1.1584134675,0.0106778442,0.0069357429
-1.6473469573,1.7090557643,-0.598041723,-1.4194628478,-2.2597402023,2.0414653851,1.1584134675,0.0106778442,0.0069357429
-1.6473469573,1.7090557643,-0.598041723,-1.4194628478,-2.2597402023,2.0414653851,1.1584134675,0.0106778442,0.0069357429
-1.6473469573,1.7090557643,-0.598041723,-1.4194628478,-2.2597402023,2.0414653851,1.1584134675,0.0106778442,0.0069357429
-1.6473469573,1.7090557643,-0.598041723,-1.4194628478,-2.2597402023,2.0414653851,1.1584134675,0.0106778442,0.0069357429
-1.6473469573,1.7090557643,-0.598041723,-1.4194628478,-2.2597402023,2.0414653851,1.1584134675,0.0106778442,0.0069357429
-1.6473469573,1.7090557643,-0.598041723,-1.4194628478,-2.2597402023,2.0414653851,1.1584134675,0.0106778442,0.0069357429
-1.6473469573,1.7090557643,-0.598041723,-1.4194628478,-2.2597402023,2.0414653851,1.1584134675,0.0106778442,0.0069357429
-1.6473469573,1.7090557643,-0.598041723,-1.4194628478,-2.2597402023,2.0414653851,1.1584134675,0.0106778442,0.0069357429
-1.6473469573,1.7090557643,-0.598041723,-1.4194628478,-2.2597402023,2.0414653851,1.1584134675,0.0106778442,0.0069357429
-1.6473469573,1.7090557643,-0.598041723,-1.4194628478,-2.2597402023,2.0414653851,1.1584134675,0.0106778442,0.0069357429
-1.6473469573,1.7090557643,-0.598041723,-1.4194628478,-2.2597402023,2.0414653851,1.1584134675,0.0106778442,0.0069357429
-1.6473469573,1.7090557643,-0.598041723,-1.4194628478,-2.2597402023,2.0414653851,1.1584134675,0.0106778442,0.0069357429
-1.6473469573,1.7090557643,-0.598041723,-1.4194628478,-2.2597402023,2.0414653851,1.1584134675,0.0106778442,0.0069357429
-1.6473469573,1.7090557643,-0.598041723,-1.4194628478,-2.2597402023,2.0414653851,1.1584134675,0.0106778442,0.0069357429
-1.6473469546,1.709055763,-0.598041722,-1.4194628528,-2.2597402016,2.0414653829,1.158413469,0.0106778442,0.0069357429
-1.6473468961,1.7090557359,-0.5980417006,-1.4194629602,-2.2597401855,2.0414653358,1.1584135018,0.0106778442,0.0069357429
-1.6473466867,1.7090556385,-0.5980416238,-1.4194633453,-2.259740128,2.0414651671,1.1584136191,0.0106778442,0.0069357429
-1.6473462153,1.7090554193,-0.598041451,-1.4194642123,-2.2597399985,2.0414647872,1.1584138833,0.0106778442,0.0069357429
-1.6473453996,1.70905504,-0.598041152,-1.4194657121,-2.2597397745,2.0414641299,1.1584143404,0.0106778442,0.0069357429
-1.6473441608,1.709054464,-0.5980406979,-1.41946799,-2.2597394342,2.0414631316,1.1584150346,0.0106778442,0.0069357429
-1.6473423926,1.7090536419,-0.5980400496,-1.4194712413,-2.2597389484,2.0414617068,1.1584160254,0.0106778442,0.0069357429
-1.6473400086,1.7090525335,-0.5980391755,-1.4194756248,-2.2597382935,2.0414597857,1.1584173613,0.0106778442,0.0069357429
-1.6473369307,1.7090511024,-0.5980380469,-1.4194812844,-2.2597374477,2.0414573054,1.1584190859,0.0106778442,0.0069357429
-1.647333052,1.709049299,-0.5980366246,-1.4194884164,-2.2597363819,2.0414541797,1.1584212593,0.0106778442,0.0069357429
-1.6473282519,1.7090470673,-0.5980348642,-1.4194972425,-2.2597350628,2.0414503114,1.1584239488,0.0106778442,0.0069357429
-1.6473224209,1.7090443562,-0.5980327257,-1.4195079644,-2.2597334601,2.0414456122,1.158427216,0.0106778442,0.0069357429
-1.6473154559,1.709041118,-0.5980301711,-1.4195207712,-2.2597315457,2.0414399992,1.1584311184,0.0106778442,0.0069357429
-1.6473072524,1.709037304,-0.5980271621,-1.4195358552,-2.2597292907,2.0414333879,1.1584357147,0.0106778442,0.0069357429
-1.6472977044,1.7090328648,-0.5980236597,-1.4195534115,-2.2597266658,2.0414256929,1.1584410642,0.0106778442,0.0069357429
-1.6472867062,1.7090277515,-0.598019625,-1.4195736343,-2.259723642,2.0414168291,1.1584472261,0.0106778442,0.0069357429
-1.6472741526,1.7090219152,-0.5980150195,-1.4195967169,-2.2597201903,2.0414067116,1.1584542592,0.0106778442,0.0069357429
-1.6472599385,1.7090153068,-0.5980098045,-1.4196228527,-2.2597162817,2.0413952556,1.1584622226,0.0106778442,0.0069357429
-1.6472439584,1.7090078776,-0.5980039411,-1.4196522355,-2.2597118871,2.0413823762,1.1584711751,0.0106778442,0.0069357429
-1.6472261068,1.7089995783,-0.5979973907,-1.4196850594,-2.2597069774,2.0413679882,1.158481176,0.0106778442,0.0069357429
-1.6472062781,1.7089903599,-0.5979901142,-1.4197215186,-2.2597015234,2.0413520065,1.1584922842,0.0106778442,0.0069357429
-1.6471843666,1.7089801733,-0.597982073,-1.4197618074,-2.259695496,2.0413343457,1.1585045591,0.0106778442,0.0069357429
-1.6471602665,1.7089689693,-0.597973228,-1.4198061203,-2.2596888661,2.0413149206,1.1585180598,0.0106778442,0.0069357429
-1.6471338719,1.7089566987,-0.5979635402,-1.4198546518,-2.2596816042,2.0412936459,1.1585328455,0.0106778442,0.0069357429
-1.647105077,1.7089433123,-0.5979529707,-1.4199075967,-2.2596736813,2.0412704361,1.1585489755,0.0106778442,0.0069357429
-1.6470737756,1.7089287609,-0.5979414804,-1.4199651501,-2.2596650679,2.0412452056,1.1585665093,0.0106778442,0.0069357429
-1.6470398617,1.7089129951,-0.5979290303,-1.4200275068,-2.2596557348,2.0412178688,1.1585855061,0.0106778442,0.0069357429
-1.6470032292,1.7088959656,-0.5979155812,-1.4200948622,-2.2596456526,2.0411883402,1.1586060253,0.0106778442,0.0069357429
-1.6469637717,1.708877623,-0.597901094,-1.4201674113,-2.259634792,2.0411565341,1.1586281265,0.0106778442,0.0069357429
-1.6469213831,1.708857918,-0.5978855295,-1.4202453498,-2.2596231234,2.0411223646,1.158651869,0.0106778442,0.0069357429
-1.646875957,1.7088368012,-0.5978688484,-1.4203288729,-2.2596106175,2.041085746,1.1586773123,0.0106778442,0.0069357429
-1.6468273871,1.7088142231,-0.5978510117,-1.4204181762,-2.2595972448,2.0410465925,1.158704516,0.0106778442,0.0069357429
-1.6467755668,1.7087901343,-0.5978319799,-1.4205134555,-2.2595829758,2.0410048182,1.1587335396,0.0106778442,0.0069357429
-1.6467203898,1.7087644853,-0.5978117138,-1.4206149064,-2.259567781,2.0409603371,1.1587644425,0.0106778442,0.0069357429
-1.6466617495,1.7087372267,-0.597790174,-1.4207227246,-2.2595516309,2.0409130633,1.1587972844,0.0106778442,0.0069357429
-1.6465995395,1.708708309,-0.5977673213,-1.4208371061,-2.2595344959,2.0408629109,1.1588321249,0.0106778442,0.0069357429
-1.6465336531,1.7086776827,-0.5977431163,-1.4209582467,-2.2595163465,2.0408097937,1.1588690235,0.0106778442,0.0069357429
-1.6464639837,1.7086452983,-0.5977175194,-1.4210863423,-2.259497153,2.0407536258,1.1589080398,0.0106778442,0.0069357429
-1.6463904248,1.7086111062,-0.5976904914,-1.4212215889,-2.2594768858,2.040694321,1.1589492334,0.0106778442,0.0069357429
-1.6463128698,1.708575057,-0.5976619928,-1.4213641825,-2.2594555153,2.0406317934,1.158992664,0.0106778442,0.0069357429
-1.6462312119,1.708537101,-0.5976319842,-1.4215143191,-2.2594330118,2.0405659567,1.159038391,0.0106778442,0.0069357429
-1.6461453445,1.7084971889,-0.5976004259,-1.4216721948,-2.2594093456,2.0404967248,1.1590864742,0.0106778442,0.0069357429
-1.646055161,1.708455271,-0.5975672786,-1.4218380056,-2.259384487,2.0404240116,1.159136973,0.0106778442,0.0069357429
-1.6459605547,1.7084112978,-0.5975325027,-1.4220119475,-2.2593584064,2.0403477309,1.1591899472,0.0106778442,0.0069357429
-1.6458614189,1.7083652199,-0.5974960586,-1.4221942168,-2.2593310739,2.0402677965,1.1592454563,0.0106778442,0.0069357429
-1.6457576469,1.7083169876,-0.5974579069,-1.4223850093,-2.2593024598,2.0401841224,1.1593035598,0.0106778442,0.0069357429
-1.6456491321,1.7082665514,-0.5974180078,-1.4225845212,-2.2592725344,2.0400966221,1.1593643174,0.0106778442,0.0069357429
-1.6455357678,1.7082138619,-0.5973763218,-1.4227929486,-2.2592412677,2.0400052096,1.1594277885,0.0106778442,0.0069357429
-1.6454174473,1.7081588695,-0.5973328094,-1.4230104873,-2.2592086301,2.0399097987,1.1594940329,0.0106778442,0.0069357429
-1.6452940639,1.7081015247,-0.5972874307,-1.4232373335,-2.2591745916,2.0398103032,1.1595631098,0.0106778442,0.0069357429
-1.6451655139,1.7080417793,-0.5972401472,-1.4234736781,-2.2591391231,2.0397066389,1.1596350775,0.0106778442,0.0069357429
-1.6450317435,1.7079796084,-0.5971909386,-1.4237196196,-2.2591022094,2.0395987625,1.1597099656,0.0106778442,0.0069357429
-1.6448927414,1.707915007,-0.5971398002,-1.4239751787,-2.2590638466,2.0394866645,1.1597877802,0.0106778442,0.0069357429
-1.6447485121,1.7078479771,-0.5970867328,-1.424240347,-2.2590240353,2.0393703482,1.1598685186,0.0106778442,0.0069357429
-1.6445990312,1.7077785076,-0.597031727,-1.4245151694,-2.2589827683,2.0392497936,1.1599521941,0.0106778442,0.0069357429
-1.6444442711,1.7077065857,-0.5969747719,-1.4247996962,-2.2589400372,2.0391249781,1.1600388219,0.0106778442,0.0069357429
-1.6442842315,1.7076322113,-0.5969158667,-1.4250939281,-2.2588958412,2.0389959012,1.1601284018,0.0106778442,0.0069357429
-1.6441188924,1.7075553754,-0.5968550033,-1.4253979017,-2.2588501741,2.0388625462,1.1602209449,0.0106778442,0.0069357429
-1.6439482254,1.7074760648,-0.5967921706,-1.4257116689,-2.2588030274,2.0387248902,1.1603164665,0.0106778442,0.0069357429
-1.6437722311,1.7073942799,-0.5967273679,-1.4260352287,-2.2587544003,2.038582933,1.1604149661,0.0106778442,0.0069357429
-1.6435909235,1.7073100274,-0.5966605997,-1.4263685548,-2.258704296,2.0384366856,1.1605164354,0.0106778442,0.0069357429
-1.643404306,1.707223309,-0.5965918662,-1.426711641,-2.2586527145,2.0382861503,1.1606208723,0.0106778442,0.0069357429
-1.6432123753,1.7071341233,-0.5965211654,-1.4270644935,-2.2585996541,2.038131324,1.1607282781,0.0106778442,0.0069357429
-1.6430151295,1.7070424696,-0.5964484957,-1.4274271151,-2.2585451132,2.0379722048,1.1608386535,0.0106778442,0.0069357429
-1.6428125687,1.706948348,-0.5963738562,-1.427799506,-2.258489091,2.0378087922,1.1609519982,0.0106778442,0.0069357429
-1.6426046922,1.7068517583,-0.5962972455,-1.4281816667,-2.2584315862,2.0376410852,1.161068312,0.0106778442,0.0069357429
-1.642391499,1.7067527004,-0.5962186625,-1.4285735992,-2.2583725977,2.0374690825,1.161187595,0.0106778442,0.0069357429
-1.6421729882,1.7066511739,-0.5961381055,-1.4289753048,-2.258312124,2.0372927828,1.1613098473,0.0106778442,0.0069357429
-1.6419491592,1.7065471788,-0.5960555733,-1.4293867844,-2.2582501638,2.0371121852,1.1614350688,0.0106778442,0.0069357429
-1.6417200116,1.706440715,-0.5959710646,-1.4298080387,-2.258186716,2.0369272887,1.1615632592,0.0106778442,0.0069357429
-1.641485545,1.7063317825,-0.595884578,-1.430239068,-2.2581217792,2.0367380924,1.1616944181,0.0106778442,0.0069357429
-1.6412457592,1.7062203815,-0.5957961122,-1.4306798725,-2.258055352,2.0365445955,1.1618285453,0.0106778442,0.0069357429
-1.641000654,1.7061065121,-0.5957056658,-1.4311304522,-2.2579874331,2.0363467972,1.1619656401,0.0106778442,0.0069357429
-1.6407502296,1.7059901745,-0.5956132374,-1.4315908068,-2.2579180212,2.0361446971,1.162105702,0.0106778442,0.0069357429
-1.640494486,1.705871369,-0.5955188258,-1.4320609355,-2.2578471149,2.0359382944,1.1622487303,0.0106778442,0.0069357429
-1.6402334236,1.705750096,-0.5954224295,-1.4325408377,-2.2577747127,2.0357275887,1.1623947241,0.0106778442,0.0069357429
-1.6399670428,1.705626356,-0.5953240471,-1.4330305123,-2.2577008133,2.0355125796,1.1625436826,0.0106778442,0.0069357429
-1.639695344,1.7055001495,-0.5952236772,-1.4335299581,-2.257625415,2.0352932666,1.1626956048,0.0106778442,0.0069357429
-1.6394183279,1.7053714769,-0.5951213182,-1.4340391736,-2.2575485165,2.0350696494,1.1628504897,0.0106778442,0.0069357429
-1.6391359952,1.7052403389,-0.5950169688,-1.4345581571,-2.2574701161,2.0348417278,1.163008336,0.0106778442,0.0069357429
-1.6388483468,1.7051067361,-0.5949106273,-1.4350869069,-2.2573902123,2.0346095014,1.1631691426,0.0106778442,0.0069357429
-1.6385553834,1.7049706694,-0.5948022922,-1.4356254208,-2.2573088032,2.0343729702,1.1633329081,0.0106778442,0.0069357429
-1.6382571061,1.7048321394,-0.5946919617,-1.4361736966,-2.2572258873,2.0341321338,1.1634996311,0.0106778442,0.0069357429
-1.637953516,1.7046911471,-0.5945796342,-1.436731732,-2.2571414625,2.0338869921,1.16366931,0.0106778442,0.0069357429
-1.6376446143,1.7045476933,-0.5944653079,-1.4372995243,-2.2570555272,2.0336375451,1.1638419434,0.0106778442,0.0069357429
-1.6373304022,1.7044017789,-0.594348981,-1.4378770708,-2.2569680793,2.0333837925,1.1640175294,0.0106778442,0.0069357429
-1.6370108812,1.704253405,-0.5942306515,-1.4384643685,-2.2568791168,2.0331257344,1.1641960664,0.0106778442,0.0069357429
-1.6366860527,1.7041025727,-0.5941103174,-1.4390614141,-2.2567886375,2.0328633707,1.1643775523,0.0106778442,0.0069357429
-1.6363559182,1.7039492832,-0.5939879768,-1.4396682042,-2.2566966393,2.0325967014,1.1645619851,0.0106778442,0.0069357429
-1.6360204796,1.7037935376,-0.5938636275,-1.4402847351,-2.2566031199,2.0323257265,1.1647493628,0.0106778442,0.0069357429
-1.6356797387,1.7036353373,-0.5937372672,-1.4409110029,-2.2565080768,2.0320504461,1.1649396831,0.0106778442,0.0069357429
-1.6353336975,1.7034746838,-0.5936088936,-1.4415470029,-2.2564115077,2.0317708605,1.1651329434,0.0106778442,0.0069357429
-1.6349823585,1.7033115785,-0.5934785045,-1.4421927306,-2.2563134098,2.0314869698,1.1653291411,0.0106778442,0.0069357429
-1.634625724,1.7031460233,-0.5933460974,-1.4428481805,-2.2562137807,2.0311987745,1.1655282735,0.0106778442,0.0069357429
-1.6342637971,1.7029780201,-0.5932116698,-1.4435133466,-2.2561126175,2.0309062753,1.1657303374,0.0106778442,0.0069357429
-1.6338965809,1.7028075708,-0.5930752193,-1.4441882223,-2.2560099174,2.0306094729,1.1659353293,0.0106778442,0.0069357429
-1.6335240792,1.7026346779,-0.5929367433,-1.4448727997,-2.2559056777,2.0303083685,1.1661432456,0.0106778442,0.0069357429
-1.6331462965,1.7024593441,-0.5927962392,-1.4455670703,-2.2557998953,2.0300029636,1.166354082,0.0106778442,0.0069357429
-1.6327632377,1.7022815724,-0.5926537048,-1.4462710236,-2.2556925673,2.0296932602,1.1665678339,0.0106778442,0.0069357429
-1.6323749091,1.7021013663,-0.5925091374,-1.4469846477,-2.2555836909,2.029379261,1.1667844958,0.0106778442,0.0069357429
-1.6319813177,1.70191873,-0.592362535,-1.4477079284,-2.255473263,2.0290609692,1.1670040618,0.0106778442,0.0069357429
-1.6315824717,1.7017336681,-0.5922138952,-1.4484408496,-2.2553612807,2.0287383891,1.1672265251,0.0106778442,0.0069357429
-1.6311783801,1.7015461855,-0.5920632159,-1.4491833939,-2.2552477409,2.028411525,1.1674518782,0.0106778442,0.0069357429
-1.6307690519,1.7013562875,-0.5919104942,-1.4499355436,-2.2551326401,2.0280803813,1.1676801136,0.0106778442,0.0069357429
-1.6303544965,1.7011639794,-0.5917557273,-1.4506972801,-2.2550159744,2.0277449625,1.1679112234,0.0106778442,0.0069357429
-1.6299347234,1.7009692666,-0.5915989118,-1.4514685845,-2.2548977397,2.027405273,1.1681451992,0.0106778442,0.0069357429
-1.6295097427,1.7007721551,-0.591440044,-1.452249437,-2.2547779313,2.0270613172,1.1683820325,0.0106778442,0.0069357429
-1.6290795647,1.7005726508,-0.5912791197,-1.4530398169,-2.2546565441,2.0267130996,1.168621714,0.0106778442,0.0069357429
-1.6286442002,1.7003707601,-0.5911161344,-1.453839703,-2.2545335725,2.0263606246,1.1688642342,0.0106778442,0.0069357429
-1.6282036603,1.7001664896,-0.5909510828,-1.4546490728,-2.2544090103,2.0260038969,1.1691095828,0.0106778442,0.0069357429
-1.6277579567,1.6999598462,-0.5907839594,-1.4554679031,-2.2542828508,2.0256429209,1.1693577493,0.0106778442,0.0069357429
-1.6273071016,1.6997508374,-0.5906147577,-1.4562961695,-2.2541550865,2.0252777012,1.1696087223,0.0106778442,0.0069357429
-1.6268511074,1.6995394706,-0.5904434707,-1.4571338465,-2.2540257091,2.0249082421,1.1698624898,0.0106778442,0.0069357429
-1.6263899875,1.6993257541,-0.5902700903,-1.4579809075,-2.2538947095,2.0245345482,1.1701190391,0.0106778442,0.0069357429
-1.6259237556,1.6991096964,-0.5900946079,-1.4588373244,-2.2537620777,2.0241566237,1.1703783567,0.0106778442,0.0069357429
-1.6254524259,1.6988913064,-0.5899170135,-1.4597030681,-2.2536278023,2.0237744729,1.1706404283,0.0106778442,0.0069357429
-1.6249760134,1.6986705936,-0.589737296,-1.4605781079,-2.2534918709,2.0233880997,1.1709052387,0.0106778442,0.0069357429
-1.6244945338,1.6984475682,-0.5895554429,-1.4614624117,-2.2533542697,2.0229975078,1.1711727715,0.0106778442,0.0069357429
-1.6240080031,1.6982222405,-0.5893714402,-1.4623559458,-2.2532149831,2.0226027006,1.1714430093,0.0106778442,0.0069357429
-1.6235164383,1.697994622,-0.5891852721,-1.4632586751,-2.2530739936,2.0222036809,1.1717159337,0.0106778442,0.0069357429
-1.6230198567,1.6977647243,-0.5889969204,-1.4641705629,-2.2529312817,2.0218004509,1.1719915247,0.0106778442,0.0069357429
-1.6225182763,1.6975325599,-0.5888063649,-1.4650915709,-2.2527868252,2.021393012,1.1722697612,0.0106778442,0.0069357429
-1.6220117157,1.697298142,-0.5886135821,-1.4660216594,-2.2526405993,2.0209813646,1.1725506203,0.0106778442,0.0069357429
-1.6215001935,1.6970614844,-0.5884185455,-1.4669607875,-2.2524925755,2.0205655074,1.1728340778,0.0106778442,0.0069357429
-1.6209837288,1.6968226016,-0.5882212245,-1.4679089131,-2.2523427215,2.0201454375,1.1731201076,0.0106778442,0.0069357429
-1.6204623402,1.6965815086,-0.588021584,-1.4688659937,-2.2521910005,2.0197211497,1.173408682,0.0106778442,0.0069357429
-1.619936046,1.696338221,-0.5878195834,-1.4698319869,-2.2520373703,2.0192926358,1.1736997716,0.0106778442,0.0069357429
-1.6194048629,1.6960927545,-0.5876151759,-1.4708068517,-2.2518817823,2.0188598836,1.1739933452,0.0106778442,0.0069357429
-1.6188688057,1.6958451248,-0.5874083071,-1.4717905495,-2.2517241811,2.0184228762,1.1742893703,0.0106778442,0.0069357429
-1.6183278857,1.6955953472,-0.5871989145,-1.4727830467,-2.2515645029,2.0179815903,1.1745878135,0.0106778442,0.0069357429
-1.6177821093,1.6953434356,-0.586986926,-1.4737843175,-2.2514026751,2.017535995,1.1748886412,0.0106778442,0.0069357429
-1.6172314758,1.6950894017,-0.5867722592,-1.4747943476,-2.2512386154,2.0170860504,1.1751918208,0.0106778442,0.0069357429
-1.6166759751,1.6948332539,-0.586554822,-1.4758131385,-2.2510722325,2.0166317054,1.1754973224,0.0106778442,0.0069357429
-1.6161155857,1.6945749956,-0.5863345133,-1.4768407122,-2.2509034275,2.016172898,1.1758051211,0.0106778442,0.0069357429
-1.6155502727,1.694314624,-0.5861112273,-1.477877115,-2.2507320976,2.0157095552,1.1761151996,0.0106778442,0.0069357429
-1.614979989,1.6940521295,-0.5858848587,-1.4789224171,-2.250558142,2.0152415968,1.1764275501,0.0106778442,0.0069357429
-1.614404678,1.6937874962,-0.5856553118,-1.4799767082,-2.25038147,2.0147689413,1.1767421755,0.0106778442,0.0069357429
-1.6138242804,1.6935207041,-0.5854225085,-1.4810400869,-2.250202009,2.0142915143,1.1770590881,0.0106778442,0.0069357429
-1.6132387423,1.6932517321,-0.585186395,-1.4821126461,-2.2500197103,2.0138092562,1.1773783063,0.0106778442,0.0069357429
-1.6126480222,1.6929805617,-0.5849469437,-1.4831944598,-2.24983455,2.0133221282,1.1776998505,0.0106778442,0.0069357429
-1.612052095,1.6927071798,-0.5847041498,-1.4842855752,-2.2496465256,2.0128301127,1.1780237384,0.0106778442,0.0069357429
-1.6114509488,1.6924315777,-0.5844580244,-1.4853860172,-2.2494556492,2.012333208,1.1783499847,0.0106778442,0.0069357429
-1.6108445802,1.6921537496,-0.5842085882,-1.4864957968,-2.2492619419,2.0118314222,1.178678602,0.0106778442,0.0069357429
-1.6102329917,1.6918736922,-0.5839558673,-1.4876149142,-2.2490654295,2.0113247701,1.1790096006,0.0106778442,0.0069357429
-1.6096161898,1.691591404,-0.5836998907,-1.4887433626,-2.2488661405,2.0108132701,1.1793429889,0.0106778442,0.0069357429
-1.6089941834,1.6913068846,-0.583440688,-1.4898811307,-2.2486641034,2.0102969423,1.1796787736,0.0106778442,0.0069357429
-1.6083669823,1.6910201344,-0.5831782874,-1.4910282055,-2.2484593457,2.0097758069,1.1800169606,0.0106778442,0.0069357429
-1.6077345963,1.690731154,-0.5829127157,-1.4921845734,-2.2482518932,2.0092498833,1.1803575546,0.0106778442,0.0069357429
-1.6070970345,1.690439944,-0.5826439971,-1.4933502218,-2.2480417691,2.008719189,1.1807005598,0.0106778442,0.0069357429
-1.6064543048,1.6901465048,-0.582372153,-1.4945251399,-2.2478289942,2.0081837395,1.1810459805,0.0106778442,0.0069357429
-1.605806413,1.6898508364,-0.5820972019,-1.49570932,-2.2476135865,2.0076435479,1.1813938205,0.0106778442,0.0069357429
-1.6051533637,1.6895529384,-0.5818191596,-1.4969027566,-2.2473955611,2.0070986247,1.181744084,0.0106778442,0.0069357429
-1.6044951597,1.6892528098,-0.581538039,-1.4981054471,-2.2471749308,2.0065489782,1.1820967749,0.0106778442,0.0069357429
-1.6038318029,1.6889504496,-0.5812538506,-1.4993173898,-2.2469517059,2.0059946148,1.182451897,0.0106778442,0.0069357429
-1.6031632941,1.6886458567,-0.5809666027,-1.5005385846,-2.2467258943,2.0054355394,1.1828094538,0.0106778442,0.0069357429
-1.6024896332,1.6883390298,-0.580676301,-1.5017690332,-2.246497502,2.0048717547,1.1831694485,0.0106778442,0.0069357429
-1.6018108189,1.6880299671,-0.5803829491,-1.5030087387,-2.2462665326,2.004303262,1.1835318842,0.0106778442,0.0069357429
-1.6011268491,1.687718667,-0.5800865486,-1.5042577058,-2.2460329877,2.0037300608,1.1838967641,0.0106778442,0.0069357429
-1.6004377204,1.6874051272,-0.5797870988,-1.5055159405,-2.245796867,2.003152149,1.1842640909,0.0106778442,0.0069357429
-1.5997434287,1.6870893456,-0.5794845969,-1.5067834507,-2.2455581681,2.0025695228,1.1846338675,0.0106778442,0.0069357429
-1.5990439687,1.6867713196,-0.5791790382,-1.5080602454,-2.2453168866,2.001982177,1.1850060967,0.0106778442,0.0069357429
-1.598339339,1.6864510487,-0.5788704183,-1.5093463264,-2.2450730182,2.0013901088,1.1853807785,0.0106778442,0.0069357429
-1.5976295933,1.6861285574,-0.5785587555,-1.5106415953,-2.2448265764,2.000793361,1.1857578835,0.0106778442,0.0069357429
-1.596914822,1.6858038871,-0.5782440839,-1.511945886,-2.2445775867,2.0001920072,1.1861373624,0.0106778442,0.0069357429
-1.5961951159,1.6854770797,-0.5779264362,-1.5132590313,-2.2443260736,1.9995861206,1.1865191649,0.0106778442,0.0069357429
-1.5954705653,1.6851481766,-0.5776058438,-1.5145808653,-2.2440720601,1.9989757734,1.1869032412,0.0106778442,0.0069357429
-1.5947412594,1.6848172191,-0.5772823366,-1.5159112236,-2.2438155679,1.9983610364,1.1872895414,0.0106778442,0.0069357429
-1.5940072862,1.6844842482,-0.5769559432,-1.5172499434,-2.2435566175,1.9977419792,1.1876780158,0.0106778442,0.0069357429
-1.5932687333,1.6841493044,-0.5766266911,-1.5185968634,-2.2432952283,1.9971186704,1.1880686151,0.0106778442,0.0069357429
-1.5925256868,1.6838124277,-0.5762946066,-1.5199518241,-2.2430314186,1.9964911774,1.1884612904,0.0106778442,0.0069357429
-1.5917782323,1.683473658,-0.5759597152,-1.5213146675,-2.2427652062,1.9958595666,1.1888559933,0.0106778442,0.0069357429
-1.5910264543,1.6831330344,-0.575622042,-1.5226852372,-2.2424966082,1.9952239038,1.1892526758,0.0106778442,0.0069357429
-1.5902704365,1.6827905957,-0.5752816119,-1.5240633783,-2.242225642,1.9945842541,1.1896512909,0.0106778442,0.0069357429
-1.589510262,1.6824463804,-0.57493845,-1.5254489374,-2.241952325,1.9939406825,1.1900517921,0.0106778442,0.0069357429
-1.5887460133,1.6821004261,-0.5745925826,-1.5268417622,-2.241676676,1.9932932541,1.190454134,0.0106778442,0.0069357429
-1.5879777728,1.6817527703,-0.5742440373,-1.5282417008,-2.2413987149,1.9926420348,1.190858272,0.0106778442,0.0069357429
-1.5872056233,1.6814034501,-0.5738928443,-1.5296486015,-2.2411184646,1.9919870919,1.1912641628,0.0106778442,0.0069357429
-1.5864296485,1.6810525025,-0.5735390372,-1.5310623114,-2.240835951,1.9913284949,1.1916717638,0.0106778442,0.0069357429
-1.5856499337,1.6806999646,-0.5731826544,-1.5324826749,-2.2405512046,1.9906663169,1.1920810333,0.0106778442,0.0069357429
-1.5848665677,1.6803458744,-0.5728237401,-1.5339095317,-2.2402642616,1.9900006358,1.19249193,0.0106778442,0.0069357429
-1.5840796437,1.679990271,-0.5724623455,-1.5353427139,-2.239975165,1.9893315359,1.1929044124,0.0106778442,0.0069357429
-1.5832892619,1.6796331957,-0.5720985304,-1.5367820421,-2.2396839653,1.98865911,1.1933184376,0.0106778442,0.0069357429
-1.5824955315,1.6792746934,-0.571732363,-1.5382273211,-2.2393907209,1.9879834605,1.1937339598,0.0106778442,0.0069357429
-1.5816985733,1.6789148139,-0.5713639192,-1.5396783354,-2.2390954969,1.987304701,1.1941509282,0.0106778442,0.0069357429
-1.5808985209,1.6785536128,-0.5709932798,-1.5411348455,-2.238798362,1.9866229556,1.1945692848,0.0106778442,0.0069357429
-1.5800955208,1.6781911525,-0.5706205249,-1.542596588,-2.238499383,1.9859383556,1.1949889623,0.0106778442,0.0069357429
-1.5792897283,1.6778275017,-0.5702457265,-1.54406328,-2.2381986182,1.9852510346,1.1954098835,0.0106778442,0.0069357429
-1.5784813019,1.6774627328,-0.5698689407,-1.5455346303,-2.2378961091,1.9845611199,1.1958319624,0.0106778442,0.0069357429
-1.5776703947,1.6770969188,-0.5694902017,-1.5470103534,-2.2375918765,1.9838687251,1.196255108,0.0106778442,0.0069357429
-1.5768571475,1.6767301297,-0.5691095211,-1.5484901829,-2.2372859191,1.9831739451,1.1966792288,0.0106778442,0.0069357429
-1.5760416852,1.67636243,-0.5687268913,-1.5499738797,-2.2369782184,1.9824768553,1.197104237,0.0106778442,0.0069357429
-1.5752241194,1.675993879,-0.5683422935,-1.5514612272,-2.2366687456,1.9817775177,1.1975300495,0.0106778442,0.0069357429
-1.5744045537,1.6756245328,-0.5679557037,-1.5529520234,-2.2363574677,1.9810759866,1.1979565871,0.0106778442,0.0069357429
-1.5735830859,1.6752544441,-0.5675670976,-1.5544460775,-2.2360443516,1.9803723123,1.1983837742,0.0106778442,0.0069357429
-1.5727598098,1.6748836636,-0.5671764529,-1.5559432063,-2.2357293669,1.9796665438,1.198811539,0.0106778442,0.0069357429
-1.5719348171,1.6745122404,-0.5667837519,-1.5574432318,-2.2354124877,1.9789587309,1.1992398129,0.0106778442,0.0069357429
-1.5711081983,1.6741402218,-0.5663889822,-1.558945979,-2.2350936937,1.9782489252,1.1996685297,0.0106778442,0.0069357429
-1.5702800439,1.6737676548,-0.5659921374,-1.5604512745,-2.2347729705,1.977537181,1.2000976261,0.0106778442,0.0069357429
-1.5694504445,1.6733945854,-0.5655932176,-1.5619589453,-2.23445031,1.9768235558,1.2005270402,0.0106778442,0.0069357429
-1.5686194917,1.6730210592,-0.5651922284,-1.5634688181,-2.2341257098,1.9761081105,1.2009567121,0.0106778442,0.0069357429
-1.5677872776,1.6726471217,-0.5647891813,-1.5649807192,-2.2337991731,1.975390909,1.2013865832,0.0106778442,0.0069357429
-1.5669538955,1.672272818,-0.5643840932,-1.5664944741,-2.2334707085,1.9746720185,1.2018165961,0.0106778442,0.0069357429
-1.5661194396,1.6718981933,-0.5639769859,-1.5680099074,-2.2331403291,1.9739515088,1.2022466943,0.0106778442,0.0069357429
-1.565284005,1.6715232925,-0.5635678855,-1.5695268425,-2.2328080525,1.9732294528,1.2026768223,0.0106778442,0.0069357429
-1.5644476876,1.6711481607,-0.5631568224,-1.5710451022,-2.2324739003,1.9725059257,1.2031069252,0.0106778442,0.0069357429
-1.5636105844,1.6707728426,-0.5627438305,-1.5725645082,-2.2321378979,1.9717810049,1.2035369491,0.0106778442,0.0069357429
-1.5627727928,1.6703973833,-0.5623289474,-1.5740848815,-2.2318000736,1.97105477,1.2039668403,0.0106778442,0.0069357429
-1.5619344111,1.6700218275,-0.5619122135,-1.5756060425,-2.2314604588,1.9703273023,1.2043965459,0.0106778442,0.0069357429
-1.5610955381,1.6696462201,-0.561493672,-1.5771278108,-2.2311190878,1.9695986848,1.2048260135,0.0106778442,0.0069357429
-1.5602562731,1.669270606,-0.5610733685,-1.5786500055,-2.2307759971,1.9688690021,1.2052551909,0.0106778442,0.0069357429
-1.5594167159,1.6688950298,-0.5606513511,-1.5801724455,-2.2304312255,1.96813834,1.2056840266,0.0106778442,0.0069357429
-1.5585769618,1.6685195341,-0.5602276677,-1.5816949579,-2.2300848119,1.9674067816,1.2061124722,0.0106778442,0.0069357429
-1.5577370506,1.6681441359,-0.5598023426,-1.5832174714,-2.2297367772,1.9666743636,1.2065405088,0.0106778442,0.0069357429
-1.5568969847,1.6677688353,-0.5593753849,-1.5847399834,-2.22938713,1.9659410917,1.206968138,0.0106778442,0.0069357429
-1.5560567648,1.6673936312,-0.5589468039,-1.586262494,-2.2290358796,1.965206971,1.2073953627,0.0106778442,0.0069357429
-1.5552163921,1.6670185228,-0.55851661,-1.5877850033,-2.2286830359,1.9644720071,1.2078221857,0.0106778442,0.0069357429
-1.5543758676,1.6666435091,-0.5580848137,-1.5893075112,-2.2283286096,1.9637362057,1.2082486105,0.0106778442,0.0069357429
-1.5535351924,1.6662685891,-0.5576514264,-1.5908300178,-2.2279726117,1.962999573,1.2086746403,0.0106778442,0.0069357429
-1.5526943676,1.6658937615,-0.557216459,-1.5923525231,-2.2276150531,1.9622621151,1.2091002788,0.0106778442,0.0069357429
-1.5518533945,1.6655190253,-0.5567799225,-1.5938750271,-2.2272559446,1.9615238379,1.2095255297,0.0106778442,0.0069357429
-1.551012274,1.6651443792,-0.5563418271,-1.5953975297,-2.2268952962,1.9607847472,1.2099503969,0.0106778442,0.0069357429
-1.5501710072,1.664769822,-0.5559021822,-1.596920031,-2.2265331175,1.9600448484,1.2103748842,0.0106778442,0.0069357429
-1.549329595,1.6643953525,-0.5554609959,-1.5984425309,-2.2261694164,1.9593041462,1.2107989955,0.0106778442,0.0069357429
-1.5484880381,1.6640209693,-0.5550182745,-1.5999650294,-2.2258041994,1.9585626445,1.2112227346,0.0106778442,0.0069357429
-1.5476463371,1.6636466711,-0.5545740226,-1.6014875266,-2.2254374715,1.9578203463,1.2116461052,0.0106778442,0.0069357429
-1.5468044923,1.6632724568,-0.5541282427,-1.6030100224,-2.2250692351,1.9570772537,1.2120691112,0.0106778442,0.0069357429
-1.5459625039,1.6628983249,-0.5536809349,-1.6045325168,-2.2246994912,1.9563333675,1.2124917563,0.0106778442,0.0069357429
-1.5451203719,1.6625242741,-0.5532320973,-1.60605501,-2.2243282381,1.9555886876,1.2129140442,0.0106778442,0.0069357429
-1.544278096,1.6621503031,-0.552781726,-1.6075775021,-2.2239554728,1.954843213,1.2133359785,0.0106778442,0.0069357429
-1.5434356758,1.6617764106,-0.5523298151,-1.6090999932,-2.2235811902,1.9540969416,1.213757563,0.0106778442,0.0069357429
-1.5425931106,1.661402595,-0.5518763573,-1.6106224835,-2.2232053837,1.9533498707,1.2141788015,0.0106778442,0.0069357429
-1.5417503998,1.661028855,-0.551421344,-1.6121449731,-2.2228280456,1.9526019969,1.2145996978,0.0106778442,0.0069357429
-1.5409075425,1.6606551892,-0.5509647653,-1.6136674622,-2.2224491674,1.9518533163,1.2150202559,0.0106778442,0.0069357429
-1.5400645378,1.6602815961,-0.5505066111,-1.6151899512,-2.2220687399,1.9511038248,1.2154404798,0.0106778442,0.0069357429
-1.5392213848,1.6599080742,-0.5500468704,-1.6167124403,-2.2216867534,1.9503535178,1.2158603734,0.0106778442,0.0069357429
-1.5383780824,1.6595346222,-0.5495855323,-1.6182349297,-2.2213031981,1.9496023908,1.2162799408,0.0106778442,0.0069357429
-1.5375346296,1.6591612388,-0.5491225852,-1.6197574197,-2.2209180636,1.948850439,1.2166991856,0.0106778442,0.0069357429
-1.5366910254,1.6587879227,-0.5486580175,-1.6212799104,-2.2205313395,1.9480976573,1.2171181114,0.0106778442,0.0069357429
-1.5358472687,1.6584146728,-0.5481918171,-1.6228024023,-2.220143015,1.9473440406,1.2175367213,0.0106778442,0.0069357429
-1.535003368,1.6580414926,-0.5477239774,-1.6243248777,-2.2197530836,1.9465895923,1.2179550133,0.0106778442,0.0069357429
-1.5341594079,1.6576684187,-0.5472545382,-1.6258471835,-2.2193615783,1.9458343853,1.2183729484,0.0106778442,0.0069357429
-1.5333155004,1.6572955,-0.5467835566,-1.6273691165,-2.2189685466,1.9450785183,1.2187904736,0.0106778442,0.0069357429
-1.5324717588,1.6569227861,-0.5463110904,-1.6288904718,-2.2185740367,1.9443220907,1.2192075353,0.0106778442,0.0069357429
-1.5316282969,1.6565503271,-0.5458371982,-1.6304110432,-2.2181780973,1.9435652028,1.2196240786,0.0106778442,0.0069357429
-1.5307852297,1.6561781737,-0.545361939,-1.6319306226,-2.2177807774,1.9428079555,1.2200400476,0.0106778442,0.0069357429
-1.5299426728,1.6558063772,-0.5448853725,-1.6334490005,-2.2173821265,1.9420504504,1.2204553858,0.0106778442,0.0069357429
-1.5291007426,1.6554349892,-0.5444075591,-1.6349659662,-2.2169821947,1.9412927898,1.2208700356,0.0106778442,0.0069357429
-1.5282595562,1.6550640618,-0.5439285602,-1.6364813079,-2.2165810329,1.9405350769,1.2212839389,0.0106778442,0.0069357429
-1.527419231,1.6546936471,-0.543448438,-1.6379948131,-2.2161786928,1.9397774153,1.2216970373,0.0106778442,0.0069357429
-1.5265798849,1.6543237977,-0.5429672561,-1.6395062689,-2.2157752272,1.9390199094,1.222109272,0.0106778442,0.0069357429
-1.5257416361,1.6539545661,-0.5424850791,-1.6410154617,-2.2153706901,1.9382626646,1.222520584,0.0106778442,0.0069357429
-1.5249046031,1.653586005,-0.5420019735,-1.6425221776,-2.214965137,1.937505787,1.2229309144,0.0106778442,0.0069357429
-1.524068905,1.6532181672,-0.5415180073,-1.6440262023,-2.214558625,1.9367493837,1.223340204,0.0106778442,0.0069357429
-1.523234661,1.6528511055,-0.5410332505,-1.6455273211,-2.2141512131,1.935993563,1.2237483942,0.0106778442,0.0069357429
-1.5224019909,1.6524848726,-0.5405477756,-1.6470253191,-2.2137429624,1.9352384344,1.2241554261,0.0106778442,0.0069357429
-1.5215710149,1.6521195214,-0.5400616569,-1.6485199807,-2.2133339363,1.9344841086,1.2245612414,0.0106778442,0.0069357429
-1.5207418535,1.6517551048,-0.5395749717,-1.6500110902,-2.2129242006,1.9337306981,1.2249657817,0.0106778442,0.0069357429
-1.5199146279,1.6513916754,-0.5390878001,-1.6514984312,-2.2125138238,1.9329783165,1.2253689892,0.0106778442,0.0069357429
-1.5190894597,1.6510292863,-0.5386002249,-1.652981787,-2.2121028775,1.9322270796,1.2257708064,0.0106778442,0.0069357429
-1.5182664711,1.6506679901,-0.5381123326,-1.6544609404,-2.211691436,1.9314771047,1.2261711761,0.0106778442,0.0069357429
-1.517445785,1.6503078397,-0.5376242127,-1.6559356735,-2.2112795775,1.9307285112,1.2265700418,0.0106778442,0.0069357429
-1.5166275249,1.6499488878,-0.5371359588,-1.6574057679,-2.2108673834,1.9299814205,1.2269673471,0.0106778442,0.0069357429
-1.5158118149,1.6495911871,-0.5366476681,-1.6588710048,-2.2104549388,1.9292359564,1.2273630364,0.0106778442,0.0069357429
-1.5149987798,1.6492347903,-0.536159442,-1.6603311649,-2.2100423331,1.9284922446,1.2277570547,0.0106778442,0.0069357429
-1.5141885447,1.6488797498,-0.5356713861,-1.6617860285,-2.2096296594,1.9277504133,1.2281493474,0.0106778442,0.0069357429
-1.5133812355,1.6485261181,-0.5351836103,-1.6632353761,-2.2092170152,1.9270105929,1.228539861,0.0106778442,0.0069357429
-1.512576978,1.6481739472,-0.5346962286,-1.6646789884,-2.2088045019,1.9262729156,1.2289285427,0.0106778442,0.0069357429
-1.5117758981,1.6478232886,-0.5342093589,-1.666116647,-2.2083922247,1.9255375156,1.2293153406,0.0106778442,0.0069357429
-1.5109781208,1.6474741935,-0.5337231223,-1.6675481355,-2.2079802923,1.9248045279,1.2297002042,0.0106778442,0.0069357429
-1.5101837701,1.6471267119,-0.5332376424,-1.6689732403,-2.2075688155,1.9240740878,1.2300830842,0.0106778442,0.0069357429
-1.5093929674,1.6467808927,-0.5327530435,-1.6703917524,-2.2071579063,1.9233463295,1.2304639334,0.0106778442,0.0069357429
-1.5086058309,1.6464367832,-0.5322694481,-1.671803469,-2.2067476751,1.9226213844,1.2308427061,0.0106778442,0.0069357429
-1.5078224734,1.6460944285,-0.5317869743,-1.6732081961,-2.2063382285,1.9218993783,1.2312193593,0.0106778442,0.0069357429
-1.5070430008,1.6457538709,-0.531305731,-1.6746057523,-2.2059296648,1.9211804284,1.2315938526,0.0106778442,0.0069357429
-1.506267507,1.6454151481,-0.5308258102,-1.675995975,-2.2055220667,1.920464637,1.2319661499,0.0106778442,0.0069357429
-1.5054960751,1.6450782943,-0.5303472827,-1.6773787189,-2.2051154973,1.9197520898,1.2323362179,0.0106778442,0.0069357429
-1.5047287802,1.6447433413,-0.5298701974,-1.67875385,-2.2047099992,1.9190428575,1.2327040241,0.0106778442,0.0069357429
-1.5039656948,1.6444103209,-0.5293945854,-1.6801212358,-2.2043055978,1.9183370016,1.2330695349,0.0106778442,0.0069357429
-1.5032068942,1.6440792672,-0.5289204681,-1.6814807368,-2.203902309,1.9176345809,1.2334327135,0.0106778442,0.0069357429
-1.5024524612,1.6437502178,-0.5284478659,-1.682832199,-2.2035001474,1.9169356588,1.2337935188,0.0106778442,0.0069357429
-1.5017024882,1.6434232144,-0.5279768061,-1.6841754515,-2.2030991337,1.916240308,1.2341519054,0.0106778442,0.0069357429
-1.500957078,1.6430983027,-0.5275073285,-1.6855103057,-2.2026992995,1.9155486133,1.2345078243,0.0106778442,0.0069357429
-1.5002163426,1.642775532,-0.5270394873,-1.6868365584,-2.2023006904,1.914860672,1.2348612235,0.0106778442,0.0069357429
-1.4994804014,1.642454954,-0.5265733518,-1.6881539942,-2.2019033655,1.914176593,1.2352120493,0.0106778442,0.0069357429
-1.4987493799,1.6421366225,-0.5261090048,-1.6894623891,-2.2015073968,1.9134964949,1.2355602467,0.0106778442,0.0069357429
-1.498023408,1.6418205922,-0.525646541,-1.6907615128,-2.2011128676,1.9128205043,1.2359057601,0.0106778442,0.0069357429
-1.4973026182,1.6415069189,-0.5251860647,-1.6920511315,-2.2007198698,1.9121487541,1.2362485337,0.0106778442,0.0069357429
-1.4965871452,1.6411956587,-0.5247276874,-1.6933310089,-2.2003285026,1.9114813813,1.2365885115,0.0106778442,0.0069357429
-1.4958771245,1.6408868678,-0.5242715262,-1.6946009076,-2.1999388703,1.9108185262,1.2369256379,0.0106778442,0.0069357429
-1.4951726823,1.6405805982,-0.5238176959,-1.6958606079,-2.1995510754,1.9101603219,1.2372598617,0.0106778442,0.0069357429
-1.4944738692,1.6402768686,-0.5233662665,-1.697110026,-2.1991651827,1.9095068325,1.2375911683,0.0106778442,0.0069357429
-1.4937807074,1.6399756858,-0.5229172908,-1.6983491288,-2.1987812426,1.908858096,1.2379195566,0.0106778442,0.0069357429
-1.4930932178,1.6396770555,-0.5224708201,-1.6995778858,-2.1983993037,1.9082141488,1.2382450254,0.0106778442,0.0069357429
-1.4924114193,1.6393809833,-0.5220269032,-1.7007962692,-2.1980194126,1.9075750252,1.2385675742,0.0106778442,0.0069357429
-1.4917353294,1.6390874739,-0.5215855864,-1.7020042542,-2.1976416131,1.9069407571,1.2388872026,0.0106778442,0.0069357429
-1.4910649639,1.6387965317,-0.5211469128,-1.7032018182,-2.1972659464,1.9063113738,1.2392039103,0.0106778442,0.0069357429
-1.4904003367,1.6385081603,-0.5207109222,-1.7043889417,-2.1968924504,1.9056869022,1.2395176974,0.0106778442,0.0069357429
-1.4897414605,1.6382223632,-0.520277651,-1.7055656071,-2.1965211597,1.9050673667,1.2398285641,0.0106778442,0.0069357429
-1.4890883464,1.6379391433,-0.5198471324,-1.7067317987,-2.1961521061,1.9044527893,1.2401365105,0.0106778442,0.0069357429
-1.4884410046,1.6376585033,-0.5194193963,-1.7078875027,-2.1957853181,1.9038431898,1.240441537,0.0106778442,0.0069357429
-1.487799444,1.6373804454,-0.5189944697,-1.7090327068,-2.1954208213,1.9032385861,1.2407436438,0.0106778442,0.0069357429
-1.4871636725,1.6371049717,-0.5185723762,-1.7101674,-2.1950586385,1.9026389938,1.2410428311,0.0106778442,0.0069357429
-1.486533697,1.6368320841,-0.5181531367,-1.7112915727,-2.1946987895,1.9020444266,1.241339099,0.0106778442,0.0069357429
-1.4859095236,1.6365617843,-0.517736769,-1.7124052166,-2.1943412912,1.9014548962,1.2416324478,0.0106778442,0.0069357429
-1.4852911574,1.6362940735,-0.517323288,-1.7135083246,-2.1939861581,1.9008704128,1.2419228776,0.0106778442,0.0069357429
-1.4846786027,1.6360289531,-0.516912706,-1.7146008905,-2.1936334018,1.9002909845,1.2422103885,0.0106778442,0.0069357429
-1.4840718629,1.6357664241,-0.5165050323,-1.7156829093,-2.1932830313,1.8997166177,1.2424949806,0.0106778442,0.0069357429
-1.4834709403,1.6355064871,-0.5161002732,-1.7167543778,-2.1929350527,1.8991473167,1.242776654,0.0106778442,0.0069357429
-1.4828758351,1.6352491421,-0.5156984315,-1.717815296,-2.1925894688,1.8985830828,1.2430554096,0.0106778442,0.0069357429
-1.4822865459,1.6349943885,-0.5152995062,-1.7188656664,-2.192246279,1.8980239148,1.2433312483,0.0106778442,0.0069357429
-1.4817030693,1.634742225,-0.5149034931,-1.7199054946,-2.1919054796,1.8974698085,1.2436041719,0.0106778442,0.0069357429
-1.4811254009,1.6344926502,-0.5145103847,-1.7209347875,-2.1915670638,1.8969207578,1.243874182,0.0106778442,0.0069357429
-1.480553535,1.634245662,-0.5141201704,-1.7219535542,-2.1912310219,1.8963767543,1.2441412806,0.0106778442,0.0069357429
-1.4799874648,1.6340012583,-0.5137328369,-1.7229618048,-2.1908973416,1.8958377878,1.2444054696,0.0106778442,0.0069357429
-1.4794271831,1.6337594368,-0.513348368,-1.7239595503,-2.190566008,1.8953038464,1.244666751,0.0106778442,0.0069357429
-1.478872682,1.6335201949,-0.5129667452,-1.7249468026,-2.190237004,1.8947749169,1.2449251268,0.0106778442,0.0069357429
-1.4783239532,1.6332835304,-0.5125879483,-1.7259235732,-2.1899103106,1.8942509851,1.2451805988,0.0106778442,0.0069357429
-1.477780989,1.633049441,-0.5122119553,-1.7268898733,-2.1895859075,1.8937320361,1.2454331682,0.0106778442,0.0069357429
-1.4772437822,1.6328179249,-0.5118387444,-1.7278457124,-2.1892637741,1.8932180558,1.2456828363,0.0106778442,0.0069357429
-1.4767123272,1.6325889809,-0.5114682944,-1.7287910973,-2.1889438907,1.8927090312,1.2459296035,0.0106778442,0.0069357429
-1.476186621,1.6323626088,-0.5111005873,-1.7297260304,-2.1886262403,1.8922049526,1.2461734692,0.0106778442,0.0069357429
-1.4756666643,1.6321388099,-0.5107356107,-1.7306505081,-2.188310811,1.8917058149,1.2464144318,0.0106778442,0.0069357429
-1.4751524634,1.6319175872,-0.5103733613,-1.7315645179,-2.1879975996,1.891211621,1.2466524885,0.0106778442,0.0069357429
-1.474644032,1.6316989465,-0.5100138499,-1.7324680352,-2.1876866159,1.8907223847,1.2468876343,0.0106778442,0.0069357429
-1.4741413962,1.6314828977,-0.5096571092,-1.7333610163,-2.1873778899,1.8902381375,1.2471198611,0.0106778442,0.0069357429
-1.4736445934,1.6312694543,-0.5093031983,-1.7342434005,-2.1870714766,1.8897589301,1.2473491587,0.0106778442,0.0069357429
-1.4731536695,1.6310586319,-0.5089522038,-1.7351151158,-2.1867674569,1.8892848307,1.247575517,0.0106778442,0.0069357429
-1.4726686734,1.6308504456,-0.508604235,-1.7359760887,-2.1864659333,1.8888159196,1.2477989279,0.0106778442,0.0069357429
-1.4721896514,1.6306449086,-0.508259416,-1.736826253,-2.1861670231,1.8883522819,1.2480193871,0.0106778442,0.0069357429
-1.4717166431,1.63044203,-0.5079178765,-1.7376655566,-2.1858708492,1.8878940008,1.2482368951,0.0106778442,0.0069357429
-1.4712496785,1.6302418148,-0.5075797431,-1.738493965,-2.185577532,1.8874411518,1.2484514575,0.0106778442,0.0069357429
-1.4707887778,1.6300442638,-0.5072451333,-1.7393114607,-2.1852871844,1.8869938002,1.2486630834,0.0106778442,0.0069357429
-1.4703339519,1.6298493747,-0.5069141529,-1.7401180416,-2.1849999077,1.8865519998,1.2488717854,0.0106778442,0.0069357429
-1.4698852046,1.629657142,-0.5065868943,-1.7409137174,-2.1847157915,1.8861157939,1.2490775778,0.0106778442,0.0069357429
-1.4694425335,1.6294675587,-0.5062634371,-1.7416985067,-2.184434913,1.8856852163,1.2492804761,0.0106778442,0.0069357429
-1.4690059321,1.6292806167,-0.5059438496,-1.7424724341,-2.1841573388,1.8852602928,1.2494804959,0.0106778442,0.0069357429
-1.4685753908,1.6290963069,-0.5056281896,-1.7432355283,-2.1838831255,1.8848410429,1.2496776532,0.0106778442,0.0069357429
-1.468150898,1.6289146202,-0.505316506,-1.7439878201,-2.1836123216,1.8844274806,1.2498719631,0.0106778442,0.0069357429
-1.4677324407,1.6287355471,-0.5050088406,-1.7447293415,-2.1833449683,1.8840196159,1.2500634406,0.0106778442,0.0069357429
-1.4673200053,1.6285590785,-0.5047052286,-1.7454601249,-2.1830811005,1.8836174556,1.2502520996,0.0106778442,0.0069357429
-1.4669135779,1.6283852055,-0.5044057,-1.7461802021,-2.1828207485,1.8832210039,1.2504379535,0.0106778442,0.0069357429
-1.4665131444,1.6282139193,-0.5041102803,-1.7468896045,-2.1825639379,1.8828302628,1.2506210147,0.0106778442,0.0069357429
-1.4661186909,1.6280452118,-0.5038189911,-1.7475883624,-2.1823106907,1.882445233,1.2508012952,0.0106778442,0.0069357429
-1.4657302039,1.6278790748,-0.5035318513,-1.748276505,-2.182061026,1.8820659138,1.2509788061,0.0106778442,0.0069357429
-1.46534767,1.627715501,-0.5032488766,-1.7489540603,-2.1818149601,1.8816923037,1.2511535576,0.0106778442,0.0069357429
-1.4649710767,1.6275544831,-0.5029700808,-1.7496210551,-2.1815725071,1.8813244004,1.2513255597,0.0106778442,0.0069357429
-1.4646004114,1.6273960143,-0.5026954757,-1.7502775149,-2.1813336794,1.8809622012,1.2514948213,0.0106778442,0.0069357429
-1.4642356625,1.6272400883,-0.5024250713,-1.7509234641,-2.1810984875,1.8806057027,1.2516613512,0.0106778442,0.0069357429
-1.4638768185,1.6270866988,-0.5021588763,-1.7515589258,-2.1808669407,1.8802549015,1.2518251574,0.0106778442,0.0069357429
-1.4635238687,1.62693584,-0.5018968984,-1.752183922,-2.1806390471,1.8799097938,1.2519862474,0.0106778442,0.0069357429
-1.4631768025,1.6267875067,-0.501639144,-1.7527984737,-2.1804148137,1.8795703758,1.2521446284,0.0106778442,0.0069357429
-1.4628356102,1.6266416934,-0.5013856186,-1.7534026007,-2.1801942465,1.8792366434,1.252300307,0.0106778442,0.0069357429
-1.4625002823,1.6264983954,-0.5011363272,-1.7539963218,-2.1799773511,1.8789085927,1.2524532895,0.0106778442,0.0069357429
-1.4621708096,1.6263576079,-0.5008912738,-1.7545796552,-2.1797641319,1.8785862195,1.2526035819,0.0106778442,0.0069357429
-1.4618471837,1.6262193266,-0.5006504619,-1.7551526178,-2.179554593,1.8782695198,1.2527511897,0.0106778442,0.0069357429
-1.461529396,1.6260835472,-0.5004138947,-1.7557152261,-2.1793487379,1.8779584895,1.2528961184,0.0106778442,0.0069357429
-1.4612174387,1.6259502656,-0.5001815745,-1.7562674956,-2.1791465697,1.8776531247,1.2530383728,0.0106778442,0.0069357429
-1.4609113047,1.6258194784,-0.499953504,-1.7568094403,-2.1789480912,1.8773534216,1.2531779577,0.0106778442,0.0069357429
-1.4606109883,1.6256911824,-0.499729686,-1.7573410718,-2.1787533058,1.8770593779,1.2533148767,0.0106778442,0.0069357429
-1.460316485,1.6255653754,-0.4995101242,-1.7578623988,-2.1785622171,1.8767709924,1.2534491329,0.0106778442,0.0069357429
-1.4600277918,1.6254420556,-0.4992948223,-1.758373428,-2.1783748292,1.8764882648,1.2535807288,0.0106778442,0.0069357429
-1.4597449064,1.6253212215,-0.4990837848,-1.7588741646,-2.1781911463,1.8762111954,1.2537096665,0.0106778442,0.0069357429
-1.4594678272,1.6252028721,-0.4988770158,-1.7593646123,-2.1780111727,1.8759397851,1.2538359475,0.0106778442,0.0069357429
-1.4591965533,1.6250870066,-0.4986745201,-1.7598447737,-2.1778349129,1.8756740352,1.2539595731,0.0106778442,0.0069357429
-1.4589310841,1.6249736244,-0.498476302,-1.7603146506,-2.1776623714,1.8754139477,1.2540805445,0.0106778442,0.0069357429
-1.4586714197,1.6248627252,-0.4982823664,-1.7607742439,-2.1774935527,1.8751595243,1.2541988622,0.0106778442,0.0069357429
-1.4584175605,1.6247543088,-0.4980927178,-1.7612235536,-2.1773284611,1.8749107675,1.254314527,0.0106778442,0.0069357429
-1.4581695071,1.6246483752,-0.497907361,-1.7616625793,-2.1771671013,1.8746676798,1.2544275391,0.0106778442,0.0069357429
-1.4579272606,1.6245449247,-0.4977263007,-1.7620913197,-2.1770094777,1.874430264,1.2545378987,0.0106778442,0.0069357429
-1.4576908225,1.6244439575,-0.4975495418,-1.762509773,-2.1768555949,1.8741985231,1.2546456058,0.0106778442,0.0069357429
-1.4574601947,1.6243454741,-0.4973770892,-1.7629179365,-2.1767054576,1.8739724606,1.25475066,0.0106778442,0.0069357429
-1.4572353793,1.6242494754,-0.4972089478,-1.7633158069,-2.1765590703,1.87375208,1.2548530609,0.0106778442,0.0069357429
-1.457016379,1.6241559621,-0.4970451229,-1.76370338,-2.176416438,1.8735373855,1.2549528079,0.0106778442,0.0069357429
-1.4568031969,1.6240649354,-0.4968856199,-1.7640806509,-2.1762775655,1.8733283813,1.2550498999,0.0106778442,0.0069357429
-1.4565958369,1.6239763967,-0.4967304444,-1.7644476134,-2.1761424581,1.8731250726,1.2551443358,0.0106778442,0.0069357429
-1.4563943032,1.6238903477,-0.4965796024,-1.7648042603,-2.1760111213,1.8729274645,1.2552361139,0.0106778442,0.0069357429
-1.4561986008,1.6238067903,-0.4964331002,-1.7651505833,-2.1758835608,1.8727355634,1.2553252325,0.0106778442,0.0069357429
-1.4560087358,1.6237257269,-0.4962909448,-1.7654865722,-2.1757597829,1.8725493761,1.2554116892,0.0106778442,0.0069357429
-1.4558247149,1.6236471601,-0.4961531436,-1.7658122154,-2.1756397943,1.8723689102,1.2554954814,0.0106778442,0.0069357429
-1.4556465461,1.6235710934,-0.4960197049,-1.766127499,-2.1755236024,1.8721941748,1.2555766056,0.0106778442,0.0069357429
-1.4554742389,1.6234975305,-0.4958906379,-1.7664324069,-2.1754112155,1.8720251799,1.2556550579,0.0106778442,0.0069357429
-1.4553078041,1.6234264759,-0.4957659527,-1.7667269202,-2.1753026424,1.871861937,1.2557308339,0.0106778442,0.0069357429
-1.4551472539,1.6233579347,-0.4956456604,-1.7670110177,-2.1751978932,1.8717044591,1.2558039282,0.0106778442,0.0069357429
-1.4549926003,1.6232919118,-0.4955297719,-1.7672846784,-2.1750969774,1.8715527587,1.2558743356,0.0106778442,0.0069357429
-1.4548438423,1.6232284068,-0.4954182883,-1.7675479044,-2.1749998961,1.8714068355,1.2559420569,0.0106778442,0.0069357429
-1.4547009159,1.6231673922,-0.4953111629,-1.7678008094,-2.1749066089,1.8712666275,1.2560071214,0.0106778442,0.0069357429
-1.4545636984,1.6231088155,-0.4952083053,-1.7680436105,-2.1748170371,1.8711320149,1.2560695853,0.0106778442,0.0069357429
-1.4544320782,1.6230526289,-0.4951096328,-1.7682765056,-2.1747311089,1.8710028887,1.2561294996,0.0106778442,0.0069357429
-1.4543059394,1.622998783,-0.4950150598,-1.7684996999,-2.1746487498,1.8708791357,1.2561869171,0.0106778442,0.0069357429
-1.4541851662,1.6229472283,-0.4949245006,-1.7687133984,-2.1745698852,1.8707606429,1.2562418907,0.0106778442,0.0069357429
-1.4540696429,1.6228979151,-0.4948378695,-1.7689178061,-2.1744944407,1.8706472971,1.2562944734,0.0106778442,0.0069357429
-1.4539592539,1.6228507942,-0.4947550806,-1.7691131278,-2.1744223414,1.8705389853,1.2563447178,0.0106778442,0.0069357429
-1.4538538833,1.622805816,-0.4946760481,-1.7692995686,-2.1743535129,1.8704355943,1.2563926769,0.0106778442,0.0069357429
-1.4537534155,1.6227629311,-0.494600686,-1.7694773332,-2.1742878803,1.8703370109,1.2564384034,0.0106778442,0.0069357429
-1.4536577349,1.6227220901,-0.4945289085,-1.7696466265,-2.1742253688,1.8702431221,1.2564819501,0.0106778442,0.0069357429
-1.4535667258,1.6226832435,-0.4944606295,-1.7698076531,-2.1741659037,1.8701538147,1.2565233697,0.0106778442,0.0069357429
-1.4534802724,1.6226463419,-0.494395763,-1.769960618,-2.17410941,1.8700689756,1.256562715,0.0106778442,0.0069357429
-1.4533982593,1.6226113359,-0.4943342229,-1.7701057258,-2.1740558129,1.8699884914,1.2566000388,0.0106778442,0.0069357429
-1.4533205706,1.6225781761,-0.4942759231,-1.7702431813,-2.1740050375,1.8699122491,1.2566353937,0.0106778442,0.0069357429
-1.4532470908,1.622546813,-0.4942207773,-1.7703731893,-2.1739570085,1.8698401353,1.2566688326,0.0106778442,0.0069357429
-1.4531777041,1.6225171973,-0.4941686994,-1.7704959546,-2.1739116512,1.8697720367,1.2567004082,0.0106778442,0.0069357429
-1.4531122948,1.6224892795,-0.494119603,-1.7706116821,-2.1738688902,1.8697078401,1.2567301732,0.0106778442,0.0069357429
-1.4530507471,1.6224630102,-0.4940734017,-1.7707205766,-2.1738286504,1.8696474321,1.2567581804,0.0106778442,0.0069357429
-1.4529929453,1.6224383399,-0.4940300091,-1.7708228431,-2.1737908567,1.8695906991,1.2567844826,0.0106778442,0.0069357429
-1.4529387735,1.6224152191,-0.4939893387,-1.7709186866,-2.1737554336,1.8695375278,1.2568091324,0.0106778442,0.0069357429
-1.4528881158,1.6223935983,-0.493951304,-1.7710083123,-2.1737223059,1.8694878045,1.2568321829,0.0106778442,0.0069357429
-1.4528408563,1.6223734281,-0.4939158182,-1.7710919254,-2.1736913981,1.8694414157,1.2568536867,0.0106778442,0.0069357429
-1.452796879,1.6223546588,-0.4938827946,-1.7711697312,-2.1736626346,1.8693982475,1.2568736967,0.0106778442,0.0069357429
-1.4527560677,1.6223372409,-0.4938521465,-1.7712419352,-2.1736359399,1.8693581862,1.2568922658,0.0106778442,0.0069357429
-1.4527183061,1.6223211248,-0.4938237868,-1.7713087432,-2.1736112383,1.8693211179,1.256909447,0.0106778442,0.0069357429
-1.4526834781,1.6223062608,-0.4937976286,-1.7713703608,-2.1735884541,1.8692869284,1.2569252931,0.0106778442,0.0069357429
-1.4526514672,1.6222925992,-0.4937735847,-1.7714269942,-2.1735675113,1.8692555038,1.2569398574,0.0106778442,0.0069357429
-1.4526221568,1.6222800902,-0.4937515678,-1.7714788496,-2.1735483339,1.8692267296,1.2569531927,0.0106778442,0.0069357429
-1.4525954302,1.622268684,-0.4937314905,-1.7715261335,-2.1735308459,1.8692004914,1.2569653522,0.0106778442,0.0069357429
-1.4525711706,1.6222583307,-0.4937132654,-1.7715690528,-2.1735149711,1.8691766746,1.2569763893,0.0106778442,0.0069357429
-1.4525492609,1.6222489804,-0.4936968046,-1.7716078144,-2.173500633,1.8691551644,1.256986357,0.0106778442,0.0069357429
-1.4525295839,1.6222405829,-0.4936820204,-1.771642626,-2.1734877552,1.8691358457,1.2569953089,0.0106778442,0.0069357429
-1.452512022,1.6222330882,-0.4936688246,-1.7716736953,-2.1734762609,1.8691186034,1.2570032983,0.0106778442,0.0069357429
-1.4524964577,1.6222264461,-0.493657129,-1.7717012307,-2.1734660733,1.869103322,1.257010379,0.0106778442,0.0069357429
-1.4524827729,1.622220606,-0.4936468452,-1.7717254409,-2.1734571154,1.8690898856,1.2570166044,0.0106778442,0.0069357429
-1.4524708493,1.6222155176,-0.4936378843,-1.7717465352,-2.1734493099,1.8690781782,1.2570220287,0.0106778442,0.0069357429
-1.4524605682,1.6222111301,-0.4936301574,-1.7717647235,-2.1734425791,1.8690680834,1.2570267056,0.0106778442,0.0069357429
-1.4524518106,1.6222073929,-0.4936235751,-1.7717802166,-2.1734368454,1.8690594843,1.2570306894,0.0106778442,0.0069357429
-1.4524444569,1.6222042548,-0.4936180478,-1.7717932259,-2.1734320306,1.8690522636,1.2570340345,0.0106778442,0.0069357429
-1.4524383873,1.6222016646,-0.4936134852,-1.7718039636,-2.1734280562,1.8690463036,1.2570367955,0.0106778442,0.0069357429
-1.452433481,1.6221995709,-0.493609797,-1.7718126433,-2.1734248433,1.8690414858,1.2570390273,0.0106778442,0.0069357429
-1.4524296167,1.6221979219,-0.4936068919,-1.7718194794,-2.1734223127,1.8690376911,1.257040785,0.0106778442,0.0069357429
-1.4524266724,1.6221966655,-0.4936046783,-1.7718246881,-2.1734203844,1.8690347998,1.2570421243,0.0106778442,0.0069357429
-1.452424525,1.6221957492,-0.4936030637,-1.771828487,-2.1734189779,1.869032691,1.257043101,0.0106778442,0.0069357429
-1.4524230503,1.6221951199,-0.4936019548,-1.7718310957,-2.1734180119,1.8690312428,1.2570437718,0.0106778442,0.0069357429
-1.452422123,1.6221947242,-0.4936012575,-1.7718327362,-2.1734174045,1.8690303321,1.2570441936,0.0106778442,0.0069357429
-1.452421616,1.6221945078,-0.4936008762,-1.771833633,-2.1734170723,1.8690298342,1.2570444242,0.0106778442,0.0069357429
-1.4524214012,1.6221944162,-0.4936007147,-1.7718340131,-2.1734169316,1.8690296232,1.2570445219,0.0106778442,0.0069357429
-1.4524213505,1.6221943945,-0.4936006765,-1.7718341028,-2.1734168984,1.8690295735,1.2570445449,0.0106778442,0.0069357429
-1.452421349,1.6221943939,-0.4936006755,-1.7718341053,-2.1734168974,1.869029572,1.2570445456,0.0106778442,0.0069357429
-1.4524213449,1.6221943922,-0.4936006724,-1.7718341126,-2.1734168947,1.869029568,1.2570445475,0.0106778442,0.0069357429
-1.4524213449,1.6221943922,-0.4936006724,-1.7718341126,-2.1734168947,1.869029568,1.2570445475,0.0106778442,0.0069357429
-1.4524213449,1.6221943922,-0.4936006724,-1.7718341126,-2.1734168947,1.869029568,1.2570445475,0.0106778442,0.0069357429
-1.4524213449,1.6221943922,-0.4936006724,-1.7718341126,-2.1734168947,1.869029568,1.2570445475,0.0106778442,0.0069357429
-1.4524213449,1.6221943922,-0.4936006724,-1.7718341126,-2.1734168947,1.869029568,1.2570445475,0.0106778442,0.0069357429
-1.4524213449,1.6221943922,-0.4936006724,-1.7718341126,-2.1734168947,1.869029568,1.2570445475,0.0106778442,0.0069357429
-1.4524213449,1.6221943922,-0.4936006724,-1.7718341126,-2.1734168947,1.869029568,1.2570445475,0.0106778442,0.0069357429
-1.4524213449,1.6221943922,-0.4936006724,-1.7718341126,-2.1734168947,1.869029568,1.2570445475,0.0106778442,0.0069357429
-1.4524213449,1.6221943922,-0.4936006724,-1.7718341126,-2.1734168947,1.869029568,1.2570445475,0.0106778442,0.0069357429
-1.4524213449,1.6221943922,-0.4936006724,-1.7718341126,-2.1734168947,1.869029568,1.2570445475,0.0106778442,0.0069357429
-1.4524213449,1.6221943922,-0.4936006724,-1.7718341126,-2.1734168947,1.869029568,1.2570445475,0.0106778442,0.0069357429
-1.4524213449,1.6221943922,-0.4936006724,-1.7718341126,-2.1734168947,1.869029568,1.2570445475,0.0106778442,0.0069357429
-1.4524213449,1.6221943922,-0.4936006724,-1.7718341126,-2.1734168947,1.869029568,1.2570445475,0.0106778442,0.0069357429
-1.4524213449,1.6221943922,-0.4936006724,-1.7718341126,-2.1734168947,1.869029568,1.2570445475,0.0106778442,0.0069357429
-1.4524213449,1.6221943922,-0.4936006724,-1.7718341126,-2.1734168947,1.869029568,1.2570445475,0.0106778442,0.0069357429
-1.4524213449,1.6221943922,-0.4936006724,-1.7718341126,-2.1734168947,1.869029568,1.2570445475,0.0106778442,0.0069357429
-1.4524213449,1.6221943922,-0.4936006724,-1.7718341126,-2.1734168947,1.869029568,1.2570445475,0.0106778442,0.0069357429
-1.4524213449,1.6221943922,-0.4936006724,-1.7718341126,-2.1734168947,1.869029568,1.2570445475,0.0106778442,0.0069357429
-1.4524213449,1.6221943922,-0.4936006724,-1.7718341126,-2.1734168947,1.869029568,1.2570445475,0.0106778442,0.0069357429
-1.4524213449,1.6221943922,-0.4936006724,-1.7718341126,-2.1734168947,1.869029568,1.2570445475,0.0106778442,0.0069357429
-1.4524213449,1.6221943922,-0.4936006724,-1.7718341126,-2.1734168947,1.869029568,1.2570445475,0.0106778442,0.0069357429
-1.4524213449,1.6221943922,-0.4936006724,-1.7718341126,-2.1734168947,1.869029568,1.2570445475,0.0106778442,0.0069357429
-1.4524213449,1.6221943922,-0.4936006724,-1.7718341126,-2.1734168947,1.869029568,1.2570445475,0.0106778442,0.0069357429
-1.4524213449,1.6221943922,-0.4936006724,-1.7718341126,-2.1734168947,1.869029568,1.2570445475,0.0106778442,0.0069357429
-1.4524213449,1.6221943922,-0.4936006724,-1.7718341126,-2.1734168947,1.869029568,1.2570445475,0.0106778442,0.0069357429
-1.4524213449,1.6221943922,-0.4936006724,-1.7718341126,-2.1734168947,1.869029568,1.2570445475,0.0106778442,0.0069357429
-1.4524213449,1.6221943922,-0.4936006724,-1.7718341126,-2.1734168947,1.869029568,1.2570445475,0.0106778442,0.0069357429
-1.4524213449,1.6221943922,-0.4936006724,-1.7718341126,-2.1734168947,1.869029568,1.2570445475,0.0106778442,0.0069357429
-1.4524213449,1.6221943922,-0.4936006724,-1.7718341126,-2.1734168947,1.869029568,1.2570445475,0.0106778442,0.0069357429
