0.5428670717,0.5219906958,-0.8318004953,-1.0389261216,0.2677282411,2.9898819683,-2.2432318662,0.0224022377,0.0323880303
0.5428670717,0.5219906958,-0.8318004953,-1.0389261216,0.2677282411,2.9898819683,-2.2432318662,0.0224022377,0.0323880303
0.5428670717,0.5219906958,-0.8318004953,-1.0389261216,0.2677282411,2.9898819683,-2.2432318662,0.0224022377,0.0323880303
0.5428670717,0.5219906958,-0.8318004953,-1.0389261216,0.2677282411,2.9898819683,-2.2432318662,0.0224022377,0.0323880303
0.5428670717,0.5219906958,-0.8318004953,-1.0389261216,0.2677282411,2.9898819683,-2.2432318662,0.0224022377,0.0323880303
0.5428670717,0.5219906958,-0.8318004953,-1.0389261216,0.2677282411,2.9898819683,-2.2432318662,0.0224022377,0.0323880303
0.5428670717,0.5219906958,-0.8318004953,-1.0389261216,0.2677282411,2.9898819683,-2.2432318662,0.0224022377,0.0323880303
0.5428670717,0.5219906958,-0.8318004953,-1.0389261216,0.2677282411,2.9898819683,-2.2432318662,0.0224022377,0.0323880303
0.5428670717,0.5219906958,-0.8318004953,-1.0389261216,0.2677282411,2.9898819683,-2.2432318662,0.0224022377,0.0323880303
0.5428670717,0.5219906958,-0.8318004953,-1.0389261216,0.2677282411,2.9898819683,-2.2432318662,0.0224022377,0.0323880303
0.5428670717,0.5219906958,-0.8318004953,-1.0389261216,0.2677282411,2.9898819683,-2.2432318662,0.0224022377,0.0323880303
0.5428670717,0.5219906958,-0.8318004953,-1.0389261216,0.2677282411,2.9898819683,-2.2432318662,0.0224022377,0.0323880303
0.5428670717,0.5219906958,-0.8318004953,-1.0389261216,0.2677282411,2.9898819683,-2.2432318662,0.0224022377,0.0323880303
0.5428670717,0.5219906958,-0.8318004953,-1.0389261216,0.2677282411,2.9898819683,-2.2432318662,0.0224022377,0.0323880303
0.5428670717,0.5219906958,-0.8318004953,-1.0389261216,0.2677282411,2.9898819683,-2.2432318662,0.0224022377,0.0323880303
0.5428670717,0.5219906958,-0.8318004953,-1.0389261216,0.2677282411,2.9898819683,-2.2432318662,0.0224022377,0.0323880303
0.5428670717,0.5219906958,-0.8318004953,-1.0389261216,0.2677282411,2.9898819683,-2.2432318662,0.0224022377,0.0323880303
0.5428670717,0.5219906958,-0.8318004953,-1.0389261216,0.2677282411,2.9898819683,-2.2432318662,0.0224022377,0.0323880303
0.5428670717,0.5219906958,-0.8318004953,-1.0389261216,0.2677282411,2.9898819683,-2.2432318662,0.0224022377,0.0323880303
0.5428670717,0.5219906958,-0.8318004953,-1.0389261216,0.2677282411,2.9898819683,-2.2432318662,0.0224022377,0.0323880303
0.5428670717,0.5219906958,-0.8318004953,-1.0389261216,0.2677282411,2.9898819683,-2.2432318662,0.0224022377,0.0323880303
0.5428670717,0.5219906958,-0.8318004953,-1.0389261216,0.2677282411,2.9898819683,-2.2432318662,0.0224022377,0.0323880303
0.5428670717,0.5219906958,-0.8318004953,-1.0389261216,0.2677282411,2.9898819683,-2.2432318662,0.0224022377,0.0323880303
0.5428670717,0.5219906958,-0.8318004953,-1.0389261216,0.2677282411,2.9898819683,-2.2432318662,0.0224022377,0.0323880303
0.5428670717,0.5219906958,-0.8318004953,-1.0389261216,0.2677282411,2.9898819683,-2.2432318662,0.0224022377,0.0323880303
0.5428670717,0.5219906958,-0.8318004953,-1.0389261216,0.2677282411,2.9898819683,-2.2432318662,0.0224022377,0.0323880303
0.5428670717,0.5219906958,-0.8318004953,-1.0389261216,0.2677282411,2.9898819683,-2.2432318662,0.0224022377,0.0323880303
0.5428670717,0.5219906958,-0.8318004953,-1.0389261216,0.2677282411,2.9898819683,-2.2432318662,0.0224022377,0.0323880303
0.5428670717,0.5219906958,-0.8318004953,-1.0389261216,0.2677282411,2.9898819683,-2.2432318662,0.0224022377,0.0323880303
0.5428670717,0.5219906958,-0.8318004953,-1.0389261216,0.2677282411,2.9898819683,-2.2432318662,0.0224022377,0.0323880303
0.5428670677,0.5219906979,-0.8318004936,-1.0389261135,0.2677282421,2.9898819629,-2.2432318661,0.0224022377,0.0323880303
0.5428670015,0.5219907325,-0.8318004659,-1.0389259783,0.2677282592,2.9898818723,-2.2432318652,0.0224022377,0.0323880303
0.5428667809,0.5219908477,-0.8318003737,-1.0389255285,0.267728316,2.9898815709,-2.2432318622,0.0224022377,0.0323880303
0.5428663279,0.5219910842,-0.8318001843,-1.0389246048,0.2677284326,2.9898809518,-2.243231856,0.0224022377,0.0323880303
0.5428655698,0.52199148,-0.8317998674,-1.0389230589,0.2677286278,2.989879916,-2.2432318457,0.0224022377,0.0323880303
0.542864408,0.5219920867,-0.8317993817,-1.0389206896,0.267728927,2.9898783283,-2.2432318298,0.0224022377,0.0323880303
0.5428627468,0.5219929542,-0.8317986873,-1.038917302,0.2677293548,2.9898760583,-2.2432318071,0.0224022377,0.0323880303
0.5428604986,0.5219941282,-0.8317977475,-1.0389127175,0.2677299337,2.9898729863,-2.2432317764,0.0224022377,0.0323880303
0.5428575696,0.5219956579,-0.831796523,-1.0389067445,0.267730688,2.9898689839,-2.2432317363,0.0224022377,0.0323880303
0.5428538626,0.5219975938,-0.8317949734,-1.0388991851,0.2677316426,2.9898639186,-2.2432316856,0.0224022377,0.0323880303
0.5428492822,0.5219999859,-0.8317930587,-1.0388898446,0.2677328222,2.9898576599,-2.2432316229,0.0224022377,0.0323880303
0.5428437325,0.5220028843,-0.8317907389,-1.0388785278,0.2677342514,2.989850077,-2.2432315469,0.0224022377,0.0323880303
0.542837118,0.5220063389,-0.8317879739,-1.0388650394,0.267735955,2.9898410391,-2.2432314562,0.0224022377,0.0323880303
0.5428293427,0.5220103999,-0.8317847238,-1.0388491842,0.2677379575,2.9898304155,-2.2432313497,0.0224022377,0.0323880303
0.5428203109,0.5220151172,-0.8317809485,-1.0388307668,0.2677402836,2.9898180751,-2.2432312258,0.0224022377,0.0323880303
0.5428099267,0.5220205411,-0.831776608,-1.0388095915,0.2677429582,2.9898038871,-2.2432310834,0.0224022377,0.0323880303
0.5427980939,0.5220267218,-0.831771662,-1.0387854626,0.267746006,2.9897877203,-2.243230921,0.0224022377,0.0323880303
0.5427847167,0.5220337093,-0.8317660706,-1.0387581843,0.2677494516,2.9897694435,-2.2432307373,0.0224022377,0.0323880303
0.5427696988,0.5220415541,-0.8317597935,-1.0387275607,0.26775332,2.9897489256,-2.243230531,0.0224022377,0.0323880303
0.5427529442,0.5220503063,-0.8317527906,-1.0386933958,0.2677576358,2.9897260352,-2.2432303008,0.0224022377,0.0323880303
0.5427343567,0.5220600163,-0.8317450217,-1.0386554935,0.2677624239,2.9897006412,-2.2432300452,0.0224022377,0.0323880303
0.5427138401,0.5220707343,-0.8317364466,-1.0386136577,0.2677677091,2.9896726121,-2.243229763,0.0224022377,0.0323880303
0.5426912981,0.5220825108,-0.8317270252,-1.0385676923,0.2677735162,2.9896418166,-2.2432294527,0.0224022377,0.0323880303
0.5426666346,0.5220953961,-0.8317167173,-1.038517401,0.26777987,2.9896081235,-2.2432291131,0.0224022377,0.0323880303
0.5426397533,0.5221094405,-0.8317054827,-1.0384625879,0.2677867954,2.9895714014,-2.2432287427,0.0224022377,0.0323880303
0.5426105581,0.5221246944,-0.8316932813,-1.0384030568,0.2677943173,2.989531519,-2.2432283403,0.0224022377,0.0323880303
0.5425789528,0.5221412081,-0.8316800728,-1.0383386116,0.2678024603,2.9894883452,-2.2432279043,0.0224022377,0.0323880303
0.5425448412,0.522159032,-0.8316658172,-1.0382690564,0.2678112494,2.9894417489,-2.2432274335,0.0224022377,0.0323880303
0.5425081272,0.5221782165,-0.8316504744,-1.0381941953,0.2678207095,2.9893915988,-2.2432269265,0.0224022377,0.0323880303
0.5424687147,0.5221988119,-0.8316340043,-1.0381138324,0.2678308652,2.989337764,-2.2432263818,0.0224022377,0.0323880303
0.5424265078,0.5222208685,-0.8316163667,-1.0380277722,0.2678417414,2.9892801136,-2.2432257981,0.0224022377,0.0323880303
0.5423814105,0.5222444367,-0.8315975218,-1.0379358191,0.267853363,2.9892185168,-2.243225174,0.0224022377,0.0323880303
0.5423333268,0.5222695667,-0.8315774294,-1.0378377776,0.2678657548,2.9891528429,-2.2432245081,0.0224022377,0.0323880303
0.542282161,0.5222963089,-0.8315560497,-1.0377334524,0.2678789414,2.9890829612,-2.2432237989,0.0224022377,0.0323880303
0.5422278172,0.5223247135,-0.8315333426,-1.0376226484,0.2678929478,2.9890087414,-2.243223045,0.0224022377,0.0323880303
0.5421701998,0.5223548308,-0.8315092684,-1.0375051707,0.2679077988,2.9889300531,-2.2432222451,0.0224022377,0.0323880303
0.5421092131,0.5223867111,-0.8314837872,-1.0373808244,0.267923519,2.9888467661,-2.2432213976,0.0224022377,0.0323880303
0.5420447616,0.5224204046,-0.8314568591,-1.0372494148,0.2679401333,2.9887587503,-2.2432205011,0.0224022377,0.0323880303
0.5419767497,0.5224559616,-0.8314284445,-1.0371107475,0.2679576664,2.9886658759,-2.2432195542,0.0224022377,0.0323880303
0.5419050821,0.5224934322,-0.8313985035,-1.0369646281,0.2679761431,2.988568013,-2.2432185553,0.0224022377,0.0323880303
0.5418296633,0.5225328669,-0.8313669965,-1.0368108623,0.2679955882,2.988465032,-2.243217503,0.0224022377,0.0323880303
0.5417503981,0.5225743157,-0.831333884,-1.0366492562,0.2680160265,2.9883568035,-2.2432163957,0.0224022377,0.0323880303
0.5416671912,0.5226178291,-0.8312991262,-1.0364796159,0.2680374827,2.9882431981,-2.243215232,0.0224022377,0.0323880303
0.5415799475,0.5226634572,-0.8312626837,-1.0363017476,0.2680599816,2.9881240866,-2.2432140102,0.0224022377,0.0323880303
0.5414885718,0.5227112504,-0.8312245169,-1.0361154579,0.268083548,2.98799934,-2.2432127288,0.0224022377,0.0323880303
0.5413929692,0.522761259,-0.8311845865,-1.0359205534,0.2681082068,2.9878688298,-2.2432113862,0.0224022377,0.0323880303
0.541293045,0.5228135332,-0.8311428532,-1.0357168414,0.2681339826,2.9877324274,-2.2432099808,0.0224022377,0.0323880303
0.5411887044,0.5228681232,-0.8310992778,-1.0355041296,0.2681609002,2.987590005,-2.2432085109,0.0224022377,0.0323880303
0.5410798535,0.5229250792,-0.8310538213,-1.0352822266,0.2681889843,2.9874414353,-2.2432069749,0.0224022377,0.0323880303
0.5409663987,0.5229844509,-0.831006445,-1.0350509421,0.2682182594,2.9872865919,-2.243205371,0.0224022377,0.0323880303
0.5408482512,0.5230462859,-0.8309571123,-1.0348100961,0.268248749,2.9871253555,-2.2432036975,0.0224022377,0.0323880303
0.5407253781,0.5231106025,-0.8309058101,-1.0345596221,0.268280462,2.9869576828,-2.2432019535,0.0224022377,0.0323880303
0.5405977819,0.5231774008,-0.8308525398,-1.0342995258,0.2683133985,2.9867835792,-2.2432001384,0.0224022377,0.0323880303
0.5404654518,0.5232466881,-0.8307972977,-1.0340297865,0.268347562,2.9866030325,-2.2431982514,0.0224022377,0.0323880303
0.5403283721,0.5233184744,-0.8307400779,-1.0337503731,0.2683829574,2.9864160239,-2.2431962914,0.0224022377,0.0323880303
0.5401865536,0.5233927559,-0.8306808859,-1.0334613088,0.2684195829,2.9862225711,-2.2431942578,0.0224022377,0.0323880303
0.5400400043,0.5234695308,-0.830619726,-1.0331626116,0.2684574373,2.9860226888,-2.2431921496,0.0224022377,0.0323880303
0.5398887253,0.5235488014,-0.8305565996,-1.0328542848,0.2684965218,2.985816382,-2.2431899658,0.0224022377,0.0323880303
0.5397327241,0.5236305665,-0.8304915113,-1.0325363463,0.2685368358,2.9856036661,-2.243187705,0.0224022377,0.0323880303
0.5395720124,0.5237148237,-0.8304244676,-1.0322088215,0.2685783778,2.9853845622,-2.2431853659,0.0224022377,0.0323880303
0.5394066008,0.5238015716,-0.8303554745,-1.0318717349,0.2686211472,2.9851590911,-2.2431829468,0.0224022377,0.0323880303
0.5392365009,0.5238908091,-0.8302845391,-1.0315251129,0.2686651431,2.984927276,-2.2431804456,0.0224022377,0.0323880303
0.5390617247,0.5239825356,-0.8302116688,-1.0311689837,0.2687103651,2.9846891421,-2.2431778601,0.0224022377,0.0323880303
0.5388822845,0.5240767516,-0.8301368717,-1.0308033762,0.2687568132,2.9844447164,-2.2431751872,0.0224022377,0.0323880303
0.5386981922,0.5241734593,-0.8300601565,-1.0304283201,0.2688044881,2.984194028,-2.2431724235,0.0224022377,0.0323880303
0.5385094589,0.5242726626,-0.8299815319,-1.0300438435,0.2688533915,2.9839371066,-2.2431695646,0.0224022377,0.0323880303
0.5383160927,0.5243743694,-0.8299010067,-1.0296499706,0.2689035264,2.9836739816,-2.2431666052,0.0224022377,0.0323880303
0.5381180972,0.5244785918,-0.8298185883,-1.0292467168,0.2689548985,2.9834046789,-2.243163539,0.0224022377,0.0323880303
0.5379154676,0.5245853486,-0.829734282,-1.0288340822,0.2690075161,2.9831292166,-2.2431603584,0.0224022377,0.0323880303
0.537708188,0.5246946657,-0.8296480888,-1.0284120446,0.269061391,2.9828475992,-2.243157055,0.0224022377,0.0323880303
0.5374962299,0.524806575,-0.8295600043,-1.0279805558,0.2691165379,2.9825598133,-2.2431536205,0.0224022377,0.0323880303
0.5372795569,0.5249211093,-0.8294700193,-1.0275395496,0.2691729721,2.9822658296,-2.2431500477,0.0224022377,0.0323880303
0.537058135,0.5250382946,-0.8293781237,-1.0270889615,0.2692307055,2.9819656143,-2.2431463318,0.0224022377,0.0323880303
0.5368319433,0.525158145,-0.8292843101,-1.0266287503,0.2692897446,2.981659143,-2.2431424709,0.0224022377,0.0323880303
0.5366009748,0.5252806637,-0.8291885756,-1.0261589009,0.2693500906,2.9813464053,-2.2431384645,0.0224022377,0.0323880303
0.5363652303,0.5254058482,-0.8290909199,-1.0256794137,0.2694117421,2.9810273993,-2.2431343134,0.0224022377,0.0323880303
0.5361247151,0.5255336932,-0.8289913443,-1.025190298,0.2694746963,2.9807021283,-2.2431300185,0.0224022377,0.0323880303
0.5358794368,0.5256641924,-0.8288898508,-1.0246915674,0.2695389501,2.9803705988,-2.2431255807,0.0224022377,0.0323880303
0.5356294037,0.5257973394,-0.8287864423,-1.0241832373,0.2696045002,2.9800328189,-2.243121001,0.0224022377,0.0323880303
0.5353746237,0.5259331288,-0.8286811215,-1.0236653234,0.269671344,2.9796887976,-2.2431162799,0.0224022377,0.0323880303
0.5351151044,0.5260715559,-0.8285738914,-1.0231378403,0.2697394789,2.9793385441,-2.2431114176,0.0224022377,0.0323880303
0.5348508526,0.5262126173,-0.828464755,-1.0226008019,0.2698089033,2.9789820676,-2.2431064142,0.0224022377,0.0323880303
0.5345818743,0.5263563105,-0.8283537152,-1.0220542208,0.2698796157,2.9786193775,-2.2431012692,0.0224022377,0.0323880303
0.5343081748,0.5265026343,-0.8282407748,-1.0214981087,0.2699516155,2.9782504832,-2.243095982,0.0224022377,0.0323880303
0.5340297589,0.5266515886,-0.828125937,-1.0209324761,0.2700249023,2.9778753944,-2.2430905513,0.0224022377,0.0323880303
0.5337466303,0.5268031744,-0.8280092049,-1.020357333,0.2700994763,2.977494121,-2.2430849758,0.0224022377,0.0323880303
0.5334587926,0.5269573937,-0.8278905815,-1.0197726884,0.2701753384,2.9771066735,-2.2430792535,0.0224022377,0.0323880303
0.5331662485,0.5271142501,-0.8277700704,-1.0191785507,0.2702524897,2.9767130627,-2.2430733822,0.0224022377,0.0323880303
0.5328690002,0.527273748,-0.8276476749,-1.0185749276,0.2703309321,2.9763133001,-2.2430673589,0.0224022377,0.0323880303
0.5325670492,0.5274358936,-0.827523399,-1.0179618259,0.2704106681,2.9759073979,-2.2430611804,0.0224022377,0.0323880303
0.532260396,0.5276006945,-0.8273972464,-1.0173392513,0.2704917007,2.9754953687,-2.2430548427,0.0224022377,0.0323880303
0.5319490402,0.5277681603,-0.8272692212,-1.0167072078,0.2705740339,2.9750772255,-2.2430483411,0.0224022377,0.0323880303
0.5316329796,0.5279383025,-0.8271393273,-1.0160656974,0.2706576724,2.974652981,-2.2430416703,0.0224022377,0.0323880303
0.5313122109,0.5281111349,-0.8270075689,-1.0154147193,0.2707426217,2.9742226482,-2.2430348241,0.0224022377,0.0323880303
0.5309867287,0.5282866734,-0.8268739499,-1.0147542703,0.2708288885,2.9737862394,-2.2430277957,0.0224022377,0.0323880303
0.5306565262,0.5284649363,-0.8267384742,-1.0140843442,0.2709164801,2.9733437667,-2.2430205773,0.0224022377,0.0323880303
0.5303215943,0.528645944,-0.8266011454,-1.0134049312,0.2710054047,2.9728952411,-2.2430131605,0.0224022377,0.0323880303
0.5299819222,0.5288297189,-0.8264619668,-1.0127160182,0.2710956714,2.9724406723,-2.243005536,0.0224022377,0.0323880303
0.529637497,0.5290162849,-0.8263209415,-1.0120175882,0.2711872896,2.9719800681,-2.2429976944,0.0224022377,0.0323880303
0.5292883042,0.5292056671,-0.8261780715,-1.011309621,0.2712802693,2.9715134345,-2.2429896256,0.0224022377,0.0323880303
0.5289343279,0.529397891,-0.8260333586,-1.0105920926,0.2713746204,2.9710407746,-2.2429813197,0.0224022377,0.0323880303
0.5285755506,0.5295929817,-0.8258868033,-1.0098649762,0.2714703529,2.9705620883,-2.2429727673,0.0224022377,0.0323880303
0.528211954,0.5297909636,-0.8257384053,-1.0091282419,0.271567476,2.9700773722,-2.2429639593,0.0224022377,0.0323880303
0.5278435206,0.529991859,-0.8255881638,-1.0083818605,0.2716659984,2.9695866215,-2.2429548875,0.0224022377,0.0323880303
0.5274702344,0.5301956873,-0.8254360778,-1.0076258047,0.2717659274,2.9690898302,-2.242945545,0.0224022377,0.0323880303
0.5270920813,0.530402465,-0.8252821459,-1.00686005,0.2718672691,2.9685869924,-2.2429359256,0.0224022377,0.0323880303
0.5267090487,0.5306122059,-0.8251263668,-1.0060845744,0.2719700287,2.9680781012,-2.2429260245,0.0224022377,0.0323880303
0.5263211253,0.5308249213,-0.8249687387,-1.0052993572,0.2720742104,2.9675631491,-2.2429158377,0.0224022377,0.0323880303
0.5259283005,0.5310406208,-0.8248092593,-1.0045043784,0.2721798177,2.9670421269,-2.2429053625,0.0224022377,0.0323880303
0.525530564,0.5312593121,-0.8246479256,-1.0036996178,0.2722868537,2.9665150241,-2.2428945968,0.0224022377,0.0323880303
0.5251279055,0.5314810019,-0.8244847343,-1.0028850547,0.2723953212,2.965981828,-2.2428835392,0.0224022377,0.0323880303
0.5247203144,0.5317056957,-0.8243196812,-1.0020606672,0.2725052225,2.9654425239,-2.2428721894,0.0224022377,0.0323880303
0.5243077799,0.5319333981,-0.8241527614,-1.0012264324,0.2726165597,2.9648970954,-2.2428605474,0.0224022377,0.0323880303
0.5238902907,0.532164113,-0.8239839695,-1.0003823258,0.2727293349,2.9643455236,-2.2428486139,0.0224022377,0.0323880303
0.5234678354,0.5323978434,-0.8238132995,-0.9995283221,0.2728435497,2.9637877883,-2.24283639,0.0224022377,0.0323880303
0.5230404025,0.5326345917,-0.8236407454,-0.9986643956,0.2729592053,2.9632238682,-2.2428238771,0.0224022377,0.0323880303
0.5226079817,0.5328743591,-0.823466301,-0.9977905222,0.2730763023,2.9626537424,-2.2428110767,0.0224022377,0.0323880303
0.5221705885,0.5331171321,-0.8232899709,-0.99690673,0.2731948341,2.9620774236,-2.2427979911,0.0224022377,0.0323880303
0.5217283877,0.5333628132,-0.8231118192,-0.996013348,0.2733147523,2.9614951199,-2.2427846271,0.0224022377,0.0323880303
0.5212815819,0.5336112855,-0.8229319264,-0.9951107815,0.273435999,2.9609070906,-2.2427709915,0.0224022377,0.0323880303
0.5208303833,0.5338624303,-0.8227503784,-0.9941994581,0.2735585142,2.9603136138,-2.242757089,0.0224022377,0.0323880303
0.5203750113,0.5341161311,-0.822567267,-0.9932798222,0.2736822383,2.9597149855,-2.242742921,0.0224022377,0.0323880303
0.5199156827,0.5343722799,-0.8223826862,-0.9923523174,0.2738071148,2.9591115093,-2.2427284852,0.0224022377,0.0323880303
0.5194526028,0.5346307807,-0.8221967282,-0.9914173674,0.2739330927,2.958503482,-2.2427137758,0.0224022377,0.0323880303
0.5189859651,0.5348915472,-0.8220094815,-0.9904753734,0.274060125,2.9578911896,-2.242698785,0.0224022377,0.0323880303
0.5185159579,0.5351544965,-0.821821033,-0.9895267266,0.2741881666,2.9572749117,-2.2426835047,0.0224022377,0.0323880303
0.5180427676,0.5354195457,-0.8216314683,-0.988571814,0.2743171725,2.9566549244,-2.2426679273,0.0224022377,0.0323880303
0.5175665812,0.5356866095,-0.8214408721,-0.9876110225,0.2744470967,2.9560315012,-2.2426520462,0.0224022377,0.0323880303
0.5170875873,0.5359555995,-0.8212493286,-0.986644741,0.2745778924,2.9554049143,-2.2426358567,0.0224022377,0.0323880303
0.5166059764,0.5362264234,-0.8210569217,-0.9856733612,0.2747095112,2.9547754347,-2.2426193555,0.0224022377,0.0323880303
0.5161219414,0.5364989853,-0.8208637347,-0.9846972781,0.2748419037,2.9541433327,-2.242602541,0.0224022377,0.0323880303
0.5156356773,0.5367731852,-0.8206698505,-0.9837168897,0.2749750189,2.9535088775,-2.2425854134,0.0224022377,0.0323880303
0.5151473809,0.5370489197,-0.8204753515,-0.9827325964,0.2751088048,2.9528723369,-2.2425679746,0.0224022377,0.0323880303
0.5146572502,0.5373260826,-0.8202803195,-0.9817448002,0.2752432083,2.9522339773,-2.2425502279,0.0224022377,0.0323880303
0.5141654846,0.5376045646,-0.8200848356,-0.9807539043,0.2753781756,2.9515940631,-2.2425321781,0.0224022377,0.0323880303
0.5136722842,0.5378842537,-0.8198889803,-0.9797603128,0.2755136519,2.9509528573,-2.2425138313,0.0224022377,0.0323880303
0.5131778505,0.5381650355,-0.8196928332,-0.978764431,0.2756495815,2.9503106208,-2.2424951953,0.0224022377,0.0323880303
0.5126823858,0.5384467926,-0.8194964738,-0.9777666653,0.2757859082,2.9496676131,-2.2424762788,0.0224022377,0.0323880303
0.5121860936,0.538729405,-0.8192999805,-0.9767674234,0.2759225745,2.9490240922,-2.2424570921,0.0224022377,0.0323880303
0.5116891791,0.5390127498,-0.8191034315,-0.9757671149,0.2760595221,2.9483803147,-2.242437647,0.0224022377,0.0323880303
0.5111918488,0.5392967008,-0.8189069044,-0.9747661517,0.2761966916,2.947736536,-2.2424179567,0.0224022377,0.0323880303
0.5106943116,0.5395811283,-0.8187104766,-0.9737649484,0.2763340226,2.9470930108,-2.242398036,0.0224022377,0.0323880303
0.5101967783,0.539865899,-0.8185142248,-0.9727639234,0.276471453,2.9464499934,-2.2423779013,0.0224022377,0.0323880303
0.5096994622,0.5401508756,-0.8183182257,-0.9717634977,0.2766089201,2.9458077368,-2.2423575708,0.0224022377,0.0323880303
0.5092025779,0.5404359181,-0.8181225552,-0.9707640947,0.2767463598,2.9451664929,-2.2423370643,0.0224022377,0.0323880303
0.50870634,0.5407208841,-0.8179272881,-0.9697661367,0.2768837078,2.9445265106,-2.2423164031,0.0224022377,0.0323880303
0.5082109608,0.5410056315,-0.8177324978,-0.9687700404,0.2770208999,2.9438880339,-2.242295609,0.0224022377,0.0323880303
0.5077166454,0.5412900228,-0.817538255,-0.9677762084,0.2771578743,2.9432512981,-2.2422747033,0.0224022377,0.0323880303
0.5072235836,0.5415739326,-0.8173446262,-0.9667850146,0.2772945737,2.9426165242,-2.2422537041,0.0224022377,0.0323880303
0.5067319436,0.5418572556,-0.8171516736,-0.9657967917,0.2774309481,2.9419839157,-2.2422326227,0.0224022377,0.0323880303
0.5062418835,0.5421399022,-0.816959461,-0.9648118578,0.2775669515,2.9413536787,-2.2422114625,0.0224022377,0.0323880303
0.5057535724,0.5424217843,-0.8167680603,-0.9638305553,0.2777025362,2.9407260437,-2.2421902214,0.0224022377,0.0323880303
0.5052672001,0.542702804,-0.816577553,-0.9628532703,0.2778376493,2.9401012719,-2.2421688968,0.0224022377,0.0323880303
0.5047829752,0.5429828517,-0.8163880273,-0.961880426,0.2779722324,2.9394796474,-2.2421474876,0.0224022377,0.0323880303
0.5043011174,0.5432618093,-0.8161995744,-0.9609124672,0.2781062246,2.9388614652,-2.2421259954,0.0224022377,0.0323880303
0.5038218508,0.543539554,-0.8160122859,-0.9599498467,0.2782395634,2.9382470229,-2.2421044239,0.0224022377,0.0323880303
0.5033454,0.543815961,-0.8158262526,-0.9589930176,0.2783721864,2.9376366163,-2.2420827784,0.0224022377,0.0323880303
0.502871988,0.5440909052,-0.8156415642,-0.9580424302,0.2785040317,2.9370305381,-2.2420610652,0.0224022377,0.0323880303
0.5024018361,0.5443642621,-0.815458309,-0.9570985297,0.2786350377,2.9364290767,-2.2420392914,0.0224022377,0.0323880303
0.5019351629,0.5446359074,-0.8152765739,-0.9561617569,0.2787651439,2.9358325167,-2.2420174643,0.0224022377,0.0323880303
0.5014721851,0.5449057181,-0.815096445,-0.9552325479,0.2788942898,2.9352411395,-2.2419955916,0.0224022377,0.0323880303
0.5010131174,0.5451735715,-0.814918007,-0.9543113346,0.2790224158,2.934655223,-2.2419736815,0.0224022377,0.0323880303
0.5005581728,0.5454393453,-0.8147413441,-0.9533985455,0.2791494624,2.9340750423,-2.2419517421,0.0224022377,0.0323880303
0.5001075635,0.5457029171,-0.8145665394,-0.9524946066,0.27927537,2.93350087,-2.241929782,0.0224022377,0.0323880303
0.4996615006,0.5459641643,-0.8143936755,-0.9515999417,0.2794000791,2.9329329764,-2.2419078105,0.0224022377,0.0323880303
0.4992201954,0.5462229626,-0.8142228343,-0.9507149742,0.2795235299,2.9323716301,-2.2418858374,0.0224022377,0.0323880303
0.4987838599,0.5464791859,-0.814054097,-0.9498401279,0.2796456617,2.9318170981,-2.2418638736,0.0224022377,0.0323880303
0.4983526842,0.5467327181,-0.8138875352,-0.9489757816,0.2797664192,2.9312696155,-2.2418419307,0.0224022377,0.0323880303
0.4979267165,0.5469835212,-0.8137231627,-0.9481220268,0.2798857858,2.9307292292,-2.2418200168,0.0224022377,0.0323880303
0.4975059782,0.5472315692,-0.813560981,-0.9472788997,0.2800037515,2.9301959469,-2.2417981413,0.0224022377,0.0323880303
0.497090492,0.5474768325,-0.8134009907,-0.9464464385,0.2801203055,2.9296697743,-2.2417763155,0.0224022377,0.0323880303
0.4966802803,0.5477192794,-0.8132431907,-0.9456246785,0.2802354366,2.9291507121,-2.2417545529,0.0224022377,0.0323880303
0.4962753633,0.5479588772,-0.813087578,-0.9448136507,0.2803491342,2.9286387563,-2.2417328683,0.0224022377,0.0323880303
0.495875759,0.5481955937,-0.8129341484,-0.9440133812,0.2804613883,2.9281338982,-2.2417112772,0.0224022377,0.0323880303
0.4954814823,0.5484293984,-0.8127828962,-0.9432238897,0.2805721899,2.9276361252,-2.2416897956,0.0224022377,0.0323880303
0.4950925451,0.5486602633,-0.8126338146,-0.9424451903,0.2806815311,2.9271454215,-2.2416684387,0.0224022377,0.0323880303
0.494708956,0.5488881632,-0.8124868964,-0.9416772911,0.2807894055,2.9266617693,-2.2416472211,0.0224022377,0.0323880303
0.4943307207,0.5491130766,-0.8123421342,-0.9409201957,0.2808958078,2.9261851495,-2.2416261561,0.0224022377,0.0323880303
0.4939578427,0.549334985,-0.8121995204,-0.940173903,0.2810007339,2.9257155422,-2.2416052556,0.0224022377,0.0323880303
0.493590323,0.5495538731,-0.8120590475,-0.9394384089,0.2811041806,2.9252529277,-2.2415845303,0.0224022377,0.0323880303
0.493228161,0.5497697285,-0.8119207083,-0.9387137064,0.2812061458,2.9247972866,-2.2415639894,0.0224022377,0.0323880303
0.4928713544,0.5499825414,-0.8117844962,-0.9379997861,0.2813066279,2.9243486003,-2.2415436409,0.0224022377,0.0323880303
0.4925198999,0.5501923045,-0.8116504047,-0.937296637,0.2814056264,2.9239068506,-2.2415234913,0.0224022377,0.0323880303
0.4921737932,0.5503990125,-0.8115184279,-0.9366042472,0.2815031408,2.9234720212,-2.2415035462,0.0224022377,0.0323880303
0.4918330297,0.5506026616,-0.8113885606,-0.9359226046,0.2815991713,2.9230440967,-2.24148381,0.0224022377,0.0323880303
0.4914976041,0.5508032499,-0.8112607979,-0.9352516961,0.2816937185,2.9226230628,-2.2414642861,0.0224022377,0.0323880303
0.4911675105,0.5510007768,-0.8111351355,-0.9345915083,0.2817867831,2.9222089065,-2.2414449771,0.0224022377,0.0323880303
0.4908427425,0.5511952432,-0.8110115692,-0.933942027,0.2818783663,2.9218016154,-2.2414258847,0.0224022377,0.0323880303
0.4905232928,0.5513866515,-0.8108900955,-0.9333032369,0.2819684696,2.921401178,-2.2414070095,0.0224022377,0.0323880303
0.4902091535,0.551575006,-0.8107707107,-0.9326751216,0.2820570951,2.921007583,-2.2413883517,0.0224022377,0.0323880303
0.4899003155,0.551760312,-0.8106534118,-0.9320576633,0.282144245,2.9206208196,-2.2413699101,0.0224022377,0.0323880303
0.4895967689,0.5519425769,-0.8105381956,-0.9314508423,0.282229922,2.9202408773,-2.2413516831,0.0224022377,0.0323880303
0.4892985027,0.5521218098,-0.8104250593,-0.9308546379,0.2823141293,2.9198677457,-2.2413336678,0.0224022377,0.0323880303
0.4890055053,0.5522980209,-0.8103140005,-0.930269028,0.2823968705,2.9195014155,-2.2413158606,0.0224022377,0.0323880303
0.488717765,0.5524712218,-0.8102050172,-0.9296939914,0.2824781489,2.9191418785,-2.2412982571,0.0224022377,0.0323880303
0.4884352718,0.5526414236,-0.8100981085,-0.92912951,0.2825579678,2.9187891298,-2.2412808522,0.0224022377,0.0323880303
0.4881580198,0.5528086352,-0.8099932753,-0.9285755745,0.282636329,2.91844317,-2.2412636411,0.0224022377,0.0323880303
0.4878860122,0.5529728589,-0.8098905212,-0.9280321926,0.2827132317,2.918104009,-2.2412466201,0.0224022377,0.0323880303
0.4876192686,0.5531340836,-0.809789854,-0.9274994034,0.2827886698,2.9177716724,-2.2412297894,0.0224022377,0.0323880303
0.4873578316,0.553292277,-0.8096912865,-0.9269772897,0.2828626299,2.9174462042,-2.241213156,0.0224022377,0.0323880303
0.4871017543,0.5534473912,-0.80959483,-0.92646595,0.2829350944,2.9171276471,-2.2411967354,0.0224022377,0.0323880303
0.4868510791,0.5535993775,-0.8095004879,-0.9259654592,0.2830060479,2.9168160207,-2.2411805478,0.0224022377,0.0323880303
0.4866058266,0.5537481988,-0.8094082545,-0.9254758476,0.2830754813,2.9165113144,-2.2411646135,0.0224022377,0.0323880303
0.4863659973,0.5538938315,-0.8093181173,-0.9249971065,0.2831433915,2.9162134954,-2.2411489507,0.0224022377,0.0323880303
0.4861315788,0.5540362639,-0.8092300608,-0.9245292027,0.2832097794,2.9159225198,-2.2411335737,0.0224022377,0.0323880303
0.485902552,0.5541754915,-0.809144069,-0.924072091,0.2832746486,2.9156383405,-2.2411184939,0.0224022377,0.0323880303
0.4856788952,0.5543115144,-0.8090601266,-0.9236257227,0.2833380036,2.9153609115,-2.2411037202,0.0224022377,0.0323880303
0.4854605864,0.5544443354,-0.8089782195,-0.9231900493,0.2833998493,2.9150901904,-2.2410892593,0.0224022377,0.0323880303
0.4852476046,0.5545739588,-0.8088983351,-0.9227650252,0.2834601907,2.9148261382,-2.2410751167,0.0224022377,0.0323880303
0.4850399301,0.5547003892,-0.808820462,-0.9223506083,0.2835190325,2.9145687204,-2.2410612969,0.0224022377,0.0323880303
0.4848375451,0.5548236317,-0.8087445901,-0.9219467601,0.2835763791,2.9143179059,-2.2410478033,0.0224022377,0.0323880303
0.4846404332,0.5549436912,-0.8086707107,-0.9215534461,0.2836322346,2.9140736674,-2.2410346388,0.0224022377,0.0323880303
0.48444858,0.5550605722,-0.8085988159,-0.9211706355,0.2836866026,2.9138359806,-2.2410218059,0.0224022377,0.0323880303
0.4842619725,0.555174279,-0.8085288989,-0.920798301,0.2837394863,2.9136048242,-2.2410093066,0.0224022377,0.0323880303
0.4840805993,0.5552848154,-0.8084609536,-0.9204364184,0.2837908887,2.9133801795,-2.2409971425,0.0224022377,0.0323880303
0.4839044505,0.5553921847,-0.8083949748,-0.9200849668,0.2838408123,2.9131620301,-2.2409853154,0.0224022377,0.0323880303
0.4837335175,0.5554963897,-0.808330958,-0.9197439282,0.2838892592,2.9129503622,-2.2409738264,0.0224022377,0.0323880303
0.4835677931,0.5555974328,-0.8082688994,-0.9194132873,0.2839362312,2.9127451636,-2.2409626767,0.0224022377,0.0323880303
0.4834072715,0.5556953157,-0.8082087957,-0.9190930316,0.2839817298,2.9125464246,-2.2409518675,0.0224022377,0.0323880303
0.4832519481,0.5557900395,-0.8081506442,-0.9187831513,0.2840257561,2.9123541368,-2.2409413997,0.0224022377,0.0323880303
0.4831018201,0.5558816045,-0.8080944432,-0.9184836401,0.2840683108,2.9121682949,-2.2409312743,0.0224022377,0.0323880303
0.482956887,0.5559700096,-0.8080401917,-0.9181944967,0.2841093938,2.9119888963,-2.2409214924,0.0224022377,0.0323880303
0.4828171505,0.5560552527,-0.8079878898,-0.9179157239,0.2841490046,2.9118159414,-2.240912055,0.0224022377,0.0323880303
0.4826826117,0.5561373321,-0.8079375371,-0.9176473232,0.2841871427,2.9116494298,-2.240902963,0.0224022377,0.0323880303
0.4825532554,0.5562162559,-0.8078891275,-0.9173892642,0.2842238124,2.9114893415,-2.2408942162,0.0224022377,0.0323880303
0.4824290223,0.5562920596,-0.8078426383,-0.9171414279,0.2842590303,2.9113356017,-2.2408858113,0.0224022377,0.0323880303
0.4823098006,0.5563648105,-0.8077980274,-0.9169035914,0.2842928281,2.9111880712,-2.2408777413,0.0224022377,0.0323880303
0.4821954906,0.556434569,-0.8077552569,-0.9166755551,0.284325234,2.9110466253,-2.24087,0.0224022377,0.0323880303
0.4820859882,0.5565013978,-0.8077142876,-0.9164571113,0.2843562774,2.9109111347,-2.2408625808,0.0224022377,0.0323880303
0.4819811897,0.5565653598,-0.8076750803,-0.9162480528,0.2843859876,2.9107814699,-2.2408554772,0.0224022377,0.0323880303
0.4818809914,0.5566265176,-0.8076375961,-0.9160481726,0.284414394,2.910657502,-2.2408486826,0.0224022377,0.0323880303
0.4817852897,0.5566849341,-0.8076017958,-0.9158572638,0.284441526,2.9105391021,-2.2408421903,0.0224022377,0.0323880303
0.4816939811,0.5567406719,-0.8075676406,-0.9156751197,0.2844674128,2.9104261415,-2.2408359936,0.0224022377,0.0323880303
0.4816069622,0.5567937938,-0.8075350914,-0.9155015338,0.2844920837,2.9103184917,-2.240830086,0.0224022377,0.0323880303
0.4815241295,0.5568443626,-0.8075041095,-0.9153362998,0.284515568,2.9102160242,-2.2408244605,0.0224022377,0.0323880303
0.4814453799,0.5568924409,-0.8074746559,-0.9151792115,0.2845378949,2.9101186108,-2.2408191106,0.0224022377,0.0323880303
0.4813706101,0.5569380914,-0.807446692,-0.9150300629,0.2845590936,2.9100261233,-2.2408140295,0.0224022377,0.0323880303
0.481299717,0.5569813769,-0.807420179,-0.9148886481,0.2845791934,2.9099384337,-2.2408092103,0.0224022377,0.0323880303
0.4812325974,0.5570223599,-0.8073950781,-0.9147547614,0.2845982235,2.9098554142,-2.2408046463,0.0224022377,0.0323880303
0.4811691484,0.5570611032,-0.8073713508,-0.9146281971,0.284616213,2.909776937,-2.2408003307,0.0224022377,0.0323880303
0.4811092671,0.5570976694,-0.8073489583,-0.91450875,0.2846331912,2.9097028744,-2.2407962567,0.0224022377,0.0323880303
0.4810528505,0.5571321211,-0.8073278622,-0.9143962146,0.2846491871,2.9096330989,-2.2407924174,0.0224022377,0.0323880303
0.4809997959,0.5571645208,-0.8073080239,-0.9142903859,0.2846642299,2.909567483,-2.240788806,0.0224022377,0.0323880303
0.4809500004,0.5571949313,-0.8072894047,-0.9141910586,0.2846783487,2.9095058993,-2.2407854157,0.0224022377,0.0323880303
0.4809033613,0.5572234149,-0.8072719664,-0.9140980278,0.2846915726,2.9094482207,-2.2407822395,0.0224022377,0.0323880303
0.480859776,0.5572500344,-0.8072556702,-0.9140110887,0.2847039308,2.9093943197,-2.2407792706,0.0224022377,0.0323880303
0.4808191417,0.5572748523,-0.8072404779,-0.9139300363,0.2847154523,2.9093440694,-2.2407765021,0.0224022377,0.0323880303
0.4807813559,0.5572979311,-0.8072263509,-0.913854666,0.2847261662,2.9092973426,-2.2407739272,0.0224022377,0.0323880303
0.4807463159,0.5573193335,-0.8072132507,-0.9137847728,0.2847361016,2.9092540121,-2.2407715389,0.0224022377,0.0323880303
0.480713919,0.5573391219,-0.8072011391,-0.9137201521,0.2847452876,2.9092139509,-2.2407693303,0.0224022377,0.0323880303
0.4806840626,0.557357359,-0.8071899775,-0.9136605991,0.2847537533,2.909177032,-2.2407672946,0.0224022377,0.0323880303
0.4806566442,0.5573741075,-0.8071797275,-0.9136059089,0.2847615278,2.9091431282,-2.2407654247,0.0224022377,0.0323880303
0.4806315608,0.5573894299,-0.8071703507,-0.9135558767,0.2847686402,2.9091121125,-2.2407637138,0.0224022377,0.0323880303
0.4806087099,0.5574033889,-0.8071618086,-0.9135102975,0.2847751196,2.9090838576,-2.2407621548,0.0224022377,0.0323880303
0.4805879886,0.5574160473,-0.8071540628,-0.9134689661,0.2847809952,2.9090582364,-2.240760741,0.0224022377,0.0323880303
0.480569294,0.5574274679,-0.8071470747,-0.9134316775,0.2847862961,2.9090351215,-2.2407594652,0.0224022377,0.0323880303
0.4805525231,0.5574377135,-0.8071408058,-0.9133982261,0.2847910516,2.9090143856,-2.2407583205,0.0224022377,0.0323880303
0.4805375729,0.557446847,-0.8071352176,-0.9133684062,0.2847952908,2.9089959011,-2.2407572999,0.0224022377,0.0323880303
0.4805243402,0.5574549314,-0.8071302715,-0.9133420121,0.2847990431,2.9089795403,-2.2407563964,0.0224022377,0.0323880303
0.4805127215,0.5574620299,-0.8071259287,-0.9133188375,0.2848023377,2.9089651753,-2.240755603,0.0224022377,0.0323880303
0.4805026134,0.5574682056,-0.8071221506,-0.9132986759,0.284805204,2.9089526781,-2.2407549126,0.0224022377,0.0323880303
0.480493912,0.557473522,-0.8071188984,-0.9132813202,0.2848076713,2.9089419203,-2.2407543183,0.0224022377,0.0323880303
0.4804865135,0.5574780424,-0.8071161332,-0.9132665632,0.2848097693,2.9089327734,-2.2407538128,0.0224022377,0.0323880303
0.4804803135,0.5574818306,-0.807113816,-0.9132541968,0.2848115274,2.9089251083,-2.2407533892,0.0224022377,0.0323880303
0.4804752074,0.5574849505,-0.8071119076,-0.9132440125,0.2848129753,2.9089187958,-2.2407530403,0.0224022377,0.0323880303
0.4804710904,0.5574874661,-0.807110369,-0.9132358008,0.2848141427,2.9089137061,-2.2407527589,0.0224022377,0.0323880303
0.4804678571,0.5574894417,-0.8071091606,-0.9132293518,0.2848150596,2.908909709,-2.2407525379,0.0224022377,0.0323880303
0.4804654017,0.5574909422,-0.8071082429,-0.9132244542,0.2848157559,2.9089066734,-2.24075237,0.0224022377,0.0323880303
0.4804636176,0.5574920323,-0.8071075762,-0.9132208958,0.2848162618,2.908904468,-2.240752248,0.0224022377,0.0323880303
0.4804623979,0.5574927777,-0.8071071204,-0.913218463,0.2848166077,2.9089029602,-2.2407521646,0.0224022377,0.0323880303
0.4804616347,0.557493244,-0.8071068352,-0.9132169409,0.2848168241,2.9089020168,-2.2407521124,0.0224022377,0.0323880303
0.4804612197,0.5574934977,-0.8071066801,-0.9132161131,0.2848169418,2.9089015037,-2.240752084,0.0224022377,0.0323880303
0.4804610441,0.557493605,-0.8071066145,-0.9132157628,0.2848169916,2.9089012866,-2.240752072,0.0224022377,0.0323880303
0.4804610008,0.5574936314,-0.8071065983,-0.9132156765,0.2848170038,2.9089012332,-2.2407520691,0.0224022377,0.0323880303
0.4804609997,0.5574936321,-0.8071065979,-0.9132156744,0.2848170041,2.9089012318,-2.240752069,0.0224022377,0.0323880303
0.4804609956,0.5574936346,-0.8071065964,-0.9132156661,0.2848170053,2.9089012267,-2.2407520687,0.0224022377,0.0323880303
0.4804609956,0.5574936346,-0.8071065964,-0.9132156661,0.2848170053,2.9089012267,-2.2407520687,0.0224022377,0.0323880303
0.4804609956,0.5574936346,-0.8071065964,-0.9132156661,0.2848170053,2.9089012267,-2.2407520687,0.0224022377,0.0323880303
0.4804609956,0.5574936346,-0.8071065964,-0.9132156661,0.2848170053,2.9089012267,-2.2407520687,0.0224022377,0.0323880303
0.4804609956,0.5574936346,-0.8071065964,-0.9132156661,0.2848170053,2.9089012267,-2.2407520687,0.0224022377,0.0323880303
0.4804609956,0.5574936346,-0.8071065964,-0.9132156661,0.2848170053,2.9089012267,-2.2407520687,0.0224022377,0.0323880303
0.4804609956,0.5574936346,-0.8071065964,-0.9132156661,0.2848170053,2.9089012267,-2.2407520687,0.0224022377,0.0323880303
0.4804609956,0.5574936346,-0.8071065964,-0.9132156661,0.2848170053,2.9089012267,-2.2407520687,0.0224022377,0.0323880303
0.4804609956,0.5574936346,-0.8071065964,-0.9132156661,0.2848170053,2.9089012267,-2.2407520687,0.0224022377,0.0323880303
0.4804609956,0.5574936346,-0.8071065964,-0.9132156661,0.2848170053,2.9089012267,-2.2407520687,0.0224022377,0.0323880303
0.4804609956,0.5574936346,-0.8071065964,-0.9132156661,0.2848170053,2.9089012267,-2.2407520687,0.0224022377,0.0323880303
0.4804609956,0.5574936346,-0.8071065964,-0.9132156661,0.2848170053,2.9089012267,-2.2407520687,0.0224022377,0.0323880303
0.4804609956,0.5574936346,-0.8071065964,-0.9132156661,0.2848170053,2.9089012267,-2.2407520687,0.0224022377,0.0323880303
0.4804609956,0.5574936346,-0.8071065964,-0.9132156661,0.2848170053,2.9089012267,-2.2407520687,0.0224022377,0.0323880303
0.4804609956,0.5574936346,-0.8071065964,-0.9132156661,0.2848170053,2.9089012267,-2.2407520687,0.0224022377,0.0323880303
0.4804609956,0.5574936346,-0.8071065964,-0.9132156661,0.2848170053,2.9089012267,-2.2407520687,0.0224022377,0.0323880303
0.4804609956,0.5574936346,-0.8071065964,-0.9132156661,0.2848170053,2.9089012267,-2.2407520687,0.0224022377,0.0323880303
0.4804609956,0.5574936346,-0.8071065964,-0.9132156661,0.2848170053,2.9089012267,-2.2407520687,0.0224022377,0.0323880303
0.4804609956,0.5574936346,-0.8071065964,-0.9132156661,0.2848170053,2.9089012267,-2.2407520687,0.0224022377,0.0323880303
0.4804609956,0.5574936346,-0.8071065964,-0.9132156661,0.2848170053,2.9089012267,-2.2407520687,0.0224022377,0.0323880303
0.4804609956,0.5574936346,-0.8071065964,-0.9132156661,0.2848170053,2.9089012267,-2.2407520687,0.0224022377,0.0323880303
0.4804609956,0.5574936346,-0.8071065964,-0.9132156661,0.2848170053,2.9089012267,-2.2407520687,0.0224022377,0.0323880303
0.4804609956,0.5574936346,-0.8071065964,-0.9132156661,0.2848170053,2.9089012267,-2.2407520687,0.0224022377,0.0323880303
0.4804609956,0.5574936346,-0.8071065964,-0.9132156661,0.2848170053,2.9089012267,-2.2407520687,0.0224022377,0.0323880303
0.4804609956,0.5574936346,-0.8071065964,-0.9132156661,0.2848170053,2.9089012267,-2.2407520687,0.0224022377,0.0323880303
0.4804609956,0.5574936346,-0.8071065964,-0.9132156661,0.2848170053,2.9089012267,-2.2407520687,0.0224022377,0.0323880303
0.4804609956,0.5574936346,-0.8071065964,-0.9132156661,0.2848170053,2.9089012267,-2.2407520687,0.0224022377,0.0323880303
0.4804609956,0.5574936346,-0.8071065964,-0.9132156661,0.2848170053,2.9089012267,-2.2407520687,0.0224022377,0.0323880303
0.4804609956,0.5574936346,-0.8071065964,-0.9132156661,0.2848170053,2.9089012267,-2.2407520687,0.0224022377,0.0323880303
0.4804609956,0.5574936346,-0.8071065964,-0.9132156661,0.2848170053,2.9089012267,-2.2407520687,0.0224022377,0.0323880303
0.4804609956,0.5574936346,-0.8071065964,-0.9132156661,0.2848170053,2.9089012267,-2.2407520687,0.0224022377,0.0323880303
0.4804609956,0.5574936346,-0.8071065964,-0.9132156661,0.2848170053,2.9089012267,-2.2407520687,0.0224022377,0.0323880303
0.4804609956,0.5574936346,-0.8071065964,-0.9132156661,0.2848170053,2.9089012267,-2.2407520687,0.0224022377,0.0323880303
0.4804609956,0.5574936346,-0.8071065964,-0.9132156661,0.2848170053,2.9089012267,-2.2407520687,0.0224022377,0.0323880303
0.4804609956,0.5574936346,-0.8071065964,-0.9132156661,0.2848170053,2.9089012267,-2.2407520687,0.0224022377,0.0323880303
0.4804609956,0.5574936346,-0.8071065964,-0.9132156661,0.2848170053,2.9089012267,-2.2407520687,0.0224022377,0.0323880303
0.4804609956,0.5574936346,-0.8071065964,-0.9132156661,0.2848170053,2.9089012267,-2.2407520687,0.0224022377,0.0323880303
0.4804609956,0.5574936346,-0.8071065964,-0.9132156661,0.2848170053,2.9089012267,-2.2407520687,0.0224022377,0.0323880303
0.4804609956,0.5574936346,-0.8071065964,-0.9132156661,0.2848170053,2.9089012267,-2.2407520687,0.0224022377,0.0323880303
0.4804609956,0.5574936346,-0.8071065964,-0.9132156661,0.2848170053,2.9089012267,-2.2407520687,0.0224022377,0.0323880303
0.4804609956,0.5574936346,-0.8071065964,-0.9132156661,0.2848170053,2.9089012267,-2.2407520687,0.0224022377,0.0323880303
0.4804609956,0.5574936346,-0.8071065964,-0.9132156661,0.2848170053,2.9089012267,-2.2407520687,0.0224022377,0.0323880303
0.4804609956,0.5574936346,-0.8071065964,-0.9132156661,0.2848170053,2.9089012267,-2.2407520687,0.0224022377,0.0323880303
0.4804609956,0.5574936346,-0.8071065964,-0.9132156661,0.2848170053,2.9089012267,-2.2407520687,0.0224022377,0.0323880303
0.4804609956,0.5574936346,-0.8071065964,-0.9132156661,0.2848170053,2.9089012267,-2.2407520687,0.0224022377,0.0323880303
0.4804609956,0.5574936346,-0.8071065964,-0.9132156661,0.2848170053,2.9089012267,-2.2407520687,0.0224022377,0.0323880303
0.4804609956,0.5574936346,-0.8071065964,-0.9132156661,0.2848170053,2.9089012267,-2.2407520687,0.0224022377,0.0323880303
0.4804609956,0.5574936346,-0.8071065964,-0.9132156661,0.2848170053,2.9089012267,-2.2407520687,0.0224022377,0.0323880303
0.4804609956,0.5574936346,-0.8071065964,-0.9132156661,0.2848170053,2.9089012267,-2.2407520687,0.0224022377,0.0323880303
0.4804609956,0.5574936346,-0.8071065964,-0.9132156661,0.2848170053,2.9089012267,-2.2407520687,0.0224022377,0.0323880303
0.4804609956,0.5574936346,-0.8071065964,-0.9132156661,0.2848170053,2.9089012267,-2.2407520687,0.0224022377,0.0323880303
0.4804609956,0.5574936346,-0.8071065964,-0.9132156661,0.2848170053,2.9089012267,-2.2407520687,0.0224022377,0.0323880303
0.4804609956,0.5574936346,-0.8071065964,-0.9132156661,0.2848170053,2.9089012267,-2.2407520687,0.0224022377,0.0323880303
0.4804609956,0.5574936346,-0.8071065964,-0.9132156661,0.2848170053,2.9089012267,-2.2407520687,0.0224022377,0.0323880303
0.4804609956,0.5574936346,-0.8071065964,-0.9132156661,0.2848170053,2.9089012267,-2.2407520687,0.0224022377,0.0323880303
0.4804609956,0.5574936346,-0.8071065964,-0.9132156661,0.2848170053,2.9089012267,-2.2407520687,0.0224022377,0.0323880303
0.4804609956,0.5574936346,-0.8071065964,-0.9132156661,0.2848170053,2.9089012267,-2.2407520687,0.0224022377,0.0323880303
0.4804609956,0.5574936346,-0.8071065964,-0.9132156661,0.2848170053,2.9089012267,-2.2407520687,0.0224022377,0.0323880303
0.4804609956,0.5574936346,-0.8071065964,-0.9132156661,0.2848170053,2.9089012267,-2.2407520687,0.0224022377,0.0323880303
0.4804609976,0.5574936331,-0.8071065975,-0.9132156689,0.2848170045,2.9089012278,-2.2407520686,0.0224022377,0.0323880303
0.48046109,0.5574935629,-0.8071066464,-0.9132157972,0.2848169671,2.9089012759,-2.2407520647,0.0224022377,0.0323880303
0.4804614147,0.5574933162,-0.8071068184,-0.9132162484,0.2848168357,2.9089014452,-2.2407520511,0.0224022377,0.0323880303
0.4804620384,0.5574928423,-0.8071071489,-0.9132171149,0.2848165831,2.9089017705,-2.2407520248,0.0224022377,0.0323880303
0.480462952,0.5574921482,-0.8071076329,-0.913218384,0.2848162133,2.9089022468,-2.2407519862,0.0224022377,0.0323880303
0.4804641507,0.5574912376,-0.8071082681,-0.9132200491,0.284815728,2.9089028718,-2.2407519356,0.0224022377,0.0323880303
0.4804657701,0.5574900075,-0.8071091262,-0.9132222983,0.2848150723,2.9089037159,-2.2407518672,0.0224022377,0.0323880303
0.4804680935,0.5574882427,-0.8071103575,-0.9132255253,0.2848141315,2.908904927,-2.2407517688,0.0224022377,0.0323880303
0.4804713961,0.5574857343,-0.807112108,-0.9132301117,0.284812794,2.9089066483,-2.2407516287,0.0224022377,0.0323880303
0.4804757799,0.5574824049,-0.8071144317,-0.9132361992,0.2848110187,2.9089089328,-2.2407514426,0.0224022377,0.0323880303
0.4804812837,0.5574782252,-0.8071173493,-0.9132438414,0.2848087896,2.9089118008,-2.2407512086,0.0224022377,0.0323880303
0.4804880097,0.5574731176,-0.8071209152,-0.9132531801,0.2848060652,2.9089153053,-2.2407509222,0.0224022377,0.0323880303
0.4804961187,0.5574669601,-0.8071252147,-0.9132644383,0.2848027805,2.9089195301,-2.2407505765,0.0224022377,0.0323880303
0.4805057727,0.5574596299,-0.8071303337,-0.9132778404,0.2847988698,2.9089245593,-2.2407501645,0.0224022377,0.0323880303
0.4805171151,0.5574510181,-0.8071363486,-0.9132935855,0.2847942748,2.9089304676,-2.2407496798,0.0224022377,0.0323880303
0.4805302762,0.5574410261,-0.8071433284,-0.9133118541,0.2847889427,2.9089373227,-2.2407491167,0.0224022377,0.0323880303
0.480545388,0.5574295536,-0.8071513434,-0.913332829,0.2847828199,2.9089451931,-2.2407484694,0.0224022377,0.0323880303
0.4805625869,0.5574164975,-0.8071604661,-0.9133566992,0.284775851,2.9089541498,-2.2407477319,0.0224022377,0.0323880303
0.4805820129,0.5574017515,-0.8071707709,-0.9133836586,0.2847679794,2.9089642654,-2.2407468978,0.0224022377,0.0323880303
0.4806038057,0.5573852097,-0.8071823321,-0.9134139008,0.2847591481,2.9089756126,-2.2407459611,0.0224022377,0.0323880303
0.4806281045,0.5573667668,-0.8071952238,-0.9134476184,0.2847493007,2.9089882635,-2.2407449155,0.0224022377,0.0323880303
0.4806550475,0.557346318,-0.8072095194,-0.9134850029,0.2847383811,2.9090022899,-2.2407437548,0.0224022377,0.0323880303
0.4806847732,0.5573237584,-0.8072252927,-0.9135262458,0.284726333,2.9090177637,-2.2407424728,0.0224022377,0.0323880303
0.4807174203,0.5572989829,-0.8072426176,-0.9135715393,0.2847131001,2.9090347569,-2.2407410631,0.0224022377,0.0323880303
0.4807531282,0.5572718862,-0.8072615682,-0.913621076,0.2846986257,2.9090533418,-2.2407395196,0.0224022377,0.0323880303
0.4807920364,0.5572423625,-0.8072822189,-0.9136750491,0.2846828531,2.9090735906,-2.2407378359,0.0224022377,0.0323880303
0.4808342846,0.557210306,-0.807304644,-0.9137336517,0.2846657255,2.9090955758,-2.2407360056,0.0224022377,0.0323880303
0.4808800126,0.557175611,-0.807328918,-0.9137970772,0.2846471862,2.90911937,-2.2407340223,0.0224022377,0.0323880303
0.4809293604,0.5571381716,-0.8073551156,-0.9138655191,0.2846271781,2.9091450455,-2.2407318796,0.0224022377,0.0323880303
0.4809824679,0.5570978819,-0.8073833113,-0.9139391708,0.2846056445,2.9091726749,-2.2407295711,0.0224022377,0.0323880303
0.4810394754,0.5570546359,-0.8074135799,-0.9140182261,0.2845825281,2.9092023308,-2.2407270902,0.0224022377,0.0323880303
0.4811005231,0.5570083273,-0.8074459963,-0.9141028789,0.284557772,2.9092340858,-2.2407244306,0.0224022377,0.0323880303
0.4811657517,0.55695885,-0.8074806353,-0.9141933233,0.2845313189,2.9092680128,-2.2407215856,0.0224022377,0.0323880303
0.4812353016,0.5569060977,-0.8075175721,-0.9142897535,0.2845031117,2.9093041844,-2.2407185487,0.0224022377,0.0323880303
0.4813093137,0.5568499639,-0.8075568818,-0.9143923638,0.284473093,2.9093426734,-2.2407153132,0.0224022377,0.0323880303
0.4813879288,0.5567903424,-0.8075986396,-0.9145013487,0.2844412055,2.9093835527,-2.2407118727,0.0224022377,0.0323880303
0.4814712879,0.5567271264,-0.8076429207,-0.9146169026,0.2844073917,2.9094268951,-2.2407082204,0.0224022377,0.0323880303
0.4815595319,0.5566602096,-0.8076898006,-0.9147392203,0.2843715943,2.9094727736,-2.2407043496,0.0224022377,0.0323880303
0.4816528022,0.5565894852,-0.8077393547,-0.9148684966,0.2843337556,2.9095212611,-2.2407002536,0.0224022377,0.0323880303
0.4817512401,0.5565148466,-0.8077916584,-0.9150049262,0.2842938181,2.9095724306,-2.2406959257,0.0224022377,0.0323880303
0.4818549868,0.5564361869,-0.8078467875,-0.9151487042,0.2842517242,2.909626355,-2.2406913591,0.0224022377,0.0323880303
0.4819641839,0.5563533996,-0.8079048176,-0.9153000255,0.2842074162,2.9096831074,-2.2406865469,0.0224022377,0.0323880303
0.4820789731,0.5562663776,-0.8079658244,-0.9154590853,0.2841608362,2.9097427609,-2.2406814824,0.0224022377,0.0323880303
0.4821994959,0.5561750141,-0.8080298838,-0.9156260789,0.2841119266,2.9098053885,-2.2406761587,0.0224022377,0.0323880303
0.4823258942,0.5560792022,-0.8080970718,-0.9158012013,0.2840606295,2.9098710633,-2.2406705688,0.0224022377,0.0323880303
0.4824583099,0.5559788349,-0.8081674642,-0.9159846481,0.284006887,2.9099398584,-2.2406647058,0.0224022377,0.0323880303
0.4825968848,0.5558738051,-0.8082411372,-0.9161766146,0.2839506411,2.910011847,-2.2406585627,0.0224022377,0.0323880303
0.4827417611,0.5557640059,-0.8083181668,-0.9163772962,0.2838918338,2.9100871023,-2.2406521325,0.0224022377,0.0323880303
0.4828930808,0.5556493302,-0.8083986293,-0.9165868886,0.2838304071,2.9101656973,-2.2406454081,0.0224022377,0.0323880303
0.4830509862,0.5555296707,-0.808482601,-0.9168055872,0.2837663029,2.9102477053,-2.2406383825,0.0224022377,0.0323880303
0.4832156175,0.5554049219,-0.8085701571,-0.9170335848,0.2836994639,2.9103331983,-2.2406310486,0.0224022377,0.0323880303
0.4833870288,0.5552750438,-0.8086613273,-0.9172709546,0.2836298675,2.9104222036,-2.2406234029,0.0224022377,0.0323880303
0.4835652205,0.5551400369,-0.8087561127,-0.9175176948,0.2835575132,2.9105147203,-2.2406154443,0.0224022377,0.0323880303
0.4837502685,0.5549998447,-0.8088545547,-0.9177739087,0.2834823695,2.9106107869,-2.2406071683,0.0224022377,0.0323880303
0.4839423245,0.5548543529,-0.8089567346,-0.9180398048,0.2834043745,2.9107104814,-2.2405985672,0.0224022377,0.0323880303
0.484141536,0.5547034507,-0.8090627318,-0.9183155855,0.2833234677,2.9108138794,-2.2405896336,0.0224022377,0.0323880303
0.4843479101,0.5545471335,-0.8091725512,-0.9186012587,0.2832396458,2.9109209837,-2.2405803659,0.0224022377,0.0323880303
0.4845613063,0.5543855094,-0.8092861192,-0.9188966265,0.283152965,2.9110317198,-2.2405707687,0.0224022377,0.0323880303
0.4847815923,0.5542186797,-0.8094033669,-0.9192015032,0.2830634782,2.9111460175,-2.2405608463,0.0224022377,0.0323880303
0.4850088092,0.5540466146,-0.8095243173,-0.9195159431,0.2829711682,2.9112638972,-2.2405505957,0.0224022377,0.0323880303
0.4852430611,0.553869236,-0.8096490266,-0.9198400883,0.2828759922,2.9113854118,-2.240540011,0.0224022377,0.0323880303
0.4854843888,0.5536865141,-0.8097775178,-0.9201739933,0.2827779329,2.9115105814,-2.2405290891,0.0224022377,0.0323880303
0.4857327748,0.5534984635,-0.8099097826,-0.9205176309,0.2826769967,2.9116393956,-2.2405178295,0.0224022377,0.0323880303
0.4859882004,0.5533050994,-0.8100458125,-0.9208709726,0.2825731907,2.9117718434,-2.2405062313,0.0224022377,0.0323880303
0.4862506653,0.5531064234,-0.8101856086,-0.9212340155,0.2824665141,2.9119079234,-2.2404942932,0.0224022377,0.0323880303
0.4865201828,0.5529024268,-0.8103291791,-0.921606775,0.2823569609,2.912047641,-2.2404820131,0.0224022377,0.0323880303
0.4867967642,0.552693102,-0.8104765314,-0.9219892643,0.2822445258,2.9121910009,-2.240469389,0.0224022377,0.0323880303
0.4870804166,0.5524784451,-0.8106276705,-0.9223814904,0.2821292051,2.9123380053,-2.240456419,0.0224022377,0.0323880303
0.4873711438,0.5522584546,-0.8107825998,-0.9227834555,0.2820109966,2.9124886548,-2.2404431014,0.0224022377,0.0323880303
0.4876689494,0.552033129,-0.8109413227,-0.9231951619,0.281889898,2.9126429499,-2.2404294343,0.0224022377,0.0323880303
0.4879738382,0.5518024662,-0.8111038431,-0.9236166129,0.2817659066,2.9128008915,-2.240415416,0.0224022377,0.0323880303
0.4882858156,0.5515664635,-0.8112701652,-0.9240478131,0.2816390194,2.912962481,-2.2404010445,0.0224022377,0.0323880303
0.4886048871,0.5513251183,-0.8114402936,-0.9244887669,0.2815092334,2.9131277196,-2.2403863178,0.0224022377,0.0323880303
0.4889310576,0.551078428,-0.8116142323,-0.9249394782,0.2813765456,2.9132966084,-2.240371234,0.0224022377,0.0323880303
0.4892643321,0.5508263908,-0.8117919855,-0.9253999502,0.2812409533,2.9134691482,-2.2403557909,0.0224022377,0.0323880303
0.4896047149,0.5505690048,-0.8119735571,-0.9258701856,0.2811024538,2.9136453398,-2.2403399867,0.0224022377,0.0323880303
0.4899522105,0.5503062682,-0.8121589511,-0.9263501872,0.2809610444,2.9138251837,-2.2403238191,0.0224022377,0.0323880303
0.4903068231,0.5500381794,-0.8123481715,-0.9268399575,0.2808167224,2.9140086804,-2.240307286,0.0224022377,0.0323880303
0.4906685574,0.5497647367,-0.8125412222,-0.927339499,0.2806694851,2.9141958305,-2.2402903853,0.0224022377,0.0323880303
0.4910374174,0.5494859387,-0.8127381074,-0.9278488139,0.2805193297,2.9143866344,-2.2402731148,0.0224022377,0.0323880303
0.4914134074,0.5492017838,-0.8129388311,-0.9283679041,0.2803662536,2.9145810924,-2.2402554721,0.0224022377,0.0323880303
0.4917965316,0.5489122708,-0.8131433972,-0.9288967717,0.2802102542,2.9147792047,-2.240237455,0.0224022377,0.0323880303
0.4921867941,0.5486173985,-0.8133518098,-0.9294354182,0.2800513286,2.9149809716,-2.2402190611,0.0224022377,0.0323880303
0.4925841988,0.5483171656,-0.813564073,-0.9299838451,0.2798894743,2.915186393,-2.240200288,0.0224022377,0.0323880303
0.4929887497,0.5480115712,-0.8137801908,-0.9305420537,0.2797246885,2.9153954691,-2.2401811332,0.0224022377,0.0323880303
0.4934004508,0.5477006143,-0.8140001674,-0.9311100451,0.2795569685,2.9156081997,-2.2401615943,0.0224022377,0.0323880303
0.493819306,0.5473842939,-0.8142240069,-0.9316878204,0.2793863116,2.9158245847,-2.2401416685,0.0224022377,0.0323880303
0.4942453191,0.5470626093,-0.8144517135,-0.9322753805,0.2792127151,2.9160446239,-2.2401213533,0.0224022377,0.0323880303
0.494678494,0.5467355597,-0.8146832914,-0.9328727259,0.2790361762,2.9162683171,-2.240100646,0.0224022377,0.0323880303
0.4951188346,0.5464031444,-0.8149187448,-0.9334798574,0.2788566921,2.9164956639,-2.2400795438,0.0224022377,0.0323880303
0.4955663446,0.5460653627,-0.8151580782,-0.9340967752,0.27867426,2.9167266639,-2.2400580438,0.0224022377,0.0323880303
0.4960210279,0.5457222142,-0.8154012958,-0.9347234797,0.278488877,2.9169613166,-2.2400361433,0.0224022377,0.0323880303
0.4964828883,0.5453736983,-0.8156484022,-0.935359971,0.2783005404,2.9171996216,-2.2400138391,0.0224022377,0.0323880303
0.4969519297,0.5450198147,-0.8158994018,-0.9360062491,0.2781092472,2.9174415781,-2.2399911283,0.0224022377,0.0323880303
0.4974281558,0.5446605629,-0.8161542992,-0.9366623138,0.2779149945,2.9176871855,-2.2399680077,0.0224022377,0.0323880303
0.4979115704,0.5442959427,-0.8164130991,-0.9373281649,0.2777177792,2.9179364431,-2.2399444741,0.0224022377,0.0323880303
0.4984021775,0.5439259539,-0.8166758062,-0.9380038021,0.2775175984,2.9181893501,-2.2399205242,0.0224022377,0.0323880303
0.498899981,0.5435505961,-0.8169424253,-0.9386892248,0.2773144489,2.9184459056,-2.2398961548,0.0224022377,0.0323880303
0.4994049847,0.5431698694,-0.8172129614,-0.9393844323,0.2771083277,2.9187061087,-2.2398713622,0.0224022377,0.0323880303
0.4999171925,0.5427837736,-0.8174874194,-0.9400894239,0.2768992316,2.9189699584,-2.2398461429,0.0224022377,0.0323880303
0.5004366086,0.5423923088,-0.8177658046,-0.9408041989,0.2766871572,2.9192374537,-2.2398204934,0.0224022377,0.0323880303
0.5009632368,0.5419954748,-0.818048122,-0.941528756,0.2764721014,2.9195085933,-2.2397944098,0.0224022377,0.0323880303
0.5014970814,0.5415932719,-0.818334377,-0.9422630944,0.2762540607,2.9197833763,-2.2397678883,0.0224022377,0.0323880303
0.5020381464,0.5411857,-0.8186245752,-0.9430072128,0.2760330317,2.9200618012,-2.239740925,0.0224022377,0.0323880303
0.5025864361,0.5407727594,-0.818918722,-0.9437611098,0.2758090108,2.9203438668,-2.2397135158,0.0224022377,0.0323880303
0.5031419547,0.5403544503,-0.8192168233,-0.944524784,0.2755819946,2.9206295717,-2.2396856565,0.0224022377,0.0323880303
0.5037047067,0.539930773,-0.8195188849,-0.945298234,0.2753519792,2.9209189145,-2.2396573428,0.0224022377,0.0323880303
0.5042746964,0.5395017276,-0.8198249127,-0.946081458,0.2751189609,2.9212118937,-2.2396285704,0.0224022377,0.0323880303
0.5048519284,0.5390673145,-0.820134913,-0.9468744545,0.2748829358,2.9215085077,-2.2395993347,0.0224022377,0.0323880303
0.5054364074,0.5386275342,-0.8204488921,-0.9476772214,0.2746439001,2.9218087549,-2.239569631,0.0224022377,0.0323880303
0.5060281381,0.5381823869,-0.8207668565,-0.948489757,0.2744018496,2.9221126337,-2.2395394546,0.0224022377,0.0323880303
0.5066271254,0.5377318731,-0.8210888129,-0.9493120592,0.2741567801,2.9224201422,-2.2395088004,0.0224022377,0.0323880303
0.5072333742,0.5372759933,-0.8214147681,-0.9501441259,0.2739086874,2.9227312787,-2.2394776635,0.0224022377,0.0323880303
0.5078468897,0.5368147479,-0.8217447292,-0.950985955,0.2736575671,2.9230460413,-2.2394460386,0.0224022377,0.0323880303
0.5084676771,0.5363481376,-0.8220787035,-0.951837544,0.2734034147,2.923364428,-2.2394139203,0.0224022377,0.0323880303
0.5090957419,0.5358761627,-0.8224166984,-0.9526988908,0.2731462255,2.9236864368,-2.239381303,0.0224022377,0.0323880303
0.5097310896,0.5353988239,-0.8227587217,-0.9535699927,0.2728859946,2.9240120657,-2.2393481812,0.0224022377,0.0323880303
0.5103737258,0.5349161218,-0.8231047812,-0.9544508474,0.2726227173,2.9243413125,-2.2393145488,0.0224022377,0.0323880303
0.5110236566,0.534428057,-0.8234548852,-0.9553414521,0.2723563884,2.9246741751,-2.2392803999,0.0224022377,0.0323880303
0.511680888,0.5339346301,-0.8238090421,-0.9562418042,0.2720870027,2.9250106511,-2.2392457282,0.0224022377,0.0323880303
0.5123454262,0.5334358417,-0.8241672606,-0.9571519009,0.2718145549,2.9253507383,-2.2392105273,0.0224022377,0.0323880303
0.5130172778,0.5329316926,-0.8245295496,-0.9580717395,0.2715390393,2.9256944342,-2.2391747905,0.0224022377,0.0323880303
0.5136964494,0.5324221834,-0.8248959184,-0.9590013169,0.2712604502,2.9260417363,-2.2391385111,0.0224022377,0.0323880303
0.514382948,0.5319073148,-0.8252663765,-0.9599406302,0.2709787818,2.9263926422,-2.2391016821,0.0224022377,0.0323880303
0.5150767807,0.5313870874,-0.8256409338,-0.9608896763,0.2706940279,2.9267471492,-2.2390642961,0.0224022377,0.0323880303
0.5157779548,0.5308615021,-0.8260196004,-0.9618484522,0.2704061823,2.9271052546,-2.2390263458,0.0224022377,0.0323880303
0.5164864781,0.5303305596,-0.8264023869,-0.9628169545,0.2701152385,2.9274669557,-2.2389878233,0.0224022377,0.0323880303
0.5172023583,0.5297942606,-0.826789304,-0.96379518,0.2698211898,2.9278322496,-2.2389487209,0.0224022377,0.0323880303
0.5179256038,0.5292526058,-0.8271803631,-0.9647831254,0.2695240294,2.9282011334,-2.2389090302,0.0224022377,0.0323880303
0.5186562229,0.528705596,-0.8275755756,-0.9657807872,0.2692237499,2.9285736042,-2.2388687428,0.0224022377,0.0323880303
0.5193942244,0.5281532321,-0.8279749535,-0.9667881618,0.2689203442,2.9289496587,-2.2388278501,0.0224022377,0.0323880303
0.5201396173,0.5275955148,-0.8283785091,-0.9678052457,0.2686138046,2.9293292939,-2.238786343,0.0224022377,0.0323880303
0.520892411,0.5270324449,-0.8287862553,-0.9688320351,0.2683041233,2.9297125065,-2.2387442123,0.0224022377,0.0323880303
0.5216526152,0.5264640233,-0.8291982051,-0.9698685262,0.2679912922,2.9300992931,-2.2387014483,0.0224022377,0.0323880303
0.5224202398,0.5258902508,-0.8296143722,-0.970914715,0.2676753029,2.9304896503,-2.2386580413,0.0224022377,0.0323880303
0.5231952952,0.5253111284,-0.8300347707,-0.9719705975,0.2673561468,2.9308835743,-2.2386139809,0.0224022377,0.0323880303
0.523977792,0.524726657,-0.830459415,-0.9730361694,0.267033815,2.9312810616,-2.2385692567,0.0224022377,0.0323880303
0.5247677413,0.5241368376,-0.8308883202,-0.9741114262,0.2667082983,2.9316821082,-2.2385238578,0.0224022377,0.0323880303
0.5255651543,0.5235416713,-0.8313215018,-0.9751963635,0.2663795873,2.9320867101,-2.238477773,0.0224022377,0.0323880303
0.5263700427,0.5229411593,-0.8317589757,-0.9762909764,0.2660476722,2.9324948633,-2.2384309907,0.0224022377,0.0323880303
0.5271824186,0.5223353027,-0.8322007585,-0.9773952597,0.265712543,2.9329065633,-2.2383834988,0.0224022377,0.0323880303
0.5280022944,0.5217241029,-0.8326468672,-0.9785092082,0.2653741892,2.9333218057,-2.238335285,0.0224022377,0.0323880303
0.5288296826,0.5211075614,-0.8330973195,-0.9796328162,0.2650326002,2.9337405856,-2.2382863364,0.0224022377,0.0323880303
0.5296645964,0.5204856799,-0.8335521334,-0.9807660774,0.2646877651,2.9341628982,-2.2382366399,0.0224022377,0.0323880303
0.530507049,0.5198584601,-0.8340113276,-0.9819089854,0.2643396725,2.9345887381,-2.2381861817,0.0224022377,0.0323880303
0.5313570541,0.5192259042,-0.8344749216,-0.9830615331,0.2639883108,2.9350180998,-2.2381349475,0.0224022377,0.0323880303
0.5322146257,0.5185880145,-0.8349429352,-0.984223713,0.2636336679,2.9354509776,-2.2380829227,0.0224022377,0.0323880303
0.533079778,0.5179447933,-0.835415389,-0.985395517,0.2632757315,2.9358873652,-2.238030092,0.0224022377,0.0323880303
0.5339525253,0.517296244,-0.8358923041,-0.9865769356,0.2629144892,2.9363272558,-2.2379764397,0.0224022377,0.0323880303
0.5348328817,0.5166423701,-0.8363737022,-0.9877679583,0.262549928,2.9367706423,-2.2379219492,0.0224022377,0.0323880303
0.5357208617,0.5159831758,-0.8368596054,-0.9889685737,0.2621820348,2.9372175168,-2.2378666036,0.0224022377,0.0323880303
0.5366164808,0.5153186653,-0.8373500374,-0.9901787702,0.2618107957,2.9376678713,-2.237810385,0.0224022377,0.0323880303
0.5375197553,0.5146488425,-0.8378450227,-0.9913985361,0.2614361961,2.9381216976,-2.2377532748,0.0224022377,0.0323880303
0.5384307005,0.5139737132,-0.8383445863,-0.9926278567,0.2610582214,2.9385789863,-2.2376952536,0.0224022377,0.0323880303
0.5393493282,0.5132932864,-0.8388487518,-0.9938667109,0.2606768584,2.9390397252,-2.2376363015,0.0224022377,0.0323880303
0.5402756472,0.5126075741,-0.839357542,-0.9951150718,0.2602920944,2.9395038999,-2.2375763978,0.0224022377,0.0323880303
0.5412096752,0.5119165831,-0.8398709856,-0.9963729222,0.2599039129,2.9399714995,-2.2375155202,0.0224022377,0.0323880303
0.5421514469,0.5112203087,-0.840389122,-0.9976402652,0.2595122893,2.9404425201,-2.2374536438,0.0224022377,0.0323880303
0.543101002,0.5105187436,-0.8409119943,-0.9989171084,0.2591171967,2.9409169593,-2.2373907424,0.0224022377,0.0323880303
0.5440583331,0.5098119158,-0.8414396201,-1.000203395,0.2587186277,2.9413947907,-2.2373267923,0.0224022377,0.0323880303
0.5450233713,0.5090998991,-0.8419719835,-1.0014989851,0.2583166002,2.9418759569,-2.2372617737,0.0224022377,0.0323880303
0.545995981,0.5083828163,-0.8425090316,-1.0028036494,0.2579111601,2.9423603675,-2.2371956714,0.0224022377,0.0323880303
0.5469759538,0.5076608436,-0.8430506707,-1.0041170619,0.257502384,2.9428478961,-2.237128476,0.0224022377,0.0323880303
0.5479630178,0.5069342034,-0.8435967717,-1.0054388125,0.2570903752,2.9433383854,-2.2370601827,0.0224022377,0.0323880303
0.5489568938,0.5062031239,-0.8441472019,-1.0067684806,0.2566752399,2.9438316739,-2.236990787,0.0224022377,0.0323880303
0.549957313,0.5054678264,-0.8447018347,-1.0081056581,0.2562570798,2.9443276048,-2.236920283,0.0224022377,0.0323880303
0.5509640117,0.5047285288,-0.8452605468,-1.009449943,0.2558359942,2.9448260234,-2.2368486641,0.0224022377,0.0323880303
0.5519767246,0.5039854506,-0.8458232147,-1.0108009303,0.2554120829,2.9453267738,-2.2367759233,0.0224022377,0.0323880303
0.5529951857,0.5032388127,-0.8463897146,-1.0121582124,0.2549854461,2.9458296989,-2.2367020532,0.0224022377,0.0323880303
0.5540191296,0.5024888356,-0.846959924,-1.013521382,0.2545561832,2.9463346418,-2.2366270459,0.0224022377,0.0323880303
0.5550482929,0.5017357394,-0.8475337217,-1.0148900329,0.2541243928,2.9468414458,-2.2365508926,0.0224022377,0.0323880303
0.5560824134,0.5009797438,-0.8481109877,-1.0162637594,0.2536901726,2.9473499541,-2.2364735842,0.0224022377,0.0323880303
0.5571212294,0.5002210688,-0.8486916033,-1.0176421555,0.2532536201,2.9478600098,-2.2363951107,0.0224022377,0.0323880303
0.5581644807,0.499459934,-0.8492754507,-1.0190248152,0.2528148318,2.9483714559,-2.2363154614,0.0224022377,0.0323880303
0.5592119078,0.4986965591,-0.8498624134,-1.0204113323,0.2523739036,2.9488841352,-2.236234625,0.0224022377,0.0323880303
0.5602632526,0.4979311638,-0.8504523765,-1.0218013012,0.2519309309,2.9493978903,-2.2361525893,0.0224022377,0.0323880303
0.5613182582,0.4971639676,-0.8510452263,-1.0231943158,0.251486008,2.9499125638,-2.2360693415,0.0224022377,0.0323880303
0.5623766688,0.49639519,-0.8516408505,-1.0245899703,0.2510392286,2.9504279979,-2.2359848676,0.0224022377,0.0323880303
0.5634382302,0.4956250503,-0.8522391384,-1.0259878589,0.2505906855,2.9509440349,-2.2358991531,0.0224022377,0.0323880303
0.5645026893,0.494853768,-0.852839981,-1.0273875756,0.2501404705,2.9514605166,-2.2358121823,0.0224022377,0.0323880303
0.5655697948,0.4940815623,-0.8534432711,-1.0287887145,0.2496886747,2.9519772849,-2.2357239385,0.0224022377,0.0323880303
0.5666392966,0.4933086525,-0.854048903,-1.0301908697,0.249235388,2.9524941811,-2.2356344042,0.0224022377,0.0323880303
0.5677109465,0.4925352577,-0.8546567732,-1.0315936351,0.2487806995,2.9530110466,-2.2355435603,0.0224022377,0.0323880303
0.568784498,0.4917615971,-0.8552667802,-1.032996605,0.2483246969,2.9535277224,-2.235451387,0.0224022377,0.0323880303
0.5698597065,0.4909878897,-0.8558788246,-1.0343993731,0.2478674669,2.9540440491,-2.235357863,0.0224022377,0.0323880303
0.5709363294,0.4902143545,-0.8564928094,-1.0358015335,0.2474090949,2.9545598674,-2.2352629657,0.0224022377,0.0323880303
0.572014126,0.4894412102,-0.8571086399,-1.0372026803,0.246949665,2.9550750172,-2.2351666712,0.0224022377,0.0323880303
0.5730928582,0.4886686756,-0.8577262241,-1.0386024075,0.2464892599,2.9555893387,-2.2350689538,0.0224022377,0.0323880303
0.5741722902,0.4878969694,-0.858345473,-1.0400003091,0.2460279608,2.9561026712,-2.2349697866,0.0224022377,0.0323880303
0.5752521887,0.4871263099,-0.8589663003,-1.0413959794,0.2455658471,2.956614854,-2.2348691407,0.0224022377,0.0323880303
0.5763323234,0.4863569154,-0.8595886229,-1.0427890127,0.2451029967,2.9571257261,-2.2347669855,0.0224022377,0.0323880303
0.5774124668,0.485589004,-0.8602123613,-1.0441790034,0.2446394857,2.9576351261,-2.2346632886,0.0224022377,0.0323880303
0.578492395,0.4848227935,-0.8608374395,-1.0455655464,0.2441753879,2.9581428922,-2.2345580154,0.0224022377,0.0323880303
0.5795718871,0.4840585012,-0.8614637855,-1.0469482368,0.2437107753,2.9586488624,-2.2344511292,0.0224022377,0.0323880303
0.5806507265,0.4832963444,-0.8620913312,-1.04832667,0.2432457176,2.9591528744,-2.2343425912,0.0224022377,0.0323880303
0.5817287001,0.4825365397,-0.8627200133,-1.0497004421,0.2427802821,2.9596547655,-2.2342323598,0.0224022377,0.0323880303
0.5828055996,0.4817793034,-0.8633497729,-1.0510691496,0.2423145334,2.9601543727,-2.2341203913,0.0224022377,0.0323880303
0.5838812208,0.4810248512,-0.8639805564,-1.0524323899,0.2418485336,2.9606515327,-2.2340066389,0.0224022377,0.0323880303
0.5849553654,0.4802733979,-0.8646123155,-1.0537897614,0.2413823416,2.9611460821,-2.2338910531,0.0224022377,0.0323880303
0.5860278404,0.4795251575,-0.8652450079,-1.0551408645,0.2409160132,2.9616378576,-2.2337735816,0.0224022377,0.0323880303
0.5870984586,0.4787803431,-0.8658785974,-1.0564853002,0.2404496009,2.9621266955,-2.2336541686,0.0224022377,0.0323880303
0.5881670382,0.4780391672,-0.8665130535,-1.0578226707,0.2399831541,2.9626124318,-2.2335327554,0.0224022377,0.0323880303
0.5892334031,0.477301842,-0.8671483523,-1.0591525786,0.2395167191,2.963094902,-2.2334092799,0.0224022377,0.0323880303
0.5902973854,0.4765685774,-0.8677844772,-1.0604746303,0.2390503376,2.9635739425,-2.2332836766,0.0224022377,0.0323880303
0.591358828,0.4758395791,-0.8684214211,-1.0617884397,0.2385840461,2.9640493915,-2.2331558762,0.0224022377,0.0323880303
0.5924175847,0.4751150492,-0.8690591863,-1.0630936273,0.2381178759,2.9645210891,-2.2330258057,0.0224022377,0.0323880303
0.5934735082,0.474395194,-0.8696977773,-1.0643898056,0.2376518578,2.9649888718,-2.2328933895,0.0224022377,0.0323880303
0.5945264426,0.4736802304,-0.8703371968,-1.0656765684,0.2371860259,2.9654525685,-2.23275855,0.0224022377,0.0323880303
0.5955762346,0.4729703765,-0.8709774521,-1.066953507,0.2367204126,2.9659120064,-2.232621207,0.0224022377,0.0323880303
0.5966227866,0.472265814,-0.8716185843,-1.0682202793,0.2362550264,2.9663670372,-2.2324812741,0.0224022377,0.0323880303
0.5976660698,0.4715666774,-0.8722606754,-1.0694766292,0.235789847,2.9668175436,-2.2323386574,0.0224022377,0.0323880303
0.5987061291,0.4708730506,-0.8729038511,-1.0707223927,0.2353248226,2.9672634421,-2.2321932559,0.0224022377,0.0323880303
0.5997430889,0.4701849625,-0.8735482831,-1.0719575065,0.2348598685,2.9677046859,-2.2320449614,0.0224022377,0.0323880303
0.6007771405,0.4695023943,-0.8741941817,-1.0731819944,0.234394872,2.9681412605,-2.2318936605,0.0224022377,0.0323880303
0.6018084869,0.4688253192,-0.8748417629,-1.074395896,0.2339297172,2.9685731578,-2.2317392405,0.0224022377,0.0323880303
0.6028373246,0.4681537137,-0.8754912372,-1.0755992465,0.2334642924,2.9690003683,-2.231581592,0.0224022377,0.0323880303
0.603863851,0.4674875514,-0.876142813,-1.0767920872,0.2329984878,2.9694228856,-2.2314206092,0.0224022377,0.0323880303
0.6048882722,0.4668267966,-0.8767966997,-1.077974479,0.2325321923,2.9698407117,-2.2312561905,0.0224022377,0.0323880303
0.6059108046,0.4661714012,-0.8774531076,-1.0791465063,0.2320652935,2.9702538586,-2.2310882392,0.0224022377,0.0323880303
0.606931674,0.465521305,-0.8781122466,-1.0803082781,0.2315976785,2.9706623488,-2.230916665,0.0224022377,0.0323880303
0.6079511162,0.4648764334,-0.8787743254,-1.0814599313,0.2311292334,2.9710662169,-2.2307413844,0.0224022377,0.0323880303
0.6089693789,0.4642366958,-0.8794395516,-1.0826016347,0.2306598436,2.9714655114,-2.2305623217,0.0224022377,0.0323880303
0.6099867224,0.4636019834,-0.8801081316,-1.0837335919,0.2301893928,2.9718602957,-2.2303794096,0.0224022377,0.0323880303
0.6110034204,0.4629721684,-0.8807802703,-1.0848560435,0.2297177637,2.9722506489,-2.2301925896,0.0224022377,0.0323880303
0.6120197598,0.4623471037,-0.8814561704,-1.0859692678,0.2292448374,2.9726366667,-2.2300018121,0.0224022377,0.0323880303
0.6130360402,0.4617266223,-0.8821360325,-1.0870735806,0.2287704938,2.9730184609,-2.2298070369,0.0224022377,0.0323880303
0.6140525734,0.4611105383,-0.8828200541,-1.0881693346,0.2282946118,2.9733961591,-2.229608233,0.0224022377,0.0323880303
0.6150696829,0.4604986471,-0.8835084304,-1.0892569182,0.2278170688,2.9737699047,-2.2294053778,0.0224022377,0.0323880303
0.616087701,0.459890728,-0.8842013522,-1.0903367511,0.2273377424,2.9741398545,-2.2291984577,0.0224022377,0.0323880303
0.6171069533,0.4592865518,-0.8848989952,-1.0914092693,0.2268565172,2.9745061742,-2.2289874709,0.0224022377,0.0323880303
0.6181277434,0.4586858909,-0.8856015094,-1.092474909,0.2263732916,2.9748690327,-2.2287724309,0.0224022377,0.0323880303
0.6191503497,0.4580885211,-0.886309018,-1.0935341014,0.225887979,2.9752286,-2.2285533653,0.0224022377,0.0323880303
0.6201750304,0.4574942212,-0.8870216224,-1.0945872735,0.2254005048,2.9755850469,-2.2283303136,0.0224022377,0.0323880303
0.6212020261,0.4569027723,-0.8877394056,-1.095634849,0.2249108043,2.9759385452,-2.228103325,0.0224022377,0.0323880303
0.622231563,0.4563139571,-0.8884624346,-1.0966772492,0.224418821,2.976289267,-2.2278724567,0.0224022377,0.0323880303
0.6232638547,0.4557275602,-0.8891907635,-1.0977148923,0.2239245052,2.9766373853,-2.2276377725,0.0224022377,0.0323880303
0.6242991041,0.4551433674,-0.8899244351,-1.0987481947,0.223427813,2.976983073,-2.2273993418,0.0224022377,0.0323880303
0.6253375059,0.4545611657,-0.8906634834,-1.0997775706,0.2229287047,2.9773265034,-2.227157238,0.0224022377,0.0323880303
0.6263792472,0.4539807428,-0.8914079347,-1.1008034324,0.2224271443,2.9776678499,-2.226911538,0.0224022377,0.0323880303
0.6274245096,0.4534018871,-0.8921578094,-1.1018261915,0.2219230985,2.9780072859,-2.2266623215,0.0224022377,0.0323880303
0.6284734695,0.4528243876,-0.8929131231,-1.1028462577,0.2214165362,2.9783449847,-2.22640967,0.0224022377,0.0323880303
0.6295262998,0.4522480336,-0.893673887,-1.10386404,0.2209074281,2.97868112,-2.2261536667,0.0224022377,0.0323880303
0.6305831698,0.4516726146,-0.8944401092,-1.1048799469,0.220395746,2.979015865,-2.2258943962,0.0224022377,0.0323880303
0.631644246,0.4510979203,-0.8952117946,-1.1058943858,0.2198814631,2.9793493934,-2.225631944,0.0224022377,0.0323880303
0.6327096922,0.4505237407,-0.8959889456,-1.1069077641,0.2193645532,2.9796818787,-2.2253663968,0.0224022377,0.0323880303
0.6337796701,0.4499498654,-0.896771562,-1.1079204885,0.2188449914,2.9800134946,-2.2250978419,0.0224022377,0.0323880303
0.634854339,0.4493760845,-0.8975596412,-1.1089329655,0.2183227534,2.9803444148,-2.2248263676,0.0224022377,0.0323880303
0.6359338559,0.4488021877,-0.8983531782,-1.1099456013,0.2177978158,2.9806748131,-2.2245520634,0.0224022377,0.0323880303
0.6370183753,0.4482279651,-0.8991521653,-1.1109588017,0.2172701563,2.9810048637,-2.2242750196,0.0224022377,0.0323880303
0.6381080492,0.4476532067,-0.8999565919,-1.1119729725,0.2167397537,2.9813347406,-2.2239953277,0.0224022377,0.0323880303
0.6392030268,0.4470777024,-0.9007664444,-1.1129885188,0.2162065881,2.9816646183,-2.2237130804,0.0224022377,0.0323880303
0.6403034541,0.4465012427,-0.901581706,-1.1140058457,0.2156706409,2.9819946714,-2.2234283722,0.0224022377,0.0323880303
0.6414094738,0.4459236177,-0.9024023562,-1.1150253573,0.2151318952,2.9823250745,-2.223141299,0.0224022377,0.0323880303
0.6425212248,0.4453446184,-0.9032283703,-1.1160474574,0.2145903358,2.9826560026,-2.2228519583,0.0224022377,0.0323880303
0.6436388423,0.4447640357,-0.9040597198,-1.117072549,0.2140459494,2.9829876306,-2.2225604496,0.0224022377,0.0323880303
0.6447624569,0.4441816613,-0.9048963715,-1.1181010338,0.2134987247,2.9833201336,-2.2222668745,0.0224022377,0.0323880303
0.6458921947,0.4435972871,-0.9057382876,-1.1191333125,0.2129486524,2.9836536867,-2.2219713363,0.0224022377,0.0323880303
0.6470281774,0.4430107063,-0.9065854259,-1.1201697842,0.2123957256,2.9839884647,-2.2216739403,0.0224022377,0.0323880303
0.6481705218,0.4424217123,-0.9074377394,-1.1212108463,0.211839939,2.9843246422,-2.2213747934,0.0224022377,0.0323880303
0.6493193402,0.4418300999,-0.9082951771,-1.1222568938,0.2112812893,2.9846623933,-2.221074004,0.0224022377,0.0323880303
0.6504747407,0.4412356648,-0.9091576843,-1.1233083193,0.2107197747,2.9850018914,-2.2207716813,0.0224022377,0.0323880303
0.6516368281,0.440638204,-0.9100252038,-1.1243655126,0.2101553941,2.9853433089,-2.2204679348,0.0224022377,0.0323880303
0.6528057044,0.4400375159,-0.9108976769,-1.12542886,0.2095881465,2.9856868167,-2.2201628732,0.0224022377,0.0323880303
0.6539814707,0.4394334,-0.9117750458,-1.1264987445,0.2090180298,2.9860325843,-2.2198566031,0.0224022377,0.0323880303
0.6551642284,0.438825658,-0.9126572551,-1.1275755441,0.20844504,2.9863807784,-2.2195492279,0.0224022377,0.0323880303
0.6563540779,0.4382140947,-0.9135442522,-1.1286596289,0.2078691708,2.9867315621,-2.2192408466,0.0224022377,0.0323880303
0.6575511175,0.4375985211,-0.9144359879,-1.1297513568,0.2072904144,2.9870850927,-2.2189315528,0.0224022377,0.0323880303
0.6587554419,0.4369787557,-0.9153324162,-1.1308510693,0.2067087608,2.98744152,-2.218621434,0.0224022377,0.0323880303
0.6599671404,0.4363546278,-0.9162334946,-1.131959087,0.2061241992,2.9878009846,-2.2183105707,0.0224022377,0.0323880303
0.6611862957,0.4357259788,-0.9171391844,-1.1330757055,0.2055367174,2.9881636157,-2.217999035,0.0224022377,0.0323880303
0.6624129823,0.4350926648,-0.918049451,-1.1342011916,0.2049463024,2.98852953,-2.2176868904,0.0224022377,0.0323880303
0.6636472658,0.4344545585,-0.918964264,-1.1353357799,0.2043529404,2.9888988297,-2.2173741907,0.0224022377,0.0323880303
0.6648892031,0.4338115498,-0.9198835983,-1.1364796707,0.2037566168,2.9892716022,-2.2170609791,0.0224022377,0.0323880303
0.6661388395,0.4331635481,-0.9208074331,-1.1376330267,0.2031573168,2.989647918,-2.2167472884,0.0224022377,0.0323880303
0.6673962073,0.4325104843,-0.9217357508,-1.1387959694,0.2025550268,2.99002783,-2.216433141,0.0224022377,0.0323880303
0.6686613213,0.4318523125,-0.9226685344,-1.1399685753,0.2019497358,2.990411372,-2.2161185498,0.0224022377,0.0323880303
0.6699341804,0.4311890103,-0.9236057681,-1.1411508771,0.2013414355,2.9907985592,-2.2158035183,0.0224022377,0.0323880303
0.6712147674,0.4305205775,-0.9245474371,-1.1423428645,0.2007301203,2.9911893882,-2.2154880407,0.0224022377,0.0323880303
0.6725030491,0.4298470361,-0.9254935269,-1.1435444856,0.2001157879,2.9915838385,-2.2151721033,0.0224022377,0.0323880303
0.6737989975,0.4291684187,-0.9264440387,-1.1447556673,0.1994984292,2.9919818785,-2.2148556789,0.0224022377,0.0323880303
0.6751026074,0.4284847584,-0.9273990011,-1.1459763335,0.1988780202,2.992383472,-2.2145387243,0.0224022377,0.0323880303
0.6764138372,0.4277961191,-0.9283584268,-1.1472063514,0.1982545509,2.9927885611,-2.2142211945,0.0224022377,0.0323880303
0.677732584,0.4271026069,-0.9293222922,-1.1484455113,0.1976280375,2.9931970593,-2.213903051,0.0224022377,0.0323880303
0.6790586949,0.4264043629,-0.9302905448,-1.1496935397,0.1969985181,2.9936088569,-2.2135842603,0.0224022377,0.0323880303
0.6803920278,0.4257015296,-0.9312631459,-1.1509501603,0.1963660241,2.9940238414,-2.2132647812,0.0224022377,0.0323880303
0.6817324598,0.4249942457,-0.9322400756,-1.1522151036,0.1957305771,2.9944419008,-2.2129445636,0.0224022377,0.0323880303
0.6830798723,0.4242826529,-0.9332213217,-1.1534880945,0.1950921958,2.9948629204,-2.2126235529,0.0224022377,0.0323880303
0.6844341529,0.4235668944,-0.9342068794,-1.1547688555,0.1944508962,2.9952867833,-2.2123016907,0.0224022377,0.0323880303
0.6857951937,0.4228471147,-0.9351967506,-1.1560571072,0.1938066916,2.9957133714,-2.2119789152,0.0224022377,0.0323880303
0.6871628897,0.4221234605,-0.9361909413,-1.1573525668,0.1931595947,2.9961425647,-2.2116551628,0.0224022377,0.0323880303
0.6885371373,0.4213960804,-0.9371894606,-1.1586549483,0.1925096175,2.9965742417,-2.2113303684,0.0224022377,0.0323880303
0.6899178334,0.4206651255,-0.9381923196,-1.1599639626,0.1918567727,2.9970082794,-2.2110044663,0.0224022377,0.0323880303
0.6913048747,0.4199307489,-0.9391995303,-1.1612793167,0.1912010735,2.9974445533,-2.2106773905,0.0224022377,0.0323880303
0.6926981567,0.4191931068,-0.9402111051,-1.162600714,0.1905425345,2.9978829373,-2.2103490753,0.0224022377,0.0323880303
0.6940975734,0.4184523574,-0.941227056,-1.1639278541,0.189881172,2.9983233042,-2.2100194554,0.0224022377,0.0323880303
0.6955030166,0.4177086621,-0.9422473942,-1.1652604323,0.1892170042,2.9987655249,-2.2096884665,0.0224022377,0.0323880303
0.6969143757,0.4169621848,-0.9432721297,-1.1665981403,0.1885500514,2.9992094692,-2.2093560451,0.0224022377,0.0323880303
0.6983315373,0.4162130922,-0.944301271,-1.1679406653,0.1878803364,2.9996550053,-2.2090221292,0.0224022377,0.0323880303
0.699754385,0.4154615538,-0.9453348247,-1.1692876908,0.1872078843,3.0001020003,-2.2086866582,0.0224022377,0.0323880303
0.7011827994,0.4147077418,-0.9463727954,-1.1706388962,0.1865327232,3.0005503198,-2.2083495729,0.0224022377,0.0323880303
0.7026166577,0.4139518313,-0.9474151856,-1.171993957,0.1858548836,3.0009998282,-2.208010816,0.0224022377,0.0323880303
0.7040558338,0.413194,-0.9484619954,-1.1733525448,0.1851743993,3.0014503886,-2.2076703319,0.0224022377,0.0323880303
0.705500198,0.4124344282,-0.9495132224,-1.1747143272,0.1844913068,3.0019018631,-2.2073280672,0.0224022377,0.0323880303
0.7069496172,0.4116732992,-0.9505688616,-1.1760789685,0.1838056458,3.0023541125,-2.2069839701,0.0224022377,0.0323880303
0.7084039547,0.4109107985,-0.9516289056,-1.1774461291,0.1831174588,3.0028069966,-2.2066379914,0.0224022377,0.0323880303
0.7098630704,0.4101471144,-0.9526933438,-1.1788154659,0.182426792,3.0032603742,-2.2062900837,0.0224022377,0.0323880303
0.7113268204,0.4093824376,-0.9537621633,-1.1801866328,0.1817336943,3.003714103,-2.2059402021,0.0224022377,0.0323880303
0.7127950572,0.4086169613,-0.9548353478,-1.1815592802,0.1810382183,3.0041680402,-2.2055883043,0.0224022377,0.0323880303
0.7142676297,0.4078508809,-0.9559128783,-1.1829330557,0.1803404198,3.0046220417,-2.2052343501,0.0224022377,0.0323880303
0.7157443831,0.4070843941,-0.9569947326,-1.1843076039,0.1796403579,3.0050759632,-2.2048783023,0.0224022377,0.0323880303
0.7172251591,0.4063177007,-0.9580808852,-1.1856825669,0.1789380953,3.0055296594,-2.2045201263,0.0224022377,0.0323880303
0.7187097955,0.4055510025,-0.9591713074,-1.1870575844,0.1782336983,3.0059829847,-2.2041597902,0.0224022377,0.0323880303
0.7201981265,0.4047845032,-0.960265967,-1.1884322939,0.1775272365,3.0064357931,-2.2037972651,0.0224022377,0.0323880303
0.7216899825,0.4040184086,-0.9613648283,-1.1898063308,0.1768187834,3.0068879382,-2.2034325255,0.0224022377,0.0323880303
0.7231851903,0.4032529256,-0.9624678516,-1.191179329,0.1761084162,3.0073392734,-2.2030655486,0.0224022377,0.0323880303
0.7246835726,0.4024882631,-0.9635749936,-1.192550921,0.1753962156,3.0077896522,-2.2026963154,0.0224022377,0.0323880303
0.7261849485,0.401724631,-0.9646862069,-1.1939207378,0.1746822664,3.0082389281,-2.2023248101,0.0224022377,0.0323880303
0.727689133,0.4009622408,-0.9658014397,-1.1952884099,0.1739666571,3.0086869547,-2.2019510205,0.0224022377,0.0323880303
0.7291959372,0.4002013046,-0.9669206359,-1.1966535671,0.1732494804,3.0091335861,-2.2015749384,0.0224022377,0.0323880303
0.7307051682,0.3994420358,-0.9680437347,-1.1980158387,0.1725308327,3.0095786769,-2.2011965594,0.0224022377,0.0323880303
0.7322166287,0.3986846483,-0.9691706705,-1.1993748543,0.1718108148,3.0100220823,-2.2008158831,0.0224022377,0.0323880303
0.7337301176,0.3979293563,-0.9703013725,-1.2007302439,0.1710895312,3.0104636583,-2.2004329133,0.0224022377,0.0323880303
0.7352454288,0.397176375,-0.9714357643,-1.2020816374,0.1703670913,3.0109032617,-2.2000476584,0.0224022377,0.0323880303
0.7367623525,0.3964259191,-0.9725737644,-1.2034286667,0.169643608,3.0113407506,-2.1996601311,0.0224022377,0.0323880303
0.7382806781,0.3956782012,-0.9737152882,-1.2047709685,0.168919197,3.0117759858,-2.199270348,0.0224022377,0.0323880303
0.7398001975,0.39493343,-0.97486025,-1.2061081881,0.1681939749,3.0122088315,-2.1988783287,0.0224022377,0.0323880303
0.7413207055,0.3941918095,-0.976008563,-1.2074399799,0.1674680593,3.0126391563,-2.1984840963,0.0224022377,0.0323880303
0.742841999,0.3934535392,-0.9771601394,-1.2087660077,0.1667415684,3.0130668325,-2.1980876771,0.0224022377,0.0323880303
0.7443638813,0.3927188121,-0.978314892,-1.2100859483,0.1660146203,3.013491738,-2.1976891001,0.0224022377,0.0323880303
0.7458861544,0.3919878175,-0.9794727296,-1.2113994858,0.165287335,3.0139137542,-2.1972883989,0.0224022377,0.0323880303
0.7474086186,0.391260742,-0.980633556,-1.2127063104,0.1645598357,3.0143327655,-2.1968856116,0.0224022377,0.0323880303
0.7489311334,0.3905377363,-0.9817973137,-1.2140061773,0.1638322197,3.0147486794,-2.1964807668,0.0224022377,0.0323880303
0.7504536378,0.3898189044,-0.9829639995,-1.2152989267,0.1631045483,3.0151614327,-2.1960738787,0.0224022377,0.0323880303
0.7519761363,0.3891043116,-0.9841336533,-1.2165844687,0.162376854,3.0155709866,-2.1956649505,0.0224022377,0.0323880303
0.7534986349,0.3883940178,-0.9853063126,-1.2178627239,0.1616491697,3.0159773069,-2.1952539887,0.0224022377,0.0323880303
0.7550211304,0.3876880835,-0.9864820044,-1.2191336123,0.1609215344,3.0163803606,-2.1948410058,0.0224022377,0.0323880303
0.7565436232,0.3869865626,-0.9876607545,-1.2203970664,0.1601939866,3.0167801197,-2.1944260173,0.0224022377,0.0323880303
0.7580661138,0.3862895043,-0.9888425849,-1.2216530275,0.1594665659,3.0171765604,-2.1940090423,0.0224022377,0.0323880303
0.759588602,0.3855969532,-0.9900275132,-1.2229014453,0.1587393134,3.017569663,-2.1935901039,0.0224022377,0.0323880303
0.7611110881,0.3849089491,-0.9912155533,-1.2241422787,0.158012271,3.0179594118,-2.1931692283,0.0224022377,0.0323880303
0.762633572,0.3842255263,-0.9924067149,-1.2253754959,0.1572854816,3.0183457957,-2.1927464455,0.0224022377,0.0323880303
0.764156054,0.3835467146,-0.9936010041,-1.2266010743,0.1565589886,3.0187288073,-2.1923217886,0.0224022377,0.0323880303
0.7656785341,0.3828725381,-0.9947984225,-1.2278190004,0.155832836,3.0191084439,-2.1918952942,0.0224022377,0.0323880303
0.7672010124,0.3822030159,-0.9959989683,-1.2290292701,0.1551070683,3.0194847068,-2.1914670016,0.0224022377,0.0323880303
0.768723489,0.3815381619,-0.9972026355,-1.2302318885,0.1543817303,3.0198576015,-2.1910369534,0.0224022377,0.0323880303
0.7702459642,0.3808779845,-0.998409414,-1.2314268696,0.1536568669,3.0202271378,-2.1906051948,0.0224022377,0.0323880303
0.7717684379,0.3802224868,-0.9996192902,-1.2326142368,0.152932523,3.0205933294,-2.1901717738,0.0224022377,0.0323880303
0.7732909104,0.3795716667,-1.0008322466,-1.2337940224,0.1522087431,3.0209561943,-2.1897367406,0.0224022377,0.0323880303
0.7748133818,0.3789255169,-1.0020482618,-1.2349662673,0.1514855718,3.0213157541,-2.189300148,0.0224022377,0.0323880303
0.7763358523,0.3782840246,-1.0032673112,-1.2361310211,0.1507630528,3.0216720347,-2.1888620505,0.0224022377,0.0323880303
0.7778583219,0.3776471723,-1.0044893663,-1.2372883417,0.1500412295,3.0220250653,-2.1884225048,0.0224022377,0.0323880303
0.7793807908,0.3770149369,-1.0057143953,-1.2384382953,0.1493201442,3.0223748791,-2.1879815691,0.0224022377,0.0323880303
0.7809032592,0.3763872907,-1.0069423632,-1.2395809559,0.1485998386,3.0227215128,-2.1875393031,0.0224022377,0.0323880303
0.7824257273,0.375764201,-1.0081732317,-1.2407164053,0.147880353,3.0230650062,-2.1870957678,0.0224022377,0.0323880303
0.7839481951,0.3751456301,-1.0094069596,-1.2418447325,0.1471617267,3.0234054027,-2.1866510252,0.0224022377,0.0323880303
0.7854706627,0.3745315359,-1.0106435026,-1.2429660338,0.1464439976,3.0237427487,-2.1862051383,0.0224022377,0.0323880303
0.7869931304,0.3739218716,-1.0118828138,-1.2440804123,0.1457272021,3.0240770935,-2.1857581706,0.0224022377,0.0323880303
0.7885155983,0.3733165861,-1.0131248435,-1.2451879773,0.1450113749,3.0244084895,-2.1853101859,0.0224022377,0.0323880303
0.7900380665,0.3727156238,-1.0143695398,-1.2462888445,0.144296549,3.0247369914,-2.1848612486,0.0224022377,0.0323880303
0.7915605351,0.3721189252,-1.0156168481,-1.2473831353,0.1435827557,3.0250626566,-2.1844114227,0.0224022377,0.0323880303
0.7930830042,0.3715264269,-1.016866712,-1.2484709764,0.1428700239,3.0253855449,-2.1839607723,0.0224022377,0.0323880303
0.7946054741,0.3709380617,-1.0181190729,-1.2495524998,0.1421583809,3.0257057181,-2.1835093608,0.0224022377,0.0323880303
0.7961279447,0.3703537587,-1.0193738704,-1.2506278417,0.1414478515,3.0260232399,-2.1830572512,0.0224022377,0.0323880303
0.7976504162,0.3697734438,-1.0206310425,-1.2516971431,0.1407384583,3.026338176,-2.1826045057,0.0224022377,0.0323880303
0.7991728888,0.3691970396,-1.0218905257,-1.2527605485,0.1400302215,3.0266505937,-2.1821511854,0.0224022377,0.0323880303
0.8006953624,0.3686244658,-1.0231522552,-1.2538182063,0.1393231592,3.0269605616,-2.1816973505,0.0224022377,0.0323880303
0.8022178372,0.3680556392,-1.0244161649,-1.2548702675,0.1386172866,3.0272681496,-2.1812430596,0.0224022377,0.0323880303
0.8037403132,0.3674904743,-1.025682188,-1.2559168863,0.1379126165,3.0275734287,-2.18078837,0.0224022377,0.0323880303
0.8052627907,0.366928883,-1.0269502565,-1.2569582189,0.1372091594,3.0278764709,-2.1803333373,0.0224022377,0.0323880303
0.8067852695,0.3663707752,-1.0282203023,-1.2579944235,0.1365069227,3.0281773487,-2.1798780153,0.0224022377,0.0323880303
0.8083077498,0.3658160589,-1.0294922564,-1.2590256596,0.1358059117,3.0284761351,-2.1794224559,0.0224022377,0.0323880303
0.8098302317,0.3652646405,-1.0307660498,-1.260052088,0.1351061287,3.0287729036,-2.178966709,0.0224022377,0.0323880303
0.8113527151,0.3647164251,-1.0320416132,-1.2610738701,0.1344075735,3.0290677276,-2.1785108221,0.0224022377,0.0323880303
0.8128752003,0.3641713163,-1.0333188776,-1.2620911674,0.133710243,3.0293606808,-2.1780548407,0.0224022377,0.0323880303
0.8143976871,0.3636292172,-1.0345977741,-1.2631041414,0.1330141318,3.0296518363,-2.1775988076,0.0224022377,0.0323880303
0.8159201757,0.3630900299,-1.0358782342,-1.2641129529,0.1323192317,3.029941267,-2.1771427632,0.0224022377,0.0323880303
0.817442666,0.3625536561,-1.03716019,-1.2651177619,0.1316255318,3.0302290451,-2.1766867453,0.0224022377,0.0323880303
0.8189651581,0.3620199975,-1.0384435743,-1.266118727,0.1309330188,3.0305152423,-2.176230789,0.0224022377,0.0323880303
0.8204876521,0.3614889556,-1.0397283209,-1.2671160051,0.1302416768,3.030799929,-2.1757749267,0.0224022377,0.0323880303
0.8220101478,0.3609604322,-1.0410143646,-1.2681097511,0.1295514872,3.0310831748,-2.1753191879,0.0224022377,0.0323880303
0.8235326454,0.3604343297,-1.0423016412,-1.2691001173,0.1288624295,3.0313650481,-2.1748635992,0.0224022377,0.0323880303
0.8250551449,0.3599105509,-1.043590088,-1.2700872535,0.1281744803,3.0316456157,-2.1744081845,0.0224022377,0.0323880303
0.8265776461,0.3593889999,-1.0448796435,-1.2710713064,0.1274876142,3.0319249431,-2.1739529647,0.0224022377,0.0323880303
0.8281001492,0.3588695815,-1.0461702481,-1.2720524194,0.1268018036,3.0322030941,-2.1734979577,0.0224022377,0.0323880303
0.8296226541,0.3583522021,-1.0474618435,-1.2730307323,0.1261170187,3.0324801308,-2.1730431784,0.0224022377,0.0323880303
0.8311451608,0.3578367695,-1.0487543734,-1.2740063808,0.1254332277,3.0327561135,-2.172588639,0.0224022377,0.0323880303
0.8326676692,0.3573231929,-1.0500477832,-1.274979497,0.1247503969,3.0330311003,-2.1721343488,0.0224022377,0.0323880303
0.8341901793,0.3568113838,-1.0513420201,-1.2759502083,0.1240684907,3.0333051475,-2.171680314,0.0224022377,0.0323880303
0.8357126912,0.3563012552,-1.0526370336,-1.2769186378,0.1233874719,3.0335783093,-2.1712265381,0.0224022377,0.0323880303
0.8372352046,0.3557927225,-1.0539327751,-1.2778849039,0.1227073017,3.0338506376,-2.170773022,0.0224022377,0.0323880303
0.8387577197,0.3552857031,-1.0552291981,-1.2788491203,0.1220279396,3.0341221821,-2.1703197637,0.0224022377,0.0323880303
0.8402802363,0.3547801168,-1.0565262581,-1.2798113958,0.1213493439,3.0343929902,-2.1698667586,0.0224022377,0.0323880303
0.8418027544,0.354275886,-1.0578239131,-1.2807718341,0.1206714717,3.0346631071,-2.1694139995,0.0224022377,0.0323880303
0.843325274,0.3537729354,-1.059122123,-1.281730534,0.1199942789,3.0349325756,-2.168961477,0.0224022377,0.0323880303
0.8448477949,0.3532711925,-1.0604208499,-1.282687589,0.1193177203,3.035201436,-2.1685091791,0.0224022377,0.0323880303
0.8463703171,0.3527705874,-1.0617200585,-1.2836430876,0.11864175,3.0354697265,-2.1680570915,0.0224022377,0.0323880303
0.8478928406,0.3522710528,-1.0630197152,-1.2845971131,0.1179663212,3.0357374828,-2.1676051978,0.0224022377,0.0323880303
0.8494153652,0.3517725244,-1.064319789,-1.2855497435,0.1172913866,3.0360047382,-2.1671534798,0.0224022377,0.0323880303
0.8509378908,0.3512749405,-1.0656202509,-1.2865010518,0.1166168981,3.0362715236,-2.1667019169,0.0224022377,0.0323880303
0.8524604175,0.3507782425,-1.0669210741,-1.2874511059,0.1159428076,3.0365378679,-2.1662504871,0.0224022377,0.0323880303
0.8539829451,0.3502823744,-1.0682222339,-1.2883999686,0.1152690666,3.0368037974,-2.1657991666,0.0224022377,0.0323880303
0.8555054736,0.3497872832,-1.0695237078,-1.2893476977,0.1145956264,3.0370693363,-2.16534793,0.0224022377,0.0323880303
0.8570280028,0.3492929186,-1.0708254752,-1.290294346,0.1139224383,3.0373345065,-2.1648967506,0.0224022377,0.0323880303
0.8585505326,0.3487992336,-1.0721275176,-1.2912399616,0.1132494539,3.0375993279,-2.1644456003,0.0224022377,0.0323880303
0.8600730631,0.3483061835,-1.0734298185,-1.2921845879,0.1125766248,3.0378638181,-2.1639944499,0.0224022377,0.0323880303
0.861595594,0.3478137268,-1.0747323634,-1.2931282635,0.1119039031,3.0381279928,-2.1635432693,0.0224022377,0.0323880303
0.8631181253,0.3473218247,-1.0760351394,-1.2940710226,0.1112312415,3.0383918655,-2.1630920274,0.0224022377,0.0323880303
0.8646406568,0.3468304413,-1.0773381356,-1.295012895,0.1105585931,3.0386554481,-2.1626406925,0.0224022377,0.0323880303
0.8661631886,0.3463395433,-1.0786413428,-1.2959539062,0.1098859119,3.0389187502,-2.1621892324,0.0224022377,0.0323880303
0.8676857205,0.3458491004,-1.0799447535,-1.2968940775,0.1092131527,3.03918178,-2.1617376142,0.0224022377,0.0323880303
0.8692082524,0.3453590847,-1.0812483617,-1.2978334263,0.1085402714,3.0394445436,-2.1612858051,0.0224022377,0.0323880303
0.8707307842,0.3448694713,-1.0825521633,-1.298771966,0.1078672248,3.0397070456,-2.1608337719,0.0224022377,0.0323880303
0.8722533158,0.3443802377,-1.0838561555,-1.2997097063,0.1071939711,3.0399692889,-2.1603814814,0.0224022377,0.0323880303
0.8737758472,0.3438913644,-1.0851603368,-1.3006466529,0.1065204697,3.0402312748,-2.1599289005,0.0224022377,0.0323880303
0.8752983783,0.3434028342,-1.0864647077,-1.3015828083,0.1058466815,3.0404930031,-2.1594759965,0.0224022377,0.0323880303
0.876820909,0.3429146327,-1.0877692694,-1.3025181713,0.105172569,3.040754472,-2.1590227368,0.0224022377,0.0323880303
0.8783434391,0.3424267481,-1.089074025,-1.3034527372,0.1044980961,3.0410156783,-2.1585690895,0.0224022377,0.0323880303
0.8798659687,0.3419391711,-1.0903789787,-1.3043864983,0.1038232287,3.0412766175,-2.158115023,0.0224022377,0.0323880303
0.8813884977,0.3414518951,-1.0916841358,-1.3053194432,0.1031479345,3.0415372836,-2.1576605067,0.0224022377,0.0323880303
0.882911026,0.3409649159,-1.0929895032,-1.3062515578,0.1024721831,3.0417976692,-2.1572055106,0.0224022377,0.0323880303
0.8844335534,0.340478232,-1.0942950886,-1.3071828247,0.101795946,3.0420577659,-2.1567500056,0.0224022377,0.0323880303
0.88595608,0.3399918446,-1.0956009012,-1.3081132235,0.1011191973,3.0423175637,-2.1562939639,0.0224022377,0.0323880303
0.8874786056,0.3395057571,-1.0969069511,-1.3090427309,0.100441913,3.0425770516,-2.1558373585,0.0224022377,0.0323880303
0.8890011302,0.3390199758,-1.0982132495,-1.3099713209,0.0997640717,3.0428362175,-2.1553801638,0.0224022377,0.0323880303
0.8905236538,0.3385345094,-1.0995198089,-1.3108989645,0.0990856543,3.0430950478,-2.1549223558,0.0224022377,0.0323880303
0.8920461761,0.338049369,-1.1008266426,-1.3118256301,0.0984066445,3.0433535282,-2.1544639116,0.0224022377,0.0323880303
0.8935686972,0.3375645686,-1.1021337649,-1.3127512836,0.0977270286,3.0436116431,-2.15400481,0.0224022377,0.0323880303
0.895091217,0.3370801246,-1.1034411912,-1.313675888,0.0970467959,3.0438693759,-2.1535450319,0.0224022377,0.0323880303
0.8966137353,0.3365960558,-1.1047489377,-1.3145994042,0.0963659385,3.044126709,-2.1530845595,0.0224022377,0.0323880303
0.8981362522,0.3361123838,-1.1060570216,-1.3155217905,0.0956844516,3.0443836238,-2.1526233772,0.0224022377,0.0323880303
0.8996587676,0.3356291327,-1.107365461,-1.3164430029,0.0950023337,3.0446401008,-2.1521614717,0.0224022377,0.0323880303
0.9011812813,0.3351463291,-1.1086742748,-1.3173629951,0.0943195864,3.0448961196,-2.1516988314,0.0224022377,0.0323880303
0.9027037934,0.3346640022,-1.1099834825,-1.3182817187,0.093636215,3.0451516589,-2.1512354474,0.0224022377,0.0323880303
0.9042263037,0.3341821837,-1.1112931048,-1.3191991232,0.0929522279,3.0454066966,-2.150771313,0.0224022377,0.0323880303
0.9057488122,0.3337009077,-1.1126031628,-1.3201151561,0.0922676374,3.0456612099,-2.1503064241,0.0224022377,0.0323880303
0.9072713189,0.333220211,-1.1139136785,-1.3210297631,0.0915824593,3.0459151752,-2.1498407791,0.0224022377,0.0323880303
0.9087938237,0.3327401327,-1.1152246743,-1.3219428879,0.0908967132,3.0461685682,-2.1493743791,0.0224022377,0.0323880303
0.9103163267,0.3322607144,-1.1165361735,-1.3228544729,0.0902104224,3.046421364,-2.1489072279,0.0224022377,0.0323880303
0.9118388276,0.3317819998,-1.1178481997,-1.3237644586,0.0895236139,3.046673537,-2.148439332,0.0224022377,0.0323880303
0.9133613267,0.331304035,-1.1191607773,-1.3246727844,0.0888363186,3.0469250612,-2.1479707008,0.0224022377,0.0323880303
0.9148838237,0.3308268685,-1.1204739308,-1.325579388,0.0881485711,3.0471759102,-2.1475013466,0.0224022377,0.0323880303
0.9164063188,0.3303505506,-1.1217876856,-1.3264842062,0.08746041,3.0474260569,-2.1470312846,0.0224022377,0.0323880303
0.9179288119,0.3298751339,-1.1231020669,-1.3273871749,0.0867718774,3.0476754741,-2.1465605327,0.0224022377,0.0323880303
0.919451303,0.3294006726,-1.1244171007,-1.3282882287,0.0860830195,3.0479241341,-2.1460891118,0.0224022377,0.0323880303
0.9209737921,0.3289272232,-1.125732813,-1.3291873019,0.0853938857,3.0481720091,-2.1456170459,0.0224022377,0.0323880303
0.9224962792,0.3284548435,-1.1270492299,-1.3300843279,0.0847045295,3.0484190711,-2.1451443617,0.0224022377,0.0323880303
0.9240187644,0.3279835933,-1.128366378,-1.3309792397,0.0840150077,3.0486652918,-2.1446710888,0.0224022377,0.0323880303
0.9255412477,0.3275135335,-1.1296842837,-1.3318719701,0.0833253806,3.048910643,-2.1441972595,0.0224022377,0.0323880303
0.9270637291,0.3270447267,-1.1310029734,-1.3327624518,0.082635712,3.0491550965,-2.1437229092,0.0224022377,0.0323880303
0.9285862086,0.3265772366,-1.1323224737,-1.3336506173,0.0819460688,3.0493986242,-2.1432480758,0.0224022377,0.0323880303
0.9301086863,0.326111128,-1.1336428108,-1.3345363994,0.081256521,3.0496411981,-2.1427727999,0.0224022377,0.0323880303
0.9316311623,0.3256464667,-1.134964011,-1.3354197313,0.0805671419,3.0498827902,-2.1422971248,0.0224022377,0.0323880303
0.9331536366,0.3251833192,-1.1362861002,-1.3363005466,0.0798780073,3.0501233732,-2.1418210962,0.0224022377,0.0323880303
0.9346761092,0.3247217529,-1.1376091043,-1.3371787795,0.0791891959,3.0503629197,-2.1413447622,0.0224022377,0.0323880303
0.9361985803,0.3242618356,-1.1389330484,-1.3380543652,0.078500789,3.0506014028,-2.1408681735,0.0224022377,0.0323880303
0.9377210498,0.3238036354,-1.1402579578,-1.3389272394,0.0778128701,3.0508387963,-2.1403913827,0.0224022377,0.0323880303
0.9392435179,0.3233472208,-1.1415838569,-1.3397973394,0.0771255251,3.0510750741,-2.1399144448,0.0224022377,0.0323880303
0.9407659846,0.3228926602,-1.1429107697,-1.3406646034,0.0764388418,3.051310211,-2.1394374167,0.0224022377,0.0323880303
0.9422884501,0.322440022,-1.1442387199,-1.3415289711,0.0757529099,3.0515441823,-2.138960357,0.0224022377,0.0323880303
0.9438109144,0.3219893745,-1.1455677302,-1.3423903837,0.0750678207,3.0517769638,-2.1384833265,0.0224022377,0.0323880303
0.9453333776,0.3215407854,-1.146897823,-1.3432487839,0.074383667,3.0520085324,-2.1380063873,0.0224022377,0.0323880303
0.9468558398,0.321094322,-1.1482290199,-1.3441041164,0.0737005428,3.0522388655,-2.137529603,0.0224022377,0.0323880303
0.9483783011,0.3206500508,-1.1495613417,-1.3449563277,0.0730185433,3.0524679413,-2.1370530388,0.0224022377,0.0323880303
0.9499007615,0.3202080377,-1.1508948083,-1.3458053662,0.0723377644,3.0526957392,-2.1365767609,0.0224022377,0.0323880303
0.9514232213,0.3197683475,-1.1522294391,-1.3466511825,0.0716583026,3.052922239,-2.1361008366,0.0224022377,0.0323880303
0.9529456805,0.3193310439,-1.1535652523,-1.3474937295,0.0709802549,3.0531474221,-2.1356253343,0.0224022377,0.0323880303
0.9544681392,0.3188961893,-1.1549022655,-1.3483329623,0.0703037186,3.0533712703,-2.135150323,0.0224022377,0.0323880303
0.9559905976,0.3184638449,-1.156240495,-1.3491688386,0.0696287909,3.0535937667,-2.1346758725,0.0224022377,0.0323880303
0.9575130557,0.3180340701,-1.1575799564,-1.3500013183,0.0689555689,3.0538148956,-2.1342020527,0.0224022377,0.0323880303
0.9590355137,0.317606923,-1.1589206643,-1.3508303643,0.068284149,3.0540346422,-2.1337289344,0.0224022377,0.0323880303
0.9605579717,0.3171824598,-1.1602626321,-1.3516559419,0.0676146274,3.054252993,-2.133256588,0.0224022377,0.0323880303
0.9620804297,0.3167607347,-1.1616058722,-1.3524780192,0.0669470992,3.0544699353,-2.1327850842,0.0224022377,0.0323880303
0.963602888,0.3163418,-1.162950396,-1.3532965672,0.0662816583,3.0546854581,-2.1323144936,0.0224022377,0.0323880303
0.9651253467,0.315925706,-1.1642962138,-1.3541115594,0.0656183978,3.0548995512,-2.1318448861,0.0224022377,0.0323880303
0.9666478058,0.3155125005,-1.1656433346,-1.3549229728,0.0649574089,3.0551122058,-2.1313763316,0.0224022377,0.0323880303
0.9681702656,0.3151022294,-1.1669917666,-1.3557307868,0.0642987813,3.0553234142,-2.1309088989,0.0224022377,0.0323880303
0.9696927261,0.3146949357,-1.1683415164,-1.3565349841,0.0636426028,3.0555331701,-2.1304426564,0.0224022377,0.0323880303
0.9712151875,0.3142906601,-1.1696925899,-1.3573355503,0.0629889592,3.0557414683,-2.1299776713,0.0224022377,0.0323880303
0.9727376498,0.313889441,-1.1710449916,-1.3581324741,0.0623379338,3.0559483051,-2.1295140095,0.0224022377,0.0323880303
0.9742601133,0.3134913135,-1.1723987249,-1.3589257472,0.0616896075,3.0561536777,-2.129051736,0.0224022377,0.0323880303
0.9757825781,0.3130963105,-1.1737537921,-1.3597153642,0.0610440585,3.0563575849,-2.1285909139,0.0224022377,0.0323880303
0.9773050442,0.3127044616,-1.1751101941,-1.360501323,0.0604013624,3.0565600265,-2.1281316051,0.0224022377,0.0323880303
0.9788275118,0.312315794,-1.1764679308,-1.3612836244,0.0597615912,3.0567610036,-2.1276738693,0.0224022377,0.0323880303
0.9803499811,0.3119303315,-1.1778270011,-1.3620622722,0.0591248141,3.0569605186,-2.1272177647,0.0224022377,0.0323880303
0.9818724521,0.3115480953,-1.1791874026,-1.3628372732,0.0584910969,3.0571585751,-2.126763347,0.0224022377,0.0323880303
0.9833949249,0.3111691031,-1.1805491317,-1.363608637,0.0578605016,3.0573551779,-2.1263106701,0.0224022377,0.0323880303
0.9849173996,0.3107933702,-1.1819121839,-1.3643763763,0.0572330869,3.0575503329,-2.1258597855,0.0224022377,0.0323880303
0.9864398763,0.3104209083,-1.1832765536,-1.3651405066,0.0566089077,3.0577440471,-2.1254107421,0.0224022377,0.0323880303
0.9879623551,0.3100517264,-1.1846422339,-1.3659010459,0.0559880148,3.0579363289,-2.1249635865,0.0224022377,0.0323880303
0.9894848361,0.3096858304,-1.1860092171,-1.3666580151,0.0553704555,3.0581271874,-2.1245183628,0.0224022377,0.0323880303
0.9910073193,0.3093232232,-1.1873774946,-1.3674114377,0.0547562728,3.0583166329,-2.1240751124,0.0224022377,0.0323880303
0.9925298049,0.3089639046,-1.1887470567,-1.3681613395,0.0541455059,3.0585046769,-2.1236338737,0.0224022377,0.0323880303
0.9940522928,0.3086078717,-1.1901178928,-1.368907749,0.0535381899,3.0586913316,-2.1231946829,0.0224022377,0.0323880303
0.9955747831,0.3082551187,-1.1914899914,-1.3696506968,0.0529343557,3.0588766102,-2.1227575728,0.0224022377,0.0323880303
0.997097276,0.3079056368,-1.1928633402,-1.3703902157,0.0523340304,3.0590605267,-2.1223225738,0.0224022377,0.0323880303
0.9986197713,0.3075594146,-1.1942379262,-1.3711263406,0.0517372368,3.0592430962,-2.1218897134,0.0224022377,0.0323880303
1.0001422692,0.3072164381,-1.1956137355,-1.3718591086,0.0511439938,3.0594243342,-2.121459016,0.0224022377,0.0323880303
1.0016647696,0.3068766905,-1.1969907536,-1.3725885582,0.0505543162,3.0596042573,-2.1210305034,0.0224022377,0.0323880303
1.0031872727,0.3065401528,-1.1983689652,-1.37331473,0.049968215,3.0597828825,-2.1206041945,0.0224022377,0.0323880303
1.0047097784,0.3062068033,-1.1997483547,-1.3740376661,0.0493856971,3.0599602275,-2.1201801051,0.0224022377,0.0323880303
1.0062322868,0.3058766181,-1.2011289055,-1.3747574101,0.0488067658,3.0601363107,-2.1197582487,0.0224022377,0.0323880303
1.0077547978,0.3055495712,-1.2025106009,-1.3754740069,0.0482314204,3.0603111509,-2.1193386356,0.0224022377,0.0323880303
1.0092773114,0.3052256344,-1.2038934235,-1.3761875026,0.0476596568,3.0604847674,-2.1189212736,0.0224022377,0.0323880303
1.0107998278,0.3049047773,-1.2052773554,-1.3768979445,0.0470914671,3.0606571799,-2.1185061677,0.0224022377,0.0323880303
1.0123223467,0.304586968,-1.2066623786,-1.3776053809,0.0465268402,3.0608284086,-2.1180933204,0.0224022377,0.0323880303
1.0138448684,0.3042721724,-1.2080484745,-1.378309861,0.0459657615,3.060998474,-2.1176827316,0.0224022377,0.0323880303
1.0153673927,0.3039603552,-1.2094356244,-1.3790114346,0.045408213,3.0611673967,-2.1172743986,0.0224022377,0.0323880303
1.0168899196,0.303651479,-1.2108238092,-1.3797101524,0.0448541739,3.0613351978,-2.1168683164,0.0224022377,0.0323880303
1.0184124491,0.3033455053,-1.2122130098,-1.3804060653,0.0443036202,3.0615018983,-2.1164644775,0.0224022377,0.0323880303
1.0199349813,0.3030423942,-1.2136032066,-1.3810992249,0.0437565249,3.0616675196,-2.1160628724,0.0224022377,0.0323880303
1.021457516,0.3027421043,-1.2149943802,-1.3817896832,0.0432128584,3.0618320831,-2.115663489,0.0224022377,0.0323880303
1.0229800533,0.3024445934,-1.216386511,-1.382477492,0.0426725885,3.0619956104,-2.1152663135,0.0224022377,0.0323880303
1.0245025931,0.302149818,-1.2177795792,-1.3831627037,0.0421356804,3.0621581229,-2.1148713296,0.0224022377,0.0323880303
1.0260251353,0.3018577338,-1.2191735651,-1.3838453706,0.0416020969,3.0623196422,-2.1144785195,0.0224022377,0.0323880303
1.02754768,0.3015682955,-1.2205684491,-1.3845255448,0.0410717985,3.0624801897,-2.1140878632,0.0224022377,0.0323880303
1.029070227,0.3012814571,-1.2219642114,-1.3852032784,0.0405447438,3.0626397868,-2.1136993391,0.0224022377,0.0323880303
1.0305927764,0.300997172,-1.2233608324,-1.3858786235,0.0400208891,3.062798455,-2.1133129238,0.0224022377,0.0323880303
1.032115328,0.3007153931,-1.2247582926,-1.3865516315,0.0395001892,3.0629562153,-2.1129285924,0.0224022377,0.0323880303
1.0336378819,0.3004360725,-1.2261565726,-1.3872223539,0.0389825969,3.0631130889,-2.1125463185,0.0224022377,0.0323880303
1.035160438,0.3001591623,-1.2275556532,-1.3878908416,0.0384680633,3.0632690965,-2.1121660742,0.0224022377,0.0323880303
1.0366829962,0.2998846139,-1.2289555153,-1.3885571451,0.0379565383,3.0634242589,-2.1117878301,0.0224022377,0.0323880303
1.0382055564,0.2996123785,-1.2303561398,-1.3892213144,0.03744797,3.0635785966,-2.1114115559,0.0224022377,0.0323880303
1.0397281187,0.2993424074,-1.2317575082,-1.3898833989,0.0369423056,3.0637321296,-2.1110372198,0.0224022377,0.0323880303
1.041250683,0.2990746513,-1.2331596018,-1.3905434476,0.0364394909,3.0638848782,-2.110664789,0.0224022377,0.0323880303
1.0427732492,0.2988090611,-1.2345624023,-1.3912015088,0.0359394705,3.0640368619,-2.1102942295,0.0224022377,0.0323880303
1.0442958172,0.2985455877,-1.2359658918,-1.3918576301,0.0354421882,3.0641881002,-2.1099255066,0.0224022377,0.0323880303
1.0458183872,0.2982841817,-1.2373700522,-1.3925118585,0.0349475867,3.0643386124,-2.1095585844,0.0224022377,0.0323880303
1.0473409588,0.2980247942,-1.2387748662,-1.3931642402,0.0344556079,3.0644884172,-2.1091934263,0.0224022377,0.0323880303
1.0488635323,0.2977673759,-1.2401803163,-1.3938148209,0.0339661931,3.0646375333,-2.1088299948,0.0224022377,0.0323880303
1.0503861074,0.2975118781,-1.2415863856,-1.3944636453,0.0334792826,3.064785979,-2.1084682518,0.0224022377,0.0323880303
1.0519086841,0.2972582519,-1.2429930571,-1.3951107576,0.0329948163,3.0649337722,-2.1081081584,0.0224022377,0.0323880303
1.0534312625,0.2970064489,-1.2444003144,-1.3957562011,0.0325127334,3.0650809306,-2.1077496751,0.0224022377,0.0323880303
1.0549538425,0.2967564207,-1.2458081414,-1.3964000183,0.0320329727,3.0652274715,-2.1073927618,0.0224022377,0.0323880303
1.0564764239,0.2965081191,-1.2472165219,-1.3970422511,0.0315554724,3.065373412,-2.1070373777,0.0224022377,0.0323880303
1.0579990069,0.2962614964,-1.2486254404,-1.3976829404,0.0310801704,3.0655187688,-2.1066834817,0.0224022377,0.0323880303
1.0595215913,0.2960165051,-1.2500348814,-1.3983221266,0.0306070042,3.0656635583,-2.1063310321,0.0224022377,0.0323880303
1.0610441771,0.2957730978,-1.2514448298,-1.398959849,0.0301359109,3.0658077966,-2.1059799868,0.0224022377,0.0323880303
1.0625667644,0.2955312276,-1.2528552708,-1.3995961464,0.0296668274,3.0659514995,-2.1056303032,0.0224022377,0.0323880303
1.0640893529,0.295290848,-1.2542661898,-1.4002310566,0.0291996903,3.0660946824,-2.1052819385,0.0224022377,0.0323880303
1.0656119428,0.2950519125,-1.2556775725,-1.400864617,0.0287344359,3.0662373605,-2.1049348494,0.0224022377,0.0323880303
1.0671345341,0.2948143752,-1.2570894049,-1.4014968637,0.0282710003,3.0663795487,-2.1045889921,0.0224022377,0.0323880303
1.0686571265,0.2945781905,-1.2585016732,-1.4021278326,0.0278093196,3.0665212615,-2.1042443229,0.0224022377,0.0323880303
1.0701797203,0.294343313,-1.259914364,-1.4027575585,0.0273493296,3.0666625131,-2.1039007974,0.0224022377,0.0323880303
1.0717023153,0.2941096978,-1.2613274639,-1.4033860755,0.0268909658,3.0668033176,-2.103558371,0.0224022377,0.0323880303
1.0732249114,0.2938773001,-1.26274096,-1.4040134172,0.0264341637,3.0669436886,-2.103216999,0.0224022377,0.0323880303
1.0747475088,0.2936460757,-1.2641548396,-1.4046396162,0.0259788587,3.0670836396,-2.1028766364,0.0224022377,0.0323880303
1.0762701074,0.2934159805,-1.2655690902,-1.4052647046,0.0255249861,3.0672231836,-2.1025372377,0.0224022377,0.0323880303
1.0777927071,0.2931869708,-1.2669836995,-1.4058887138,0.0250724809,3.0673623335,-2.1021987574,0.0224022377,0.0323880303
1.0793153079,0.2929590032,-1.2683986555,-1.4065116744,0.0246212781,3.067501102,-2.1018611497,0.0224022377,0.0323880303
1.0808379099,0.2927320347,-1.2698139464,-1.4071336164,0.0241713125,3.0676395013,-2.1015243686,0.0224022377,0.0323880303
1.082360513,0.2925060224,-1.2712295606,-1.4077545692,0.023722519,3.0677775436,-2.1011883677,0.0224022377,0.0323880303
1.0838831172,0.2922809238,-1.2726454868,-1.4083745616,0.0232748321,3.0679152407,-2.1008531006,0.0224022377,0.0323880303
1.0854057225,0.2920566967,-1.2740617138,-1.4089936216,0.0228281863,3.0680526042,-2.1005185205,0.0224022377,0.0323880303
1.0869283289,0.291833299,-1.2754782307,-1.4096117767,0.0223825159,3.0681896454,-2.1001845803,0.0224022377,0.0323880303
1.0884509363,0.291610689,-1.2768950268,-1.4102290538,0.0219377552,3.0683263756,-2.099851233,0.0224022377,0.0323880303
1.0899735448,0.2913888251,-1.2783120914,-1.4108454793,0.0214938382,3.0684628057,-2.0995184309,0.0224022377,0.0323880303
1.0914961544,0.2911676661,-1.2797294143,-1.4114610788,0.0210506987,3.0685989463,-2.0991861264,0.0224022377,0.0323880303
1.093018765,0.2909471708,-1.2811469853,-1.4120758775,0.0206082704,3.068734808,-2.0988542715,0.0224022377,0.0323880303
1.0945413767,0.2907272985,-1.2825647943,-1.4126899001,0.0201664869,3.0688704011,-2.098522818,0.0224022377,0.0323880303
1.0960639894,0.2905080082,-1.2839828316,-1.4133031706,0.0197252813,3.0690057357,-2.0981917173,0.0224022377,0.0323880303
1.0975866031,0.2902892595,-1.2854010874,-1.4139157127,0.0192845868,3.0691408216,-2.0978609206,0.0224022377,0.0323880303
1.0991092179,0.2900710119,-1.2868195523,-1.4145275493,0.0188443361,3.0692756687,-2.0975303788,0.0224022377,0.0323880303
1.1006318337,0.2898532252,-1.2882382169,-1.415138703,0.0184044617,3.0694102864,-2.0972000425,0.0224022377,0.0323880303
1.1021544505,0.2896358591,-1.2896570721,-1.4157491959,0.017964896,3.0695446841,-2.096869862,0.0224022377,0.0323880303
1.1036770684,0.2894188736,-1.2910761089,-1.4163590497,0.0175255707,3.0696788711,-2.0965397872,0.0224022377,0.0323880303
1.1051996873,0.2892022287,-1.2924953182,-1.4169682853,0.0170864174,3.0698128564,-2.0962097675,0.0224022377,0.0323880303
1.1067223074,0.2889858843,-1.2939146914,-1.4175769236,0.0166473673,3.0699466488,-2.0958797522,0.0224022377,0.0323880303
1.1082449284,0.2887698005,-1.2953342198,-1.4181849847,0.016208351,3.0700802572,-2.09554969,0.0224022377,0.0323880303
1.1097675506,0.2885539374,-1.2967538949,-1.4187924885,0.0157692987,3.07021369,-2.095219529,0.0224022377,0.0323880303
1.1112901739,0.2883382549,-1.2981737082,-1.4193994544,0.0153301403,3.0703469558,-2.0948892171,0.0224022377,0.0323880303
1.1128127982,0.2881227131,-1.2995936515,-1.4200059013,0.0148908049,3.0704800629,-2.0945587015,0.0224022377,0.0323880303
1.1143354237,0.2879072719,-1.3010137167,-1.4206118477,0.0144512211,3.0706130194,-2.0942279292,0.0224022377,0.0323880303
1.1158580502,0.2876918912,-1.3024338955,-1.4212173119,0.0140113172,3.0707458334,-2.0938968463,0.0224022377,0.0323880303
1.1173806778,0.2874765307,-1.30385418,-1.4218223116,0.0135710204,3.0708785128,-2.0935653985,0.0224022377,0.0323880303
1.1189033064,0.2872611503,-1.3052745624,-1.4224268641,0.0131302578,3.0710110654,-2.093233531,0.0224022377,0.0323880303
1.1204259361,0.2870457093,-1.3066950349,-1.4230309864,0.0126889553,3.0711434988,-2.0929011882,0.0224022377,0.0323880303
1.1219485668,0.2868301675,-1.3081155898,-1.4236346949,0.0122470386,3.0712758206,-2.0925683141,0.0224022377,0.0323880303
1.1234711985,0.286614484,-1.3095362195,-1.4242380058,0.0118044323,3.0714080383,-2.092234852,0.0224022377,0.0323880303
1.1249938312,0.2863986181,-1.3109569165,-1.4248409348,0.0113610607,3.071540159,-2.0919007445,0.0224022377,0.0323880303
1.1265164648,0.286182529,-1.3123776736,-1.4254434971,0.0109168471,3.0716721899,-2.0915659338,0.0224022377,0.0323880303
1.1280390993,0.2859661755,-1.3137984832,-1.4260457076,0.0104717141,3.071804138,-2.0912303612,0.0224022377,0.0323880303
1.1295617346,0.2857495167,-1.3152193385,-1.4266475806,0.0100255839,3.0719360102,-2.0908939675,0.0224022377,0.0323880303
1.1310843707,0.2855325114,-1.3166402322,-1.42724913,0.0095783778,3.0720678132,-2.090556693,0.0224022377,0.0323880303
1.1326070074,0.2853151181,-1.3180611574,-1.4278503692,0.0091300164,3.0721995537,-2.0902184772,0.0224022377,0.0323880303
1.1341296447,0.2850972957,-1.3194821074,-1.4284513111,0.00868042,3.0723312379,-2.0898792592,0.0224022377,0.0323880303
1.1356522824,0.2848790029,-1.3209030754,-1.4290519679,0.0082295083,3.0724628721,-2.0895389777,0.0224022377,0.0323880303
1.1371749206,0.2846601984,-1.322324055,-1.4296523514,0.0077772004,3.0725944625,-2.0891975707,0.0224022377,0.0323880303
1.1386975589,0.2844408411,-1.3237450398,-1.4302524728,0.0073234153,3.0727260147,-2.0888549762,0.0224022377,0.0323880303
1.1402201973,0.2842208901,-1.3251660237,-1.4308523423,0.0068680718,3.0728575345,-2.0885111316,0.0224022377,0.0323880303
1.1417428357,0.2840003049,-1.3265870007,-1.4314519697,0.0064110887,3.0729890272,-2.0881659745,0.0224022377,0.0323880303
1.1432654737,0.2837790452,-1.328007965,-1.432051364,0.0059523849,3.0731204979,-2.0878194422,0.0224022377,0.0323880303
1.1447881112,0.2835570712,-1.3294289113,-1.4326505332,0.0054918797,3.0732519514,-2.0874714724,0.0224022377,0.0323880303
1.146310748,0.2833343441,-1.3308498342,-1.4332494845,0.0050294933,3.0733833923,-2.0871220032,0.0224022377,0.0323880303
1.1478333838,0.2831108255,-1.3322707289,-1.433848224,0.0045651466,3.0735148247,-2.0867709732,0.0224022377,0.0323880303
1.1493560184,0.2828864785,-1.333691591,-1.4344467569,0.0040987621,3.0736462523,-2.086418322,0.0224022377,0.0323880303
1.1508786513,0.2826612671,-1.3351124163,-1.435045087,0.003630264,3.0737776785,-2.0860639902,0.0224022377,0.0323880303
1.1524012824,0.2824351569,-1.336533201,-1.435643217,0.0031595788,3.073909106,-2.0857079203,0.0224022377,0.0323880303
1.1539239112,0.2822081155,-1.3379539421,-1.4362411482,0.0026866358,3.0740405373,-2.0853500566,0.0224022377,0.0323880303
1.1554465374,0.2819801125,-1.339374637,-1.4368388803,0.0022113678,3.074171974,-2.0849903459,0.0224022377,0.0323880303
1.1569691605,0.2817511198,-1.3407952836,-1.4374364115,0.0017337116,3.0743034172,-2.084628738,0.0224022377,0.0323880303
1.1584917801,0.2815211125,-1.3422158806,-1.4380337382,0.001253609,3.0744348673,-2.0842651862,0.0224022377,0.0323880303
1.1600143957,0.2812900688,-1.3436364276,-1.4386308548,0.0007710074,3.0745663239,-2.083899648,0.0224022377,0.0323880303
1.161537007,0.2810579706,-1.3450569247,-1.4392277538,0.000285861,3.0746977858,-2.0835320859,0.0224022377,0.0323880303
1.1630596132,0.2808248041,-1.3464773733,-1.4398244257,-0.0002018686,3.0748292509,-2.0831624679,0.0224022377,0.0323880303
1.1645822137,0.2805905605,-1.3478977752,-1.4404208583,-0.0006922109,3.0749607159,-2.0827907685,0.0224022377,0.0323880303
1.1661048075,0.2803552364,-1.3493181335,-1.4410170369,-0.001185185,3.0750921767,-2.0824169701,0.0224022377,0.0323880303
1.167627394,0.2801188349,-1.3507384526,-1.4416129442,-0.0016807982,3.0752236278,-2.082041064,0.0224022377,0.0323880303
1.1691499722,0.2798813662,-1.3521587384,-1.44220856,-0.002179044,3.0753550625,-2.0816630517,0.0224022377,0.0323880303
1.1706725415,0.2796428488,-1.3535789981,-1.4428038609,-0.0026799009,3.0754864726,-2.0812829462,0.0224022377,0.0323880303
1.1721951014,0.2794033095,-1.3549992409,-1.4433988203,-0.003183331,3.0756178484,-2.0809007729,0.0224022377,0.0323880303
1.1737176512,0.2791627843,-1.3564194776,-1.4439934086,-0.0036892784,3.0757491789,-2.0805165706,0.0224022377,0.0323880303
1.1752401907,0.2789213188,-1.3578397205,-1.4445875929,-0.0041976694,3.0758804512,-2.0801303921,0.0224022377,0.0323880303
1.1767627194,0.2786789681,-1.3592599841,-1.4451813374,-0.0047084108,3.0760116514,-2.0797423044,0.0224022377,0.0323880303
1.1782852373,0.2784357972,-1.3606802842,-1.4457746032,-0.0052213905,3.0761427637,-2.0793523895,0.0224022377,0.0323880303
1.1798077443,0.2781918805,-1.3621006384,-1.4463673488,-0.0057364774,3.0762737712,-2.0789607436,0.0224022377,0.0323880303
1.1813302404,0.2779473017,-1.363521066,-1.4469595303,-0.0062535218,3.0764046556,-2.0785674773,0.0224022377,0.0323880303
1.1828527259,0.2777021533,-1.3649415873,-1.4475511018,-0.0067723564,3.0765353975,-2.0781727147,0.0224022377,0.0323880303
1.184375201,0.2774565358,-1.3663622243,-1.4481420156,-0.0072927972,3.0766659764,-2.0777765928,0.0224022377,0.0323880303
1.1858976661,0.2772105574,-1.3677829998,-1.4487322225,-0.0078146447,3.076796371,-2.0773792604,0.0224022377,0.0323880303
1.1874201217,0.2769643326,-1.3692039375,-1.4493216725,-0.0083376858,3.0769265594,-2.0769808771,0.0224022377,0.0323880303
1.1889425683,0.2767179818,-1.3706250621,-1.4499103147,-0.0088616949,3.077056519,-2.076581612,0.0224022377,0.0323880303
1.1904650064,0.2764716303,-1.3720463985,-1.450498098,-0.009386436,3.0771862268,-2.0761816427,0.0224022377,0.0323880303
1.1919874369,0.2762254075,-1.3734679721,-1.4510849715,-0.0099116639,3.0773156597,-2.0757811536,0.0224022377,0.0323880303
1.1935098602,0.2759794458,-1.3748898087,-1.4516708844,-0.0104371264,3.0774447945,-2.0753803352,0.0224022377,0.0323880303
1.1950322771,0.27573388,-1.3763119338,-1.4522557865,-0.0109625651,3.0775736079,-2.0749793823,0.0224022377,0.0323880303
1.1965546884,0.2754888466,-1.3777343731,-1.4528396287,-0.0114877175,3.0777020769,-2.0745784937,0.0224022377,0.0323880303
1.1980770946,0.2752444831,-1.379157152,-1.4534223625,-0.0120123179,3.0778301787,-2.0741778706,0.0224022377,0.0323880303
1.1995994966,0.2750009274,-1.3805802954,-1.454003941,-0.012536099,3.0779578908,-2.0737777157,0.0224022377,0.0323880303
1.2011218949,0.2747583171,-1.3820038282,-1.4545843184,-0.0130587923,3.078085191,-2.0733782327,0.0224022377,0.0323880303
1.2026442902,0.2745167894,-1.3834277746,-1.4551634504,-0.0135801297,3.078212058,-2.0729796257,0.0224022377,0.0323880303
1.2041666833,0.2742764805,-1.3848521584,-1.4557412942,-0.0140998436,3.0783384705,-2.0725820981,0.0224022377,0.0323880303
1.2056890746,0.2740375253,-1.3862770026,-1.4563178087,-0.0146176682,3.0784644079,-2.0721858525,0.0224022377,0.0323880303
1.2072114648,0.2738000572,-1.3877023299,-1.4568929542,-0.0151333395,3.0785898505,-2.0717910901,0.0224022377,0.0323880303
1.2087338545,0.2735642078,-1.3891281621,-1.4574666928,-0.0156465961,3.0787147788,-2.0713980105,0.0224022377,0.0323880303
1.2102562443,0.2733301069,-1.3905545208,-1.4580389884,-0.0161571794,3.0788391742,-2.0710068115,0.0224022377,0.0323880303
1.2117786346,0.2730978821,-1.3919814264,-1.4586098064,-0.016664834,3.0789630184,-2.0706176883,0.0224022377,0.0323880303
1.213301026,0.2728676589,-1.393408899,-1.459179114,-0.0171693078,3.0790862941,-2.0702308341,0.0224022377,0.0323880303
1.214823419,0.2726395606,-1.394836958,-1.45974688,-0.0176703522,3.0792089845,-2.0698464393,0.0224022377,0.0323880303
1.2163458141,0.2724137081,-1.3962656219,-1.4603130751,-0.0181677226,3.0793310734,-2.0694646919,0.0224022377,0.0323880303
1.2178682117,0.27219022,-1.3976949088,-1.4608776715,-0.0186611781,3.0794525454,-2.0690857768,0.0224022377,0.0323880303
1.2193906123,0.2719692122,-1.3991248359,-1.4614406434,-0.019150482,3.0795733857,-2.0687098762,0.0224022377,0.0323880303
1.2209130164,0.2717507981,-1.4005554199,-1.4620019665,-0.0196354017,3.07969358,-2.0683371691,0.0224022377,0.0323880303
1.2224354244,0.2715350887,-1.4019866766,-1.4625616183,-0.0201157091,3.0798131151,-2.0679678314,0.0224022377,0.0323880303
1.2239578368,0.2713221919,-1.4034186211,-1.4631195784,-0.0205911807,3.0799319781,-2.0676020356,0.0224022377,0.0323880303
1.225480254,0.2711122129,-1.404851268,-1.4636758278,-0.021061598,3.080050157,-2.0672399509,0.0224022377,0.0323880303
1.2270026765,0.2709052538,-1.4062846308,-1.4642303497,-0.0215267474,3.0801676407,-2.0668817424,0.0224022377,0.0323880303
1.2285251049,0.2707014137,-1.4077187225,-1.4647831291,-0.0219864208,3.0802844186,-2.0665275714,0.0224022377,0.0323880303
1.2300475394,0.270500788,-1.409153555,-1.4653341531,-0.0224404163,3.0804004811,-2.066177595,0.0224022377,0.0323880303
1.2315699808,0.2703034686,-1.4105891396,-1.4658834107,-0.0228885378,3.0805158194,-2.0658319655,0.0224022377,0.0323880303
1.2330924294,0.2701095437,-1.4120254866,-1.4664308934,-0.0233305966,3.0806304254,-2.0654908302,0.0224022377,0.0323880303
1.2346148857,0.2699190969,-1.4134626052,-1.4669765947,-0.0237664111,3.0807442923,-2.0651543309,0.0224022377,0.0323880303
1.2361373504,0.2697322076,-1.4149005039,-1.4675205105,-0.0241958079,3.0808574139,-2.0648226033,0.0224022377,0.0323880303
1.2376598239,0.2695489501,-1.4163391899,-1.4680626391,-0.0246186227,3.0809697854,-2.0644957767,0.0224022377,0.0323880303
1.2391823068,0.2693693935,-1.4177786693,-1.4686029815,-0.0250347006,3.0810814028,-2.064173973,0.0224022377,0.0323880303
1.2407047999,0.2691936009,-1.4192189474,-1.4691415414,-0.0254438977,3.0811922634,-2.063857306,0.0224022377,0.0323880303
1.2422273042,0.269021629,-1.420660028,-1.4696783254,-0.0258460821,3.0813023657,-2.0635458807,0.0224022377,0.0323880303
1.2437498205,0.2688535272,-1.4221019136,-1.470213343,-0.0262411357,3.0814117096,-2.0632397915,0.0224022377,0.0323880303
1.2452723494,0.2686893367,-1.423544605,-1.4707466072,-0.0266289552,3.0815202964,-2.0629391217,0.0224022377,0.0323880303
1.2467948918,0.2685290902,-1.4249881014,-1.4712781342,-0.0270094543,3.081628129,-2.0626439419,0.0224022377,0.0323880303
1.2483174481,0.2683728113,-1.4264324,-1.4718079435,-0.027382564,3.0817352119,-2.0623543096,0.0224022377,0.0323880303
1.249840019,0.2682205135,-1.4278774965,-1.4723360581,-0.0277482343,3.081841551,-2.0620702677,0.0224022377,0.0323880303
1.2513626048,0.2680722006,-1.4293233843,-1.4728625043,-0.0281064344,3.081947154,-2.0617918448,0.0224022377,0.0323880303
1.2528852058,0.2679278663,-1.4307700555,-1.4733873118,-0.0284571533,3.0820520301,-2.0615190541,0.0224022377,0.0323880303
1.254407822,0.267787494,-1.4322175,-1.4739105132,-0.0288004001,3.0821561902,-2.0612518938,0.0224022377,0.0323880303
1.2559304537,0.2676510573,-1.4336657061,-1.4744321439,-0.0291362033,3.0822596463,-2.060990347,0.0224022377,0.0323880303
1.2574531006,0.2675185205,-1.4351146605,-1.4749522421,-0.0294646106,3.0823624121,-2.0607343825,0.0224022377,0.0323880303
1.2589757626,0.2673898385,-1.4365643486,-1.4754708479,-0.0297856876,3.0824645022,-2.0604839547,0.0224022377,0.0323880303
1.2604984393,0.2672649584,-1.4380147542,-1.4759880035,-0.0300995171,3.0825659324,-2.0602390055,0.0224022377,0.0323880303
1.2620211303,0.2671438192,-1.4394658602,-1.4765037524,-0.0304061972,3.0826667195,-2.0599994645,0.0224022377,0.0323880303
1.2635438352,0.2670263537,-1.4409176485,-1.4770181395,-0.03070584,3.0827668808,-2.0597652506,0.0224022377,0.0323880303
1.2650665533,0.2669124887,-1.4423701001,-1.4775312102,-0.0309985698,3.0828664344,-2.0595362731,0.0224022377,0.0323880303
1.2665892841,0.2668021462,-1.4438231957,-1.4780430103,-0.0312845217,3.0829653987,-2.0593124333,0.0224022377,0.0323880303
1.2681120269,0.2666952441,-1.4452769155,-1.4785535858,-0.0315638391,3.0830637923,-2.0590936253,0.0224022377,0.0323880303
1.269634781,0.2665916975,-1.4467312393,-1.4790629824,-0.0318366727,3.083161634,-2.0588797378,0.0224022377,0.0323880303
1.2711575456,0.266491419,-1.4481861471,-1.4795712453,-0.0321031788,3.0832589426,-2.0586706551,0.0224022377,0.0323880303
1.2726803202,0.2663943199,-1.4496416189,-1.480078419,-0.0323635172,3.0833557367,-2.0584662584,0.0224022377,0.0323880303
1.2742031039,0.2663003106,-1.4510976347,-1.4805845469,-0.0326178505,3.0834520347,-2.0582664265,0.0224022377,0.0323880303
1.2757258961,0.2662093015,-1.4525541751,-1.4810896716,-0.0328663427,3.0835478547,-2.0580710372,0.0224022377,0.0323880303
1.2772486962,0.2661212031,-1.4540112208,-1.4815938342,-0.0331091578,3.0836432143,-2.057879968,0.0224022377,0.0323880303
1.2787715033,0.266035927,-1.4554687532,-1.4820970747,-0.0333464592,3.0837381309,-2.0576930965,0.0224022377,0.0323880303
1.2802943171,0.2659533859,-1.456926754,-1.4825994316,-0.0335784086,3.083832621,-2.0575103014,0.0224022377,0.0323880303
1.2818171367,0.265873494,-1.4583852056,-1.4831009421,-0.0338051656,3.0839267011,-2.0573314632,0.0224022377,0.0323880303
1.2833399618,0.2657961675,-1.4598440908,-1.4836016418,-0.034026887,3.0840203867,-2.0571564639,0.0224022377,0.0323880303
1.2848627917,0.2657213245,-1.4613033932,-1.4841015648,-0.0342437262,3.0841136931,-2.0569851882,0.0224022377,0.0323880303
1.286385626,0.2656488852,-1.4627630968,-1.4846007441,-0.0344558334,3.0842066347,-2.0568175231,0.0224022377,0.0323880303
1.2879084642,0.2655787721,-1.4642231864,-1.4850992109,-0.0346633545,3.0842992256,-2.0566533587,0.0224022377,0.0323880303
1.2894313059,0.2655109101,-1.4656836472,-1.4855969952,-0.0348664316,3.0843914792,-2.0564925877,0.0224022377,0.0323880303
1.2909541508,0.2654452264,-1.4671444652,-1.4860941256,-0.0350652027,3.0844834085,-2.0563351062,0.0224022377,0.0323880303
1.2924769985,0.2653816508,-1.468605627,-1.4865906293,-0.0352598014,3.0845750257,-2.0561808132,0.0224022377,0.0323880303
1.2939998486,0.2653201153,-1.4700671195,-1.4870865324,-0.035450357,3.0846663428,-2.0560296109,0.0224022377,0.0323880303
1.2955227009,0.2652605545,-1.4715289304,-1.4875818596,-0.0356369946,3.084757371,-2.0558814049,0.0224022377,0.0323880303
1.2970455552,0.265202905,-1.4729910479,-1.4880766345,-0.035819835,3.0848481211,-2.0557361037,0.0224022377,0.0323880303
1.2985684111,0.2651471062,-1.4744534607,-1.4885708796,-0.035998995,3.0849386035,-2.055593619,0.0224022377,0.0323880303
1.3000912685,0.2650930993,-1.475916158,-1.4890646163,-0.036174587,3.0850288281,-2.0554538655,0.0224022377,0.0323880303
1.3016141272,0.265040828,-1.4773791296,-1.4895578651,-0.0363467197,3.0851188044,-2.055316761,0.0224022377,0.0323880303
1.3031369871,0.2649902379,-1.4788423654,-1.4900506453,-0.0365154976,3.0852085413,-2.0551822261,0.0224022377,0.0323880303
1.3046598481,0.2649412768,-1.4803058562,-1.4905429753,-0.0366810215,3.0852980476,-2.0550501844,0.0224022377,0.0323880303
1.3061827099,0.2648938945,-1.481769593,-1.4910348729,-0.0368433888,3.0853873315,-2.054920562,0.0224022377,0.0323880303
1.3077055726,0.2648480425,-1.4832335672,-1.4915263548,-0.037002693,3.0854764009,-2.054793288,0.0224022377,0.0323880303
1.3092284361,0.2648036744,-1.4846977705,-1.492017437,-0.0371590242,3.0855652632,-2.0546682938,0.0224022377,0.0323880303
1.3107513003,0.2647607454,-1.4861621953,-1.4925081348,-0.0373124695,3.0856539258,-2.0545455133,0.0224022377,0.0323880303
1.3122741652,0.2647192125,-1.4876268339,-1.4929984626,-0.0374631125,3.0857423956,-2.0544248828,0.0224022377,0.0323880303
1.3137970308,0.2646790342,-1.4890916793,-1.4934884344,-0.037611034,3.0858306791,-2.0543063412,0.0224022377,0.0323880303
1.315319897,0.2646401707,-1.4905567246,-1.4939780633,-0.0377563116,3.0859187826,-2.0541898291,0.0224022377,0.0323880303
1.3168427639,0.2646025836,-1.4920219632,-1.494467362,-0.0378990203,3.0860067123,-2.0540752895,0.0224022377,0.0323880303
1.3183656314,0.2645662359,-1.4934873889,-1.4949563425,-0.0380392324,3.0860944738,-2.0539626674,0.0224022377,0.0323880303
1.3198884998,0.2645310921,-1.4949529958,-1.4954450164,-0.0381770175,3.0861820729,-2.0538519099,0.0224022377,0.0323880303
1.321411369,0.2644971179,-1.4964187783,-1.4959333946,-0.0383124428,3.0862695146,-2.0537429656,0.0224022377,0.0323880303
1.3229342387,0.2644642803,-1.4978847304,-1.4964214875,-0.038445573,3.0863568043,-2.0536357852,0.0224022377,0.0323880303
1.324457108,0.2644325474,-1.4993508459,-1.4969093049,-0.0385764706,3.0864439466,-2.0535303212,0.0224022377,0.0323880303
1.3259799751,0.2644018888,-1.500817118,-1.4973968558,-0.0387051957,3.0865309461,-2.0534265276,0.0224022377,0.0323880303
1.3275028379,0.2643722748,-1.5022835399,-1.4978841486,-0.0388318062,3.0866178073,-2.0533243604,0.0224022377,0.0323880303
1.3290256959,0.2643436771,-1.5037501064,-1.4983711919,-0.0389563581,3.0867045343,-2.0532237767,0.0224022377,0.0323880303
1.3305485513,0.2643160682,-1.5052168151,-1.4988579949,-0.0390789055,3.0867911315,-2.0531247353,0.0224022377,0.0323880303
1.3320714091,0.2642894218,-1.5066836664,-1.4993445671,-0.0391995008,3.0868776031,-2.0530271962,0.0224022377,0.0323880303
1.3335942758,0.2642637125,-1.5081506627,-1.4998309182,-0.0393181946,3.0869639531,-2.0529311207,0.0224022377,0.0323880303
1.3351171523,0.2642389156,-1.5096178006,-1.5003170559,-0.0394350354,3.0870501854,-2.0528364717,0.0224022377,0.0323880303
1.3366400291,0.2642150077,-1.5110850673,-1.5008029842,-0.0395500693,3.0871363029,-2.052743214,0.0224022377,0.0323880303
1.3381628874,0.264191966,-1.5125524409,-1.5012887038,-0.0396633406,3.0872223079,-2.0526513139,0.0224022377,0.0323880303
1.3396856968,0.2641697688,-1.5140198886,-1.5017742117,-0.0397748911,3.087308202,-2.0525607394,0.0224022377,0.0323880303
1.3412084055,0.2641483949,-1.5154873569,-1.5022594975,-0.0398847604,3.0873939854,-2.0524714605,0.0224022377,0.0323880303
1.342730934,0.2641278242,-1.5169547659,-1.5027445421,-0.0399929851,3.0874796567,-2.0523834494,0.0224022377,0.0323880303
1.3442531758,0.2641080372,-1.5184220096,-1.5032293176,-0.0400995994,3.087565213,-2.0522966804,0.0224022377,0.0323880303
1.3457749981,0.264089015,-1.5198889567,-1.5037137873,-0.040204635,3.0876506497,-2.0522111295,0.0224022377,0.0323880303
1.3472962519,0.2640707394,-1.5213554605,-1.5041979095,-0.0403081216,3.0877359614,-2.0521267747,0.0224022377,0.0323880303
1.3488167786,0.2640531927,-1.522821365,-1.5046816392,-0.0404100875,3.0878211418,-2.0520435946,0.0224022377,0.0323880303
1.3503364099,0.2640363579,-1.5242865051,-1.5051649279,-0.0405105596,3.0879061844,-2.0519615692,0.0224022377,0.0323880303
1.3518549681,0.2640202181,-1.5257507064,-1.5056477242,-0.0406095636,3.0879910816,-2.0518806794,0.0224022377,0.0323880303
1.3533722725,0.2640047572,-1.5272137921,-1.5061299757,-0.040707124,3.0880758261,-2.0518009071,0.0224022377,0.0323880303
1.3548881449,0.2639899593,-1.5286755876,-1.5066116304,-0.0408032648,3.0881604102,-2.0517222344,0.0224022377,0.0323880303
1.35640241,0.2639758091,-1.530135921,-1.5070926371,-0.040898009,3.0882448266,-2.0516446441,0.0224022377,0.0323880303
1.3579148949,0.2639622916,-1.5315946233,-1.5075729453,-0.0409913794,3.0883290679,-2.0515681195,0.0224022377,0.0323880303
1.3594254286,0.263949392,-1.5330515269,-1.508052505,-0.0410833978,3.0884131269,-2.0514926443,0.0224022377,0.0323880303
1.3609338394,0.2639370961,-1.534506464,-1.5085312658,-0.0411740854,3.088496996,-2.0514182027,0.0224022377,0.0323880303
1.3624399554,0.2639253901,-1.5359592664,-1.509009177,-0.0412634628,3.0885806679,-2.0513447796,0.0224022377,0.0323880303
1.3639436039,0.2639142602,-1.5374097654,-1.5094861877,-0.0413515498,3.088664135,-2.0512723602,0.0224022377,0.0323880303
1.365444612,0.2639036933,-1.5388577917,-1.5099622468,-0.0414383655,3.0887473897,-2.0512009304,0.0224022377,0.0323880303
1.3669428067,0.2638936763,-1.5403031766,-1.510437303,-0.0415239286,3.0888304242,-2.0511304765,0.0224022377,0.0323880303
1.3684380153,0.2638841967,-1.5417457512,-1.510911305,-0.041608257,3.0889132309,-2.051060985,0.0224022377,0.0323880303
1.3699300653,0.263875242,-1.5431853473,-1.5113842015,-0.0416913683,3.0889958019,-2.0509924433,0.0224022377,0.0323880303
1.3714187846,0.2638668002,-1.5446217968,-1.5118559412,-0.0417732793,3.0890781296,-2.0509248388,0.0224022377,0.0323880303
1.3729040012,0.2638588594,-1.5460549317,-1.5123264728,-0.0418540064,3.0891602061,-2.0508581593,0.0224022377,0.0323880303
1.3743855429,0.2638514082,-1.5474845843,-1.5127957449,-0.0419335657,3.0892420235,-2.0507923932,0.0224022377,0.0323880303
1.3758632379,0.263844435,-1.5489105868,-1.5132637058,-0.0420119726,3.0893235739,-2.0507275291,0.0224022377,0.0323880303
1.3773369142,0.263837929,-1.5503327715,-1.5137303041,-0.0420892419,3.0894048495,-2.050663556,0.0224022377,0.0323880303
1.3788063997,0.2638318792,-1.5517509707,-1.5141954881,-0.0421653884,3.0894858423,-2.0506004633,0.0224022377,0.0323880303
1.3802715227,0.2638262749,-1.553165017,-1.514659206,-0.042240426,3.0895665442,-2.0505382406,0.0224022377,0.0323880303
1.3817321113,0.2638211059,-1.5545747429,-1.5151214062,-0.0423143684,3.0896469472,-2.050476878,0.0224022377,0.0323880303
1.3831879937,0.2638163618,-1.5559799809,-1.5155820369,-0.042387229,3.0897270433,-2.0504163656,0.0224022377,0.0323880303
1.3846389982,0.2638120328,-1.557380564,-1.5160410462,-0.0424590205,3.0898068244,-2.0503566943,0.0224022377,0.0323880303
1.3860849532,0.2638081089,-1.5587763249,-1.5164983821,-0.0425297555,3.0898862824,-2.0502978547,0.0224022377,0.0323880303
1.387525687,0.2638045805,-1.5601670964,-1.5169539929,-0.0425994462,3.0899654091,-2.0502398381,0.0224022377,0.0323880303
1.3889610282,0.2638014383,-1.5615527118,-1.5174078264,-0.0426681043,3.0900441964,-2.0501826359,0.0224022377,0.0323880303
1.3903908053,0.2637986729,-1.5629330039,-1.5178598307,-0.0427357412,3.0901226361,-2.0501262399,0.0224022377,0.0323880303
1.3918148468,0.2637962752,-1.564307806,-1.5183099538,-0.0428023681,3.09020072,-2.0500706419,0.0224022377,0.0323880303
1.3932329813,0.2637942364,-1.5656769513,-1.5187581436,-0.0428679957,3.0902784398,-2.0500158342,0.0224022377,0.0323880303
1.3946450374,0.2637925477,-1.5670402729,-1.5192043479,-0.0429326345,3.0903557873,-2.0499618093,0.0224022377,0.0323880303
1.3960508437,0.2637912005,-1.5683976043,-1.5196485145,-0.0429962946,3.0904327542,-2.0499085598,0.0224022377,0.0323880303
1.3974502294,0.2637901862,-1.5697487792,-1.5200905914,-0.0430589859,3.0905093323,-2.0498560786,0.0224022377,0.0323880303
1.3988430243,0.2637894967,-1.5710936321,-1.5205305267,-0.0431207182,3.0905855132,-2.0498043587,0.0224022377,0.0323880303
1.4002290591,0.2637891235,-1.5724319983,-1.5209682688,-0.0431815009,3.0906612888,-2.0497533933,0.0224022377,0.0323880303
1.4016081647,0.2637890586,-1.5737637136,-1.521403766,-0.0432413433,3.0907366509,-2.0497031756,0.0224022377,0.0323880303
1.4029801708,0.263789294,-1.5750886122,-1.5218369663,-0.0433002545,3.090811591,-2.0496536993,0.0224022377,0.0323880303
1.4043449041,0.2637898218,-1.5764065257,-1.5222678168,-0.0433582432,3.0908861008,-2.049604958,0.0224022377,0.0323880303
1.4057021888,0.2637906341,-1.5777172834,-1.5226962635,-0.0434153179,3.0909601715,-2.0495569459,0.0224022377,0.0323880303
1.4070518475,0.2637917233,-1.5790207127,-1.5231222521,-0.0434714867,3.0910337945,-2.049509657,0.0224022377,0.0323880303
1.4083937087,0.2637930815,-1.5803166471,-1.5235457301,-0.0435267579,3.0911069613,-2.0494630855,0.0224022377,0.0323880303
1.4097276108,0.2637947013,-1.5816049295,-1.523966648,-0.0435811403,3.0911796639,-2.0494172251,0.0224022377,0.0323880303
1.4110534022,0.2637965749,-1.5828854125,-1.5243849597,-0.0436346431,3.0912518951,-2.0493720691,0.0224022377,0.0323880303
1.4123709425,0.2637986947,-1.5841579593,-1.5248006222,-0.0436872757,3.0913236481,-2.0493276106,0.0224022377,0.0323880303
1.4136801131,0.2638010531,-1.5854224544,-1.5252135997,-0.0437390488,3.0913949173,-2.0492838418,0.0224022377,0.0323880303
1.4149808227,0.2638036427,-1.5866788087,-1.5256238649,-0.0437899737,3.0914656985,-2.049240754,0.0224022377,0.0323880303
1.4162730073,0.2638064559,-1.5879269595,-1.5260313991,-0.0438400634,3.0915359893,-2.0491983376,0.0224022377,0.0323880303
1.4175566294,0.2638094853,-1.5891668693,-1.526436192,-0.0438893314,3.0916057884,-2.049156582,0.0224022377,0.0323880303
1.4188316675,0.2638127235,-1.5903985165,-1.5268382383,-0.043937792,3.0916750956,-2.0491154764,0.0224022377,0.0323880303
1.4200981097,0.2638161633,-1.5916218887,-1.5272375355,-0.0439854595,3.0917439109,-2.0490750098,0.0224022377,0.0323880303
1.4213559541,0.2638197978,-1.5928369831,-1.5276340845,-0.0440323484,3.0918122352,-2.0490351708,0.0224022377,0.0323880303
1.422605208,0.26382362,-1.5940438057,-1.5280278889,-0.0440784732,3.0918800696,-2.0489959483,0.0224022377,0.0323880303
1.4238458819,0.2638276233,-1.5952423659,-1.5284189533,-0.0441238481,3.0919474156,-2.0489573312,0.0224022377,0.0323880303
1.4250779836,0.2638318011,-1.5964326703,-1.5288072815,-0.0441684872,3.0920142742,-2.0489193087,0.0224022377,0.0323880303
1.4263015184,0.263836147,-1.5976147233,-1.5291928764,-0.0442124037,3.0920806465,-2.0488818704,0.0224022377,0.0323880303
1.4275164889,0.2638406548,-1.5987885264,-1.5295757399,-0.0442556108,3.0921465334,-2.0488450062,0.0224022377,0.0323880303
1.4287228961,0.2638453184,-1.5999540799,-1.5299558736,-0.044298121,3.0922119356,-2.0488087064,0.0224022377,0.0323880303
1.4299207415,0.2638501319,-1.6011113843,-1.5303332789,-0.0443399467,3.0922768538,-2.0487729613,0.0224022377,0.0323880303
1.4311100269,0.2638550896,-1.6022604409,-1.5307079577,-0.0443810999,3.092341289,-2.0487377617,0.0224022377,0.0323880303
1.432290755,0.2638601857,-1.6034012512,-1.5310799117,-0.0444215926,3.0924052417,-2.0487030983,0.0224022377,0.0323880303
1.4334629287,0.2638654148,-1.6045338176,-1.531449143,-0.0444614362,3.0924687129,-2.0486689622,0.0224022377,0.0323880303
1.4346265511,0.2638707714,-1.6056581422,-1.5318156534,-0.0445006421,3.0925317033,-2.0486353445,0.0224022377,0.0323880303
1.4357816248,0.2638762503,-1.6067742269,-1.5321794449,-0.0445392215,3.0925942136,-2.0486022368,0.0224022377,0.0323880303
1.4369281525,0.2638818464,-1.6078820735,-1.5325405191,-0.0445771849,3.0926562446,-2.0485696306,0.0224022377,0.0323880303
1.4380661362,0.2638875546,-1.6089816835,-1.5328988777,-0.0446145431,3.0927177969,-2.0485375177,0.0224022377,0.0323880303
1.4391955783,0.26389337,-1.6100730584,-1.5332545222,-0.0446513063,3.0927788713,-2.0485058903,0.0224022377,0.0323880303
1.4403164809,0.2638992879,-1.6111561997,-1.5336074542,-0.0446874845,3.0928394683,-2.0484747404,0.0224022377,0.0323880303
1.4414288461,0.2639053035,-1.6122311088,-1.5339576752,-0.0447230877,3.0928995887,-2.0484440605,0.0224022377,0.0323880303
1.442532676,0.2639114122,-1.6132977872,-1.5343051867,-0.0447581253,3.092959233,-2.048413843,0.0224022377,0.0323880303
1.4436279728,0.2639176097,-1.6143562364,-1.5346499901,-0.0447926069,3.0930184019,-2.0483840808,0.0224022377,0.0323880303
1.4447147385,0.2639238915,-1.6154064579,-1.5349920869,-0.0448265415,3.0930770959,-2.0483547666,0.0224022377,0.0323880303
1.4457929753,0.2639302534,-1.616448453,-1.5353314786,-0.0448599383,3.0931353157,-2.0483258935,0.0224022377,0.0323880303
1.4468626851,0.2639366912,-1.6174822232,-1.5356681663,-0.0448928059,3.0931930617,-2.0482974547,0.0224022377,0.0323880303
1.4479238698,0.2639432008,-1.6185077698,-1.5360021515,-0.0449251529,3.0932503347,-2.0482694434,0.0224022377,0.0323880303
1.4489765314,0.2639497783,-1.6195250942,-1.5363334354,-0.0449569878,3.093307135,-2.0482418533,0.0224022377,0.0323880303
1.4500206716,0.2639564197,-1.6205341976,-1.5366620194,-0.0449883186,3.0933634633,-2.048214678,0.0224022377,0.0323880303
1.4510562923,0.2639631213,-1.6215350812,-1.5369879045,-0.0450191536,3.09341932,-2.0481879112,0.0224022377,0.0323880303
1.4520833952,0.2639698793,-1.6225277463,-1.5373110921,-0.0450495004,3.0934747057,-2.0481615467,0.0224022377,0.0323880303
1.453101982,0.2639766901,-1.6235121942,-1.5376315832,-0.0450793667,3.0935296208,-2.0481355788,0.0224022377,0.0323880303
1.4541120544,0.2639835501,-1.6244884259,-1.537949379,-0.0451087601,3.0935840659,-2.0481100015,0.0224022377,0.0323880303
1.4551136141,0.263990456,-1.6254564426,-1.5382644806,-0.0451376879,3.0936380413,-2.0480848093,0.0224022377,0.0323880303
1.4561066625,0.2639974042,-1.6264162454,-1.5385768891,-0.0451661572,3.0936915476,-2.0480599964,0.0224022377,0.0323880303
1.4570912013,0.2640043915,-1.6273678354,-1.5388866054,-0.045194175,3.0937445851,-2.0480355574,0.0224022377,0.0323880303
1.4580672319,0.2640114146,-1.6283112135,-1.5391936307,-0.0452217482,3.0937971544,-2.0480114872,0.0224022377,0.0323880303
1.4590347558,0.2640184704,-1.6292463807,-1.5394979658,-0.0452488835,3.0938492558,-2.0479877803,0.0224022377,0.0323880303
1.4599937742,0.2640255557,-1.6301733381,-1.5397996118,-0.0452755874,3.0939008897,-2.0479644318,0.0224022377,0.0323880303
1.4609442885,0.2640326675,-1.6310920864,-1.5400985695,-0.0453018663,3.0939520566,-2.0479414367,0.0224022377,0.0323880303
1.4618863,0.2640398029,-1.6320026265,-1.5403948398,-0.0453277266,3.0940027567,-2.0479187901,0.0224022377,0.0323880303
1.4628198098,0.2640469589,-1.6329049593,-1.5406884236,-0.0453531743,3.0940529906,-2.0478964872,0.0224022377,0.0323880303
1.4637448192,0.2640541328,-1.6337990854,-1.5409793217,-0.0453782155,3.0941027586,-2.0478745233,0.0224022377,0.0323880303
1.4646613292,0.2640613216,-1.6346850056,-1.5412675349,-0.045402856,3.094152061,-2.047852894,0.0224022377,0.0323880303
1.4655693408,0.2640685228,-1.6355627205,-1.5415530639,-0.0454271015,3.0942008981,-2.0478315947,0.0224022377,0.0323880303
1.466468855,0.2640757336,-1.6364322308,-1.5418359095,-0.0454509577,3.0942492704,-2.0478106211,0.0224022377,0.0323880303
1.4673598726,0.2640829515,-1.6372935369,-1.5421160723,-0.0454744301,3.0942971781,-2.0477899689,0.0224022377,0.0323880303
1.4682423946,0.2640901739,-1.6381466394,-1.5423935532,-0.045497524,3.0943446215,-2.047769634,0.0224022377,0.0323880303
1.4691164216,0.2640973983,-1.6389915386,-1.5426683525,-0.0455202447,3.0943916009,-2.0477496122,0.0224022377,0.0323880303
1.4699819543,0.2641046222,-1.639828235,-1.5429404711,-0.0455425974,3.0944381167,-2.0477298995,0.0224022377,0.0323880303
1.4708389934,0.2641118434,-1.6406567289,-1.5432099095,-0.045564587,3.0944841692,-2.0477104921,0.0224022377,0.0323880303
1.4716875395,0.2641190594,-1.6414770204,-1.5434766681,-0.0455862186,3.0945297585,-2.0476913861,0.0224022377,0.0323880303
1.4725275929,0.264126268,-1.6422891098,-1.5437407475,-0.0456074969,3.094574885,-2.0476725777,0.0224022377,0.0323880303
1.4733591542,0.2641334669,-1.6430929972,-1.5440021483,-0.0456284267,3.0946195489,-2.0476540632,0.0224022377,0.0323880303
1.4741822235,0.264140654,-1.6438886826,-1.5442608707,-0.0456490125,3.0946637505,-2.0476358392,0.0224022377,0.0323880303
1.4749968011,0.264147827,-1.644676166,-1.5445169153,-0.045669259,3.0947074899,-2.047617902,0.0224022377,0.0323880303
1.4758028873,0.2641549839,-1.6454554473,-1.5447702823,-0.0456891706,3.0947507676,-2.0476002482,0.0224022377,0.0323880303
1.4766004821,0.2641621226,-1.6462265263,-1.5450209722,-0.0457087515,3.0947935835,-2.0475828744,0.0224022377,0.0323880303
1.4773895854,0.2641692411,-1.6469894028,-1.5452689853,-0.0457280061,3.0948359381,-2.0475657774,0.0224022377,0.0323880303
1.4781701971,0.2641763375,-1.6477440764,-1.5455143218,-0.0457469384,3.0948778314,-2.0475489539,0.0224022377,0.0323880303
1.4789423171,0.2641834097,-1.6484905466,-1.5457569819,-0.0457655527,3.0949192636,-2.0475324007,0.0224022377,0.0323880303
1.4797059452,0.2641904559,-1.6492288131,-1.5459969659,-0.0457838527,3.094960235,-2.0475161147,0.0224022377,0.0323880303
1.4804610808,0.2641974742,-1.6499588751,-1.5462342739,-0.0458018426,3.0950007457,-2.047500093,0.0224022377,0.0323880303
1.4812077236,0.2642044628,-1.6506807321,-1.546468906,-0.045819526,3.0950407958,-2.0474843324,0.0224022377,0.0323880303
1.4819458729,0.2642114199,-1.6513943833,-1.5467008624,-0.0458369068,3.0950803856,-2.0474688302,0.0224022377,0.0323880303
1.4826755282,0.2642183437,-1.6520998277,-1.5469301431,-0.0458539886,3.0951195151,-2.0474535835,0.0224022377,0.0323880303
1.4833966886,0.2642252326,-1.6527970645,-1.547156748,-0.045870775,3.0951581846,-2.0474385894,0.0224022377,0.0323880303
1.4841093532,0.2642320847,-1.6534860927,-1.5473806772,-0.0458872695,3.095196394,-2.0474238452,0.0224022377,0.0323880303
1.4848135211,0.2642388986,-1.6541669109,-1.5476019307,-0.0459034756,3.0952341437,-2.0474093483,0.0224022377,0.0323880303
1.4855091911,0.2642456725,-1.654839518,-1.5478205082,-0.0459193967,3.0952714335,-2.047395096,0.0224022377,0.0323880303
1.4861963621,0.2642524048,-1.6555039126,-1.5480364097,-0.045935036,3.0953082637,-2.0473810857,0.0224022377,0.0323880303
1.4868750326,0.264259094,-1.6561600933,-1.5482496349,-0.0459503969,3.0953446343,-2.0473673149,0.0224022377,0.0323880303
1.4875452013,0.2642657386,-1.6568080584,-1.5484601836,-0.0459654824,3.0953805454,-2.0473537812,0.0224022377,0.0323880303
1.4882068665,0.2642723369,-1.6574478062,-1.5486680556,-0.0459802958,3.0954159972,-2.0473404822,0.0224022377,0.0323880303
1.4888600266,0.2642788877,-1.6580793349,-1.5488732505,-0.0459948401,3.0954509895,-2.0473274153,0.0224022377,0.0323880303
1.4895046796,0.2642853893,-1.6587026425,-1.5490757679,-0.0460091182,3.0954855225,-2.0473145784,0.0224022377,0.0323880303
1.4901408236,0.2642918403,-1.6593177269,-1.5492756074,-0.0460231331,3.0955195962,-2.0473019692,0.0224022377,0.0323880303
1.4907684564,0.2642982394,-1.659924586,-1.5494727686,-0.0460368878,3.0955532107,-2.0472895854,0.0224022377,0.0323880303
1.4913875758,0.2643045852,-1.6605232172,-1.5496672509,-0.0460503849,3.0955863659,-2.0472774247,0.0224022377,0.0323880303
1.4919981793,0.2643108763,-1.6611136182,-1.5498590537,-0.0460636273,3.0956190619,-2.0472654852,0.0224022377,0.0323880303
1.4926002643,0.2643171113,-1.6616957862,-1.5500481764,-0.0460766177,3.0956512986,-2.0472537646,0.0224022377,0.0323880303
1.4931938281,0.264323289,-1.6622697185,-1.5502346184,-0.0460893588,3.095683076,-2.0472422609,0.0224022377,0.0323880303
1.4937788677,0.2643294081,-1.6628354119,-1.5504183789,-0.0461018531,3.0957143942,-2.0472309722,0.0224022377,0.0323880303
1.49435538,0.2643354672,-1.6633928634,-1.550599457,-0.0461141032,3.095745253,-2.0472198963,0.0224022377,0.0323880303
1.4949233617,0.2643414652,-1.6639420697,-1.5507778519,-0.0461261117,3.0957756524,-2.0472090314,0.0224022377,0.0323880303
1.4954828093,0.2643474008,-1.6644830272,-1.5509535628,-0.0461378809,3.0958055923,-2.0471983755,0.0224022377,0.0323880303
1.4960337191,0.2643532727,-1.6650157321,-1.5511265885,-0.0461494133,3.0958350727,-2.0471879269,0.0224022377,0.0323880303
1.4965760871,0.2643590799,-1.6655401806,-1.551296928,-0.0461607113,3.0958640935,-2.0471776836,0.0224022377,0.0323880303
1.4971099093,0.264364821,-1.6660563685,-1.5514645803,-0.0461717771,3.0958926545,-2.0471676438,0.0224022377,0.0323880303
1.4976351812,0.264370495,-1.6665642915,-1.5516295439,-0.0461826131,3.0959207556,-2.0471578059,0.0224022377,0.0323880303
1.4981518983,0.2643761006,-1.667063945,-1.5517918177,-0.0461932215,3.0959483968,-2.0471481681,0.0224022377,0.0323880303
1.4986600556,0.2643816368,-1.667555324,-1.5519514003,-0.0462036044,3.0959755777,-2.0471387286,0.0224022377,0.0323880303
1.4991596479,0.2643871025,-1.6680384235,-1.5521082902,-0.046213764,3.0960022984,-2.0471294859,0.0224022377,0.0323880303
1.4996506699,0.2643924965,-1.6685132381,-1.5522624858,-0.0462237024,3.0960285585,-2.0471204384,0.0224022377,0.0323880303
1.5001331158,0.2643978177,-1.6689797621,-1.5524139854,-0.0462334217,3.0960543578,-2.0471115843,0.0224022377,0.0323880303
1.5006069794,0.2644030651,-1.6694379894,-1.5525627873,-0.0462429238,3.0960796963,-2.0471029222,0.0224022377,0.0323880303
1.5010722543,0.2644082375,-1.6698879138,-1.5527088896,-0.0462522108,3.0961045735,-2.0470944506,0.0224022377,0.0323880303
1.5015289337,0.2644133341,-1.6703295286,-1.5528522903,-0.0462612847,3.0961289892,-2.0470861679,0.0224022377,0.0323880303
1.5019770105,0.2644183536,-1.6707628266,-1.5529929872,-0.0462701472,3.0961529432,-2.0470780727,0.0224022377,0.0323880303
1.5024164769,0.264423295,-1.6711878004,-1.5531309782,-0.0462788003,3.0961764351,-2.0470701636,0.0224022377,0.0323880303
1.5028473249,0.2644281574,-1.671604442,-1.5532662606,-0.0462872458,3.0961994646,-2.0470624392,0.0224022377,0.0323880303
1.503269546,0.2644329397,-1.6720127431,-1.5533988321,-0.0462954855,3.0962220313,-2.047054898,0.0224022377,0.0323880303
1.5036831309,0.264437641,-1.6724126947,-1.5535286898,-0.0463035211,3.0962441348,-2.0470475387,0.0224022377,0.0323880303
1.5040880699,0.26444226,-1.6728042873,-1.5536558309,-0.0463113544,3.0962657747,-2.0470403601,0.0224022377,0.0323880303
1.5044843529,0.264446796,-1.6731875108,-1.5537802521,-0.046318987,3.0962869506,-2.0470333609,0.0224022377,0.0323880303
1.5048719687,0.2644512479,-1.6735623545,-1.5539019502,-0.0463264206,3.0963076618,-2.0470265397,0.0224022377,0.0323880303
1.5052509056,0.2644556146,-1.673928807,-1.5540209216,-0.0463336568,3.0963279079,-2.0470198954,0.0224022377,0.0323880303
1.505621151,0.2644598953,-1.6742868559,-1.5541371625,-0.0463406971,3.0963476883,-2.0470134269,0.0224022377,0.0323880303
1.5059826913,0.2644640888,-1.6746364881,-1.5542506686,-0.0463475431,3.0963670024,-2.0470071328,0.0224022377,0.0323880303
1.5063355122,0.2644681942,-1.6749776894,-1.5543614356,-0.0463541963,3.0963858493,-2.0470010122,0.0224022377,0.0323880303
1.5066795978,0.2644722105,-1.6753104446,-1.5544694586,-0.0463606581,3.0964042285,-2.0469950639,0.0224022377,0.0323880303
1.5070149313,0.2644761367,-1.6756347372,-1.5545747325,-0.0463669299,3.0964221391,-2.0469892869,0.0224022377,0.0323880303
1.5073414942,0.2644799717,-1.6759505493,-1.5546772515,-0.0463730132,3.0964395801,-2.0469836801,0.0224022377,0.0323880303
1.5076592665,0.2644837146,-1.6762578615,-1.5547770095,-0.0463789092,3.0964565505,-2.0469782425,0.0224022377,0.0323880303
1.5079682262,0.2644873642,-1.6765566523,-1.5548739996,-0.0463846192,3.0964730494,-2.0469729733,0.0224022377,0.0323880303
1.5082683492,0.2644909194,-1.6768468984,-1.5549682144,-0.0463901444,3.0964890753,-2.0469678715,0.0224022377,0.0323880303
1.5085596088,0.2644943793,-1.6771285739,-1.5550596456,-0.0463954861,3.0965046271,-2.0469629363,0.0224022377,0.0323880303
1.5088419754,0.2644977426,-1.67740165,-1.5551482841,-0.0464006454,3.0965197032,-2.0469581668,0.0224022377,0.0323880303
1.5091154157,0.2645010081,-1.6776660945,-1.5552341194,-0.0464056233,3.0965343019,-2.0469535624,0.0224022377,0.0323880303
1.5093798922,0.2645041747,-1.6779218711,-1.5553171399,-0.0464104209,3.0965484212,-2.0469491223,0.0224022377,0.0323880303
1.5096353641,0.264507241,-1.67816894,-1.5553973329,-0.046415039,3.0965620591,-2.0469448459,0.0224022377,0.0323880303
1.5098817872,0.2645102058,-1.6784072587,-1.5554746846,-0.0464194786,3.0965752133,-2.0469407327,0.0224022377,0.0323880303
1.5101191232,0.2645130677,-1.6786367898,-1.5555491831,-0.0464237406,3.0965878819,-2.0469367819,0.0224022377,0.0323880303
1.5103474152,0.2645158266,-1.6788575749,-1.555620842,-0.0464278274,3.096600067,-2.0469329917,0.0224022377,0.0323880303
1.5105668157,0.2645184837,-1.6790697617,-1.5556897092,-0.0464317427,3.0966117771,-2.0469293587,0.0224022377,0.0323880303
1.510777499,0.2645210408,-1.6792735184,-1.5557558395,-0.0464354908,3.0966230214,-2.0469258791,0.0224022377,0.0323880303
1.5109796368,0.2645234995,-1.6794690112,-1.5558192869,-0.0464390756,3.0966338091,-2.0469225495,0.0224022377,0.0323880303
1.5111734009,0.2645258613,-1.6796564061,-1.5558801053,-0.0464425013,3.0966441494,-2.0469193661,0.0224022377,0.0323880303
1.5113589633,0.2645281279,-1.6798358694,-1.5559383487,-0.0464457717,3.0966540516,-2.0469163254,0.0224022377,0.0323880303
1.511536496,0.2645303011,-1.6800075676,-1.5559940713,-0.0464488909,3.0966635249,-2.0469134239,0.0224022377,0.0323880303
1.5117061714,0.2645323823,-1.6801716671,-1.5560473272,-0.0464518628,3.0966725785,-2.046910658,0.0224022377,0.0323880303
1.5118681619,0.2645343735,-1.6803283347,-1.5560981706,-0.0464546913,3.0966812216,-2.0469080243,0.0224022377,0.0323880303
1.5120226401,0.2645362762,-1.6804777373,-1.5561466556,-0.0464573802,3.0966894636,-2.0469055192,0.0224022377,0.0323880303
1.5121697788,0.2645380923,-1.680620042,-1.5561928365,-0.0464599334,3.0966973136,-2.0469031394,0.0224022377,0.0323880303
1.5123097509,0.2645398235,-1.6807554159,-1.5562367677,-0.0464623547,3.096704781,-2.0469008814,0.0224022377,0.0323880303
1.5124427296,0.2645414715,-1.6808840265,-1.5562785036,-0.0464646479,3.0967118749,-2.0468987418,0.0224022377,0.0323880303
1.5125688882,0.2645430382,-1.6810060414,-1.5563180986,-0.0464668166,3.0967186047,-2.0468967172,0.0224022377,0.0323880303
1.5126884003,0.2645445253,-1.6811216285,-1.5563556072,-0.0464688647,3.0967249797,-2.0468948043,0.0224022377,0.0323880303
1.5128014397,0.2645459348,-1.6812309557,-1.5563910841,-0.0464707958,3.0967310092,-2.0468929997,0.0224022377,0.0323880303
1.5129081804,0.2645472684,-1.6813341915,-1.5564245838,-0.0464726136,3.0967367024,-2.0468913001,0.0224022377,0.0323880303
1.5130087968,0.264548528,-1.6814315043,-1.5564561612,-0.0464743218,3.0967420688,-2.0468897023,0.0224022377,0.0323880303
1.5131034635,0.2645497155,-1.6815230629,-1.556485871,-0.0464759238,3.0967471176,-2.0468882028,0.0224022377,0.0323880303
1.5131923552,0.2645508328,-1.6816090365,-1.5565137681,-0.0464774234,3.0967518582,-2.0468867986,0.0224022377,0.0323880303
1.5132756472,0.2645518817,-1.6816895944,-1.5565399077,-0.046478824,3.0967562999,-2.0468854863,0.0224022377,0.0323880303
1.5133535149,0.2645528644,-1.6817649062,-1.5565643447,-0.0464801293,3.0967604523,-2.0468842627,0.0224022377,0.0323880303
1.5134261342,0.2645537826,-1.6818351422,-1.5565871344,-0.0464813426,3.0967643245,-2.0468831246,0.0224022377,0.0323880303
1.5134936813,0.2645546384,-1.6819004726,-1.5566083321,-0.0464824676,3.0967679262,-2.0468820689,0.0224022377,0.0323880303
1.5135563327,0.2645554337,-1.6819610681,-1.5566279932,-0.0464835077,3.0967712667,-2.0468810923,0.0224022377,0.0323880303
1.5136142656,0.2645561706,-1.6820171001,-1.5566461735,-0.0464844663,3.0967743554,-2.0468801917,0.0224022377,0.0323880303
1.5136676573,0.2645568511,-1.6820687401,-1.5566629284,-0.0464853469,3.0967772019,-2.046879364,0.0224022377,0.0323880303
1.5137166858,0.2645574773,-1.6821161602,-1.5566783141,-0.0464861528,3.0967798157,-2.046878606,0.0224022377,0.0323880303
1.5137615296,0.2645580511,-1.682159533,-1.5566923863,-0.0464868875,3.0967822063,-2.0468779146,0.0224022377,0.0323880303
1.5138023678,0.2645585748,-1.6821990316,-1.5567052015,-0.0464875543,3.0967843832,-2.0468772867,0.0224022377,0.0323880303
1.5138393799,0.2645590504,-1.6822348299,-1.5567168159,-0.0464881566,3.0967863561,-2.0468767193,0.0224022377,0.0323880303
1.5138727465,0.2645594799,-1.6822671022,-1.5567272863,-0.0464886977,3.0967881346,-2.0468762092,0.0224022377,0.0323880303
1.5139026484,0.2645598657,-1.6822960236,-1.5567366693,-0.0464891809,3.0967897284,-2.0468757534,0.0224022377,0.0323880303
1.5139292675,0.2645602099,-1.68232177,-1.5567450222,-0.0464896095,3.0967911471,-2.0468753488,0.0224022377,0.0323880303
1.5139527867,0.2645605146,-1.682344518,-1.5567524022,-0.0464899869,3.0967924005,-2.0468749924,0.0224022377,0.0323880303
1.5139733895,0.264560782,-1.6823644455,-1.5567588671,-0.0464903163,3.0967934985,-2.0468746812,0.0224022377,0.0323880303
1.5139912608,0.2645610146,-1.6823817309,-1.5567644748,-0.0464906009,3.0967944508,-2.046874412,0.0224022377,0.0323880303
1.5140065865,0.2645612144,-1.6823965543,-1.5567692836,-0.046490844,3.0967952675,-2.0468741819,0.0224022377,0.0323880303
1.5140195539,0.2645613838,-1.6824090967,-1.5567733525,-0.0464910489,3.0967959584,-2.0468739879,0.0224022377,0.0323880303
1.5140303518,0.2645615253,-1.6824195408,-1.5567767406,-0.0464912189,3.0967965338,-2.0468738268,0.0224022377,0.0323880303
1.5140391708,0.2645616411,-1.6824280709,-1.5567795077,-0.0464913571,3.0967970036,-2.0468736957,0.0224022377,0.0323880303
1.5140462034,0.2645617336,-1.6824348731,-1.5567817143,-0.0464914669,3.0967973783,-2.0468735916,0.0224022377,0.0323880303
1.5140516444,0.2645618054,-1.6824401357,-1.5567834215,-0.0464915514,3.0967976682,-2.0468735113,0.0224022377,0.0323880303
1.5140556911,0.2645618589,-1.6824440499,-1.5567846912,-0.046491614,3.0967978837,-2.0468734518,0.0224022377,0.0323880303
1.5140585438,0.2645618968,-1.6824468092,-1.5567855862,-0.0464916579,3.0967980357,-2.04687341,0.0224022377,0.0323880303
1.5140604069,0.2645619215,-1.6824486113,-1.5567861708,-0.0464916864,3.0967981349,-2.0468733829,0.0224022377,0.0323880303
1.5140614886,0.264561936,-1.6824496576,-1.5567865101,-0.0464917028,3.0967981925,-2.0468733672,0.0224022377,0.0323880303
1.5140620009,0.2645619428,-1.6824501531,-1.5567866709,-0.0464917106,3.0967982198,-2.0468733598,0.0224022377,0.0323880303
1.5140621591,0.264561945,-1.6824503061,-1.5567867205,-0.046491713,3.0967982282,-2.0468733575,0.0224022377,0.0323880303
1.5140621728,0.2645619452,-1.6824503194,-1.5567867248,-0.0464917132,3.096798229,-2.0468733573,0.0224022377,0.0323880303
1.5140621703,0.2645619451,-1.6824503169,-1.556786724,-0.0464917131,3.0967982288,-2.0468733574,0.0224022377,0.0323880303
1.5140621703,0.2645619451,-1.6824503169,-1.556786724,-0.0464917131,3.0967982288,-2.0468733574,0.0224022377,0.0323880303
1.5140621703,0.2645619451,-1.6824503169,-1.556786724,-0.0464917131,3.0967982288,-2.0468733574,0.0224022377,0.0323880303
1.5140621703,0.2645619451,-1.6824503169,-1.556786724,-0.0464917131,3.0967982288,-2.0468733574,0.0224022377,0.0323880303
1.5140621703,0.2645619451,-1.6824503169,-1.556786724,-0.0464917131,3.0967982288,-2.0468733574,0.0224022377,0.0323880303
1.5140621703,0.2645619451,-1.6824503169,-1.556786724,-0.0464917131,3.0967982288,-2.0468733574,0.0224022377,0.0323880303
1.5140621703,0.2645619451,-1.6824503169,-1.556786724,-0.0464917131,3.0967982288,-2.0468733574,0.0224022377,0.0323880303
1.5140621703,0.2645619451,-1.6824503169,-1.556786724,-0.0464917131,3.0967982288,-2.0468733574,0.0224022377,0.0323880303
1.5140621703,0.2645619451,-1.6824503169,-1.556786724,-0.0464917131,3.0967982288,-2.0468733574,0.0224022377,0.0323880303
1.5140621703,0.2645619451,-1.6824503169,-1.556786724,-0.0464917131,3.0967982288,-2.0468733574,0.0224022377,0.0323880303
1.5140621703,0.2645619451,-1.6824503169,-1.556786724,-0.0464917131,3.0967982288,-2.0468733574,0.0224022377,0.0323880303
1.5140621703,0.2645619451,-1.6824503169,-1.556786724,-0.0464917131,3.0967982288,-2.0468733574,0.0224022377,0.0323880303
1.5140621703,0.2645619451,-1.6824503169,-1.556786724,-0.0464917131,3.0967982288,-2.0468733574,0.0224022377,0.0323880303
1.5140621703,0.2645619451,-1.6824503169,-1.556786724,-0.0464917131,3.0967982288,-2.0468733574,0.0224022377,0.0323880303
1.5140621703,0.2645619451,-1.6824503169,-1.556786724,-0.0464917131,3.0967982288,-2.0468733574,0.0224022377,0.0323880303
1.5140621703,0.2645619451,-1.6824503169,-1.556786724,-0.0464917131,3.0967982288,-2.0468733574,0.0224022377,0.0323880303
1.5140621703,0.2645619451,-1.6824503169,-1.556786724,-0.0464917131,3.0967982288,-2.0468733574,0.0224022377,0.0323880303
1.5140621703,0.2645619451,-1.6824503169,-1.556786724,-0.0464917131,3.0967982288,-2.0468733574,0.0224022377,0.0323880303
1.5140621703,0.2645619451,-1.6824503169,-1.556786724,-0.0464917131,3.0967982288,-2.0468733574,0.0224022377,0.0323880303
1.5140621703,0.2645619451,-1.6824503169,-1.556786724,-0.0464917131,3.0967982288,-2.0468733574,0.0224022377,0.0323880303
1.5140621703,0.2645619451,-1.6824503169,-1.556786724,-0.0464917131,3.0967982288,-2.0468733574,0.0224022377,0.0323880303
1.5140621703,0.2645619451,-1.6824503169,-1.556786724,-0.0464917131,3.0967982288,-2.0468733574,0.0224022377,0.0323880303
1.5140621703,0.2645619451,-1.6824503169,-1.556786724,-0.0464917131,3.0967982288,-2.0468733574,0.0224022377,0.0323880303
1.5140621703,0.2645619451,-1.6824503169,-1.556786724,-0.0464917131,3.0967982288,-2.0468733574,0.0224022377,0.0323880303
1.5140621703,0.2645619451,-1.6824503169,-1.556786724,-0.0464917131,3.0967982288,-2.0468733574,0.0224022377,0.0323880303
1.5140621703,0.2645619451,-1.6824503169,-1.556786724,-0.0464917131,3.0967982288,-2.0468733574,0.0224022377,0.0323880303
1.5140621703,0.2645619451,-1.6824503169,-1.556786724,-0.0464917131,3.0967982288,-2.0468733574,0.0224022377,0.0323880303
1.5140621703,0.2645619451,-1.6824503169,-1.556786724,-0.0464917131,3.0967982288,-2.0468733574,0.0224022377,0.0323880303
1.5140621703,0.2645619451,-1.6824503169,-1.556786724,-0.0464917131,3.0967982288,-2.0468733574,0.0224022377,0.0323880303
