0.2898380594,1.0783793234,-1.4562876052,-2.2423405169,-2.8859493533,2.5183193069,1.6630256162,0.0210317521,0.0200704844
0.2898380594,1.0783793234,-1.4562876052,-2.2423405169,-2.8859493533,2.5183193069,1.6630256162,0.0210317521,0.0200704844
0.2898380594,1.0783793234,-1.4562876052,-2.2423405169,-2.8859493533,2.5183193069,1.6630256162,0.0210317521,0.0200704844
0.2898380594,1.0783793234,-1.4562876052,-2.2423405169,-2.8859493533,2.5183193069,1.6630256162,0.0210317521,0.0200704844
0.2898380594,1.0783793234,-1.4562876052,-2.2423405169,-2.8859493533,2.5183193069,1.6630256162,0.0210317521,0.0200704844
0.2898380594,1.0783793234,-1.4562876052,-2.2423405169,-2.8859493533,2.5183193069,1.6630256162,0.0210317521,0.0200704844
0.2898380594,1.0783793234,-1.4562876052,-2.2423405169,-2.8859493533,2.5183193069,1.6630256162,0.0210317521,0.0200704844
0.2898380594,1.0783793234,-1.4562876052,-2.2423405169,-2.8859493533,2.5183193069,1.6630256162,0.0210317521,0.0200704844
0.2898380594,1.0783793234,-1.4562876052,-2.2423405169,-2.8859493533,2.5183193069,1.6630256162,0.0210317521,0.0200704844
0.2898380594,1.0783793234,-1.4562876052,-2.2423405169,-2.8859493533,2.5183193069,1.6630256162,0.0210317521,0.0200704844
0.2898380594,1.0783793234,-1.4562876052,-2.2423405169,-2.8859493533,2.5183193069,1.6630256162,0.0210317521,0.0200704844
0.2898380594,1.0783793234,-1.4562876052,-2.2423405169,-2.8859493533,2.5183193069,1.6630256162,0.0210317521,0.0200704844
0.2898380594,1.0783793234,-1.4562876052,-2.2423405169,-2.8859493533,2.5183193069,1.6630256162,0.0210317521,0.0200704844
0.2898380594,1.0783793234,-1.4562876052,-2.2423405169,-2.8859493533,2.5183193069,1.6630256162,0.0210317521,0.0200704844
0.2898380594,1.0783793234,-1.4562876052,-2.2423405169,-2.8859493533,2.5183193069,1.6630256162,0.0210317521,0.0200704844
0.2898380594,1.0783793234,-1.4562876052,-2.2423405169,-2.8859493533,2.5183193069,1.6630256162,0.0210317521,0.0200704844
0.2898380594,1.0783793234,-1.4562876052,-2.2423405169,-2.8859493533,2.5183193069,1.6630256162,0.0210317521,0.0200704844
0.2898380594,1.0783793234,-1.4562876052,-2.2423405169,-2.8859493533,2.5183193069,1.6630256162,0.0210317521,0.0200704844
0.2898380594,1.0783793234,-1.4562876052,-2.2423405169,-2.8859493533,2.5183193069,1.6630256162,0.0210317521,0.0200704844
0.2898380594,1.0783793234,-1.4562876052,-2.2423405169,-2.8859493533,2.5183193069,1.6630256162,0.0210317521,0.0200704844
0.2898380594,1.0783793234,-1.4562876052,-2.2423405169,-2.8859493533,2.5183193069,1.6630256162,0.0210317521,0.0200704844
0.2898380594,1.0783793234,-1.4562876052,-2.2423405169,-2.8859493533,2.5183193069,1.6630256162,0.0210317521,0.0200704844
0.2898380594,1.0783793234,-1.4562876052,-2.2423405169,-2.8859493533,2.5183193069,1.6630256162,0.0210317521,0.0200704844
0.2898380594,1.0783793234,-1.4562876052,-2.2423405169,-2.8859493533,2.5183193069,1.6630256162,0.0210317521,0.0200704844
0.2898380594,1.0783793234,-1.4562876052,-2.2423405169,-2.8859493533,2.5183193069,1.6630256162,0.0210317521,0.0200704844
0.2898380594,1.0783793234,-1.4562876052,-2.2423405169,-2.8859493533,2.5183193069,1.6630256162,0.0210317521,0.0200704844
0.2898380594,1.0783793234,-1.4562876052,-2.2423405169,-2.8859493533,2.5183193069,1.6630256162,0.0210317521,0.0200704844
0.2898380594,1.0783793234,-1.4562876052,-2.2423405169,-2.8859493533,2.5183193069,1.6630256162,0.0210317521,0.0200704844
0.2898380594,1.0783793234,-1.4562876052,-2.2423405169,-2.8859493533,2.5183193069,1.6630256162,0.0210317521,0.0200704844
0.2898380594,1.0783793234,-1.4562876052,-2.2423405169,-2.8859493533,2.5183193069,1.6630256162,0.0210317521,0.0200704844
0.2898380624,1.0783793174,-1.456287612,-2.2423405163,-2.8859493606,2.5183193109,1.6630256156,0.0210317521,0.0200704844
0.2898381101,1.0783792229,-1.4562877193,-2.2423405061,-2.8859494758,2.518319374,1.6630256067,0.0210317521,0.0200704844
0.2898382565,1.0783789338,-1.4562880491,-2.242340475,-2.88594983,2.5183195683,1.6630255805,0.0210317521,0.0200704844
0.2898385617,1.0783783339,-1.4562887362,-2.2423404099,-2.885950568,2.5183199732,1.6630255285,0.0210317521,0.0200704844
0.289839085,1.0783773092,-1.4562899143,-2.2423402981,-2.8859518334,2.5183206679,1.6630254433,0.0210317521,0.0200704844
0.289839887,1.0783757448,-1.4562917193,-2.2423401265,-2.8859537727,2.5183217331,1.6630253185,0.0210317521,0.0200704844
0.2898410293,1.0783735249,-1.4562942899,-2.2423398816,-2.8859565349,2.518323251,1.6630251492,0.0210317521,0.0200704844
0.2898425747,1.0783705336,-1.4562977666,-2.2423395497,-2.8859602713,2.5183253053,1.6630249314,0.0210317521,0.0200704844
0.2898445868,1.0783666541,-1.4563022922,-2.2423391169,-2.8859651356,2.5183279813,1.6630246628,0.0210317521,0.0200704844
0.2898471302,1.0783617698,-1.4563080116,-2.2423385689,-2.8859712841,2.5183313654,1.6630243424,0.0210317521,0.0200704844
0.2898502706,1.0783557635,-1.4563150721,-2.2423378909,-2.8859788755,2.5183355459,1.663023971,0.0210317521,0.0200704844
0.289854075,1.0783485183,-1.4563236233,-2.2423370682,-2.8859880712,2.5183406128,1.6630235512,0.0210317521,0.0200704844
0.2898586114,1.0783399167,-1.4563338175,-2.2423360852,-2.8859990356,2.5183466577,1.6630230877,0.0210317521,0.0200704844
0.2898639494,1.0783298415,-1.4563458099,-2.2423349263,-2.8860119364,2.5183537743,1.6630225874,0.0210317521,0.0200704844
0.2898701594,1.0783181759,-1.4563597581,-2.2423335754,-2.8860269438,2.5183620582,1.66302206,0.0210317521,0.0200704844
0.2898773126,1.0783048054,-1.4563758204,-2.2423320159,-2.8860442291,2.5183716056,1.6630215177,0.0210317521,0.0200704844
0.2898854798,1.078289619,-1.4563941544,-2.2423302315,-2.8860639631,2.5183825127,1.6630209764,0.0210317521,0.0200704844
0.2898947319,1.0782725091,-1.456414918,-2.2423282053,-2.8860863168,2.5183948763,1.663020455,0.0210317521,0.0200704844
0.2899051399,1.0782533721,-1.4564382684,-2.2423259206,-2.8861114608,2.5184087934,1.6630199766,0.0210317521,0.0200704844
0.2899167747,1.0782321084,-1.4564643631,-2.2423233602,-2.8861395662,2.5184243613,1.6630195681,0.0210317521,0.0200704844
0.2899297074,1.0782086232,-1.4564933591,-2.2423205067,-2.8861708039,2.5184416781,1.6630192614,0.0210317521,0.0200704844
0.2899440092,1.0781828265,-1.4565254132,-2.2423173424,-2.8862053448,2.5184608421,1.6630190931,0.0210317521,0.0200704844
0.2899597511,1.0781546342,-1.4565606824,-2.2423138495,-2.8862433601,2.5184819522,1.6630191057,0.0210317521,0.0200704844
0.2899770045,1.0781239678,-1.4565993232,-2.2423100096,-2.886285021,2.5185051081,1.6630193476,0.0210317521,0.0200704844
0.2899958409,1.0780907558,-1.456641492,-2.242305804,-2.8863304989,2.5185304102,1.6630198739,0.0210317521,0.0200704844
0.2900163317,1.0780549339,-1.456687345,-2.2423012136,-2.8863799653,2.5185579594,1.6630207471,0.0210317521,0.0200704844
0.2900385487,1.0780164455,-1.4567370382,-2.242296219,-2.8864335919,2.518587858,1.6630220377,0.0210317521,0.0200704844
0.2900625638,1.0779752427,-1.4567907276,-2.2422908,-2.8864915508,2.5186202087,1.6630238249,0.0210317521,0.0200704844
0.290088449,1.0779312868,-1.456848569,-2.2422849362,-2.8865540144,2.5186551157,1.6630261972,0.0210317521,0.0200704844
0.2901162767,1.0778845487,-1.4569107179,-2.2422786063,-2.8866211553,2.518692684,1.6630292529,0.0210317521,0.0200704844
0.2901461194,1.0778350099,-1.4569773296,-2.2422717885,-2.8866931464,2.5187330201,1.6630331013,0.0210317521,0.0200704844
0.290178038,1.0777826784,-1.4570485334,-2.2422644633,-2.8867701329,2.5187762152,1.6630378569,0.0210317521,0.0200704844
0.290212037,1.0777276442,-1.4571243327,-2.2422566247,-2.8868521233,2.5188222833,1.6630436157,0.0210317521,0.0200704844
0.2902480948,1.0776700319,-1.4572046737,-2.2422482728,-2.8869390639,2.5188712024,1.6630504617,0.0210317521,0.0200704844
0.2902861904,1.0776099639,-1.4572895042,-2.2422394079,-2.8870309027,2.5189229516,1.6630584781,0.0210317521,0.0200704844
0.290326302,1.0775475633,-1.45737877,-2.2422300301,-2.8871275854,2.5189775085,1.6630677474,0.0210317521,0.0200704844
0.2903684078,1.0774829544,-1.4574724167,-2.2422201398,-2.8872290575,2.5190348511,1.6630783526,0.0210317521,0.0200704844
0.2904124872,1.0774162611,-1.4575703923,-2.2422097367,-2.8873352677,2.5190949587,1.6630903791,0.0210317521,0.0200704844
0.2904585206,1.0773476067,-1.4576726478,-2.2421988201,-2.8874461672,2.5191578128,1.6631039132,0.0210317521,0.0200704844
0.2905064886,1.0772771135,-1.4577791339,-2.2421873894,-2.8875617075,2.5192233947,1.6631190408,0.0210317521,0.0200704844
0.2905563706,1.0772049031,-1.457889799,-2.2421754441,-2.8876818372,2.5192916839,1.6631358446,0.0210317521,0.0200704844
0.2906081424,1.0771310963,-1.4580045843,-2.2421629848,-2.8878064968,2.5193626549,1.6631544008,0.0210317521,0.0200704844
0.2906617739,1.0770558124,-1.4581234178,-2.2421500139,-2.8879356123,2.519436273,1.6631747731,0.0210317521,0.0200704844
0.290717224,1.0769791688,-1.4582462049,-2.2421365371,-2.8880690839,2.5195124872,1.6631970046,0.0210317521,0.0200704844
0.2907744354,1.0769012808,-1.4583728166,-2.2421225652,-2.8882067733,2.5195912226,1.6632211078,0.0210317521,0.0200704844
0.2908333373,1.0768222545,-1.4585030953,-2.2421081135,-2.8883485098,2.519672383,1.6632470623,0.0210317521,0.0200704844
0.2908938569,1.0767421758,-1.458636881,-2.242093199,-2.8884941191,2.519755868,1.6632748247,0.0210317521,0.0200704844
0.2909559209,1.0766611079,-1.458774014,-2.2420778395,-2.8886434257,2.5198415748,1.6633043283,0.0210317521,0.0200704844
0.2910194557,1.0765790892,-1.4589143351,-2.2420620545,-2.888796254,2.5199293979,1.6633354818,0.0210317521,0.0200704844
0.291084387,1.0764961332,-1.4590576857,-2.2420458643,-2.8889524271,2.520019229,1.6633681679,0.0210317521,0.0200704844
0.291150637,1.0764122327,-1.4592039009,-2.2420292917,-2.8891117603,2.5201109528,1.6634022436,0.0210317521,0.0200704844
0.2912180888,1.0763274314,-1.4593527293,-2.2420123688,-2.8892739748,2.5202044002,1.6634375462,0.0210317521,0.0200704844
0.2912866123,1.0762417711,-1.459503892,-2.2419951319,-2.8894387608,2.5202993826,1.6634738891,0.0210317521,0.0200704844
0.2913560716,1.0761552815,-1.4596570977,-2.2419776197,-2.889605794,2.520395701,1.6635110625,0.0210317521,0.0200704844
0.2914263308,1.0760679708,-1.4598120571,-2.2419598723,-2.8897747513,2.5204931554,1.6635488363,0.0210317521,0.0200704844
0.2914972528,1.0759798354,-1.4599684792,-2.2419419305,-2.8899453068,2.5205915428,1.6635869665,0.0210317521,0.0200704844
0.2915686997,1.0758908675,-1.4601260708,-2.2419238363,-2.8901171324,2.5206906582,1.6636252037,0.0210317521,0.0200704844
0.2916405343,1.0758010614,-1.460284541,-2.2419056313,-2.890289902,2.5207902981,1.6636633015,0.0210317521,0.0200704844
0.2917126242,1.0757104137,-1.4604436082,-2.2418873559,-2.8904633004,2.5208902657,1.6637010243,0.0210317521,0.0200704844
0.2917848432,1.0756189228,-1.4606030041,-2.2418690488,-2.8906370272,2.520990374,1.6637381491,0.0210317521,0.0200704844
0.2918570715,1.0755265879,-1.460762474,-2.2418507465,-2.8908107974,2.521090445,1.6637744649,0.0210317521,0.0200704844
0.2919291952,1.0754334093,-1.4609217756,-2.2418324836,-2.8909843398,2.5211903101,1.6638097722,0.0210317521,0.0200704844
0.2920011055,1.0753393874,-1.4610806775,-2.2418142936,-2.8911573954,2.5212898076,1.6638438803,0.0210317521,0.0200704844
0.2920726976,1.0752445228,-1.4612389567,-2.2417962083,-2.8913297148,2.5213887825,1.6638766062,0.0210317521,0.0200704844
0.2921438702,1.0751488159,-1.4613963979,-2.2417782585,-2.891501057,2.5214870845,1.6639077723,0.0210317521,0.0200704844
0.292214526,1.0750522645,-1.4615527939,-2.2417604742,-2.8916711899,2.5215845688,1.6639372055,0.0210317521,0.0200704844
0.2922845708,1.0749548629,-1.4617079451,-2.2417428843,-2.8918398898,2.5216810957,1.6639647352,0.0210317521,0.0200704844
0.2923539136,1.074856602,-1.4618616583,-2.241725517,-2.8920069401,2.5217765293,1.6639901927,0.0210317521,0.0200704844
0.2924224659,1.0747574686,-1.4620137459,-2.2417083998,-2.8921721302,2.5218707373,1.6640134096,0.0210317521,0.0200704844
0.2924901412,1.0746574454,-1.462164025,-2.2416915599,-2.8923352544,2.52196359,1.664034217,0.0210317521,0.0200704844
0.2925568548,1.0745565103,-1.4623123169,-2.2416750242,-2.8924961115,2.5220549601,1.6640524448,0.0210317521,0.0200704844
0.2926225233,1.0744546361,-1.4624584459,-2.2416588192,-2.8926545037,2.5221447219,1.6640679199,0.0210317521,0.0200704844
0.2926870648,1.0743517899,-1.4626022398,-2.2416429716,-2.8928102363,2.5222327513,1.6640804664,0.0210317521,0.0200704844
0.2927503982,1.0742479328,-1.4627435286,-2.2416275077,-2.8929631171,2.5223189248,1.6640899036,0.0210317521,0.0200704844
0.2928124435,1.0741430189,-1.4628821447,-2.2416124541,-2.8931129562,2.5224031202,1.664096046,0.0210317521,0.0200704844
0.2928731213,1.0740369948,-1.4630179226,-2.2415978376,-2.8932595656,2.5224852155,1.6640987022,0.0210317521,0.0200704844
0.2929323528,1.0739297996,-1.4631506986,-2.241583685,-2.8934027589,2.5225650889,1.6640976739,0.0210317521,0.0200704844
0.2929900598,1.0738213631,-1.4632803105,-2.2415700235,-2.893542351,2.5226426189,1.6640927552,0.0210317521,0.0200704844
0.2930461644,1.0737116064,-1.4634065977,-2.2415568806,-2.8936781578,2.5227176835,1.6640837317,0.0210317521,0.0200704844
0.293100589,1.0736004403,-1.4635294006,-2.2415442843,-2.8938099963,2.5227901607,1.6640703802,0.0210317521,0.0200704844
0.2931532562,1.0734877655,-1.4636485611,-2.2415322631,-2.8939376842,2.5228599276,1.6640524674,0.0210317521,0.0200704844
0.2932041009,1.0733734557,-1.463763948,-2.2415208429,-2.8940610682,2.5229268774,1.6640297548,0.0210317521,0.0200704844
0.2932531145,1.0732573025,-1.4638755565,-2.2415100362,-2.894180132,2.5229909807,1.6640020236,0.0210317521,0.0200704844
0.293300315,1.0731390633,-1.4639834399,-2.2414998491,-2.8942949226,2.5230522448,1.6639690671,0.0210317521,0.0200704844
0.2933457197,1.0730184972,-1.4640876502,-2.2414902877,-2.894405486,2.5231106763,1.66393068,0.0210317521,0.0200704844
0.2933893474,1.0728953626,-1.4641882424,-2.2414813577,-2.8945118708,2.5231662835,1.6638866581,0.0210317521,0.0200704844
0.2934312169,1.0727694169,-1.4642852717,-2.241473065,-2.8946141263,2.523219075,1.6638367966,0.0210317521,0.0200704844
0.2934713461,1.0726404177,-1.4643787912,-2.2414654157,-2.8947122993,2.5232690577,1.6637808892,0.0210317521,0.0200704844
0.2935097517,1.0725081231,-1.4644688517,-2.2414584165,-2.8948064342,2.5233162372,1.6637187285,0.0210317521,0.0200704844
0.2935464508,1.0723722923,-1.4645555042,-2.241452074,-2.8948965752,2.5233606191,1.6636501076,0.0210317521,0.0200704844
0.2935814615,1.0722326849,-1.4646388025,-2.2414463943,-2.8949827702,2.5234022109,1.663574823,0.0210317521,0.0200704844
0.2936148055,1.0720890617,-1.4647188075,-2.2414413828,-2.8950650745,2.5234410255,1.6634926781,0.0210317521,0.0200704844
0.2936465108,1.0719411847,-1.4647955934,-2.2414370429,-2.8951435591,2.5234770849,1.6634034886,0.0210317521,0.0200704844
0.2936766162,1.0717888178,-1.4648692572,-2.2414333746,-2.8952183198,2.5235104273,1.6633070905,0.0210317521,0.0200704844
0.2937051767,1.0716317271,-1.4649399305,-2.2414303729,-2.8952894916,2.5235411152,1.6632033512,0.0210317521,0.0200704844
0.2937322609,1.0714696877,-1.465007773,-2.2414280281,-2.8953572416,2.5235692322,1.6630921702,0.0210317521,0.0200704844
0.2937579394,1.0713024949,-1.4650729471,-2.2414263292,-2.8954217407,2.5235948661,1.6629734704,0.0210317521,0.0200704844
0.2937822831,1.0711299671,-1.4651356149,-2.2414252638,-2.8954831604,2.5236181069,1.6628471977,0.0210317521,0.0200704844
0.2938053634,1.0709519469,-1.4651959374,-2.2414248186,-2.8955416727,2.5236390475,1.6627133225,0.0210317521,0.0200704844
0.2938272521,1.0707683022,-1.4652540753,-2.2414249786,-2.8955974505,2.5236577833,1.6625718412,0.0210317521,0.0200704844
0.2938480217,1.0705789274,-1.4653101886,-2.2414257276,-2.8956506669,2.5236744128,1.6624227764,0.0210317521,0.0200704844
0.2938677449,1.0703837426,-1.4653644365,-2.2414270482,-2.8957014957,2.5236890367,1.6622661769,0.0210317521,0.0200704844
0.2938864948,1.0701826933,-1.4654169773,-2.2414289215,-2.895750111,2.5237017588,1.6621021169,0.0210317521,0.0200704844
0.2939043448,1.0699757474,-1.4654679684,-2.2414313272,-2.8957966871,2.5237126847,1.6619306932,0.0210317521,0.0200704844
0.2939213685,1.0697628918,-1.4655175664,-2.2414342442,-2.8958413982,2.523721922,1.6617520211,0.0210317521,0.0200704844
0.2939376394,1.0695441265,-1.4655659269,-2.2414376504,-2.8958844181,2.5237295794,1.6615662285,0.0210317521,0.0200704844
0.2939532307,1.069319456,-1.4656132043,-2.2414415234,-2.8959259198,2.5237357654,1.6613734477,0.0210317521,0.0200704844
0.2939682135,1.0690888836,-1.4656595491,-2.2414458411,-2.8959660717,2.5237405859,1.6611738059,0.0210317521,0.0200704844
0.2939826531,1.0688524104,-1.4657050993,-2.241450583,-2.8960050282,2.5237441378,1.6609674181,0.0210317521,0.0200704844
0.2939966076,1.0686100364,-1.4657499775,-2.2414557309,-2.8960429261,2.5237465072,1.6607543848,0.0210317521,0.0200704844
0.2940101271,1.0683617602,-1.4657942896,-2.2414612689,-2.8960798839,2.5237477686,1.6605347922,0.0210317521,0.0200704844
0.2940232547,1.0681075804,-1.4658381264,-2.2414671834,-2.896116003,2.5237479858,1.6603087132,0.0210317521,0.0200704844
0.2940360269,1.067847495,-1.4658815649,-2.2414734626,-2.8961513691,2.5237472129,1.6600762092,0.0210317521,0.0200704844
0.2940484747,1.067581502,-1.46592467,-2.2414800964,-2.8961860548,2.5237454957,1.6598373314,0.0210317521,0.0200704844
0.294060624,1.0673095992,-1.4659674961,-2.2414870765,-2.8962201205,2.5237428727,1.6595921224,0.0210317521,0.0200704844
0.2940724966,1.0670317846,-1.4660100887,-2.2414943956,-2.8962536169,2.5237393762,1.659340617,0.0210317521,0.0200704844
0.2940841106,1.0667480561,-1.4660524852,-2.2415020476,-2.8962865854,2.5237350327,1.6590828441,0.0210317521,0.0200704844
0.2940954809,1.0664584119,-1.4660947164,-2.2415100275,-2.8963190604,2.5237298644,1.6588188266,0.0210317521,0.0200704844
0.2941066197,1.0661628501,-1.4661368072,-2.241518331,-2.8963510691,2.5237238891,1.6585485829,0.0210317521,0.0200704844
0.2941175369,1.0658613688,-1.4661787774,-2.2415269545,-2.8963826334,2.5237171214,1.6582721271,0.0210317521,0.0200704844
0.2941282401,1.0655539664,-1.4662206424,-2.2415358952,-2.8964137702,2.5237095726,1.6579894699,0.0210317521,0.0200704844
0.2941387354,1.0652406412,-1.4662624138,-2.2415451506,-2.896444492,2.5237012515,1.6577006188,0.0210317521,0.0200704844
0.2941490274,1.0649213917,-1.4663040999,-2.2415547189,-2.8964748077,2.5236921646,1.6574055786,0.0210317521,0.0200704844
0.2941591192,1.0645962164,-1.4663457061,-2.2415645985,-2.8965047229,2.5236823164,1.657104352,0.0210317521,0.0200704844
0.2941690127,1.0642651141,-1.4663872351,-2.2415747882,-2.8965342401,2.5236717097,1.6567969394,0.0210317521,0.0200704844
0.2941787087,1.0639280836,-1.4664286871,-2.2415852873,-2.8965633591,2.5236603454,1.6564833394,0.0210317521,0.0200704844
0.2941882072,1.0635851237,-1.4664700604,-2.2415960952,-2.8965920775,2.5236482232,1.6561635489,0.0210317521,0.0200704844
0.2941975071,1.0632362334,-1.4665113511,-2.2416072116,-2.8966203904,2.5236353415,1.6558375631,0.0210317521,0.0200704844
0.2942066066,1.0628814117,-1.4665525539,-2.2416186364,-2.8966482913,2.5236216972,1.6555053762,0.0210317521,0.0200704844
0.2942155034,1.0625206576,-1.4665936618,-2.2416303698,-2.8966757717,2.5236072868,1.6551669807,0.0210317521,0.0200704844
0.2942241944,1.0621539702,-1.4666346663,-2.2416424121,-2.8967028217,2.5235921052,1.6548223682,0.0210317521,0.0200704844
0.2942326761,1.0617813486,-1.466675558,-2.2416547637,-2.8967294299,2.5235761471,1.6544715295,0.0210317521,0.0200704844
0.2942409443,1.061402792,-1.4667163264,-2.2416674251,-2.8967555839,2.5235594061,1.6541144541,0.0210317521,0.0200704844
0.2942489948,1.0610182994,-1.4667569598,-2.2416803971,-2.8967812701,2.5235418754,1.6537511311,0.0210317521,0.0200704844
0.2942568228,1.06062787,-1.466797446,-2.2416936804,-2.8968064739,2.5235235478,1.6533815488,0.0210317521,0.0200704844
0.2942644233,1.060231503,-1.4668377722,-2.2417072757,-2.8968311801,2.5235044154,1.6530056948,0.0210317521,0.0200704844
0.2942717911,1.0598291974,-1.4668779248,-2.2417211841,-2.8968553728,2.5234844702,1.6526235565,0.0210317521,0.0200704844
0.294278921,1.0594209524,-1.4669178901,-2.2417354063,-2.8968790358,2.5234637039,1.6522351207,0.0210317521,0.0200704844
0.2942858075,1.0590067672,-1.4669576539,-2.2417499432,-2.8969021521,2.5234421081,1.651840374,0.0210317521,0.0200704844
0.2942924452,1.0585866408,-1.466997202,-2.2417647958,-2.8969247051,2.5234196742,1.6514393028,0.0210317521,0.0200704844
0.2942988286,1.0581605722,-1.46703652,-2.2417799649,-2.8969466775,2.5233963938,1.6510318934,0.0210317521,0.0200704844
0.2943049526,1.0577285605,-1.4670755939,-2.2417954513,-2.8969680524,2.5233722585,1.6506181321,0.0210317521,0.0200704844
0.2943108118,1.0572906048,-1.4671144094,-2.2418112558,-2.8969888131,2.52334726,1.6501980054,0.0210317521,0.0200704844
0.2943164014,1.0568467039,-1.467152953,-2.241827379,-2.897008943,2.5233213905,1.6497714997,0.0210317521,0.0200704844
0.2943217166,1.0563968568,-1.4671912113,-2.2418438216,-2.897028426,2.5232946424,1.6493386019,0.0210317521,0.0200704844
0.2943267529,1.0559410624,-1.4672291716,-2.2418605841,-2.8970472466,2.5232670083,1.6488992993,0.0210317521,0.0200704844
0.2943315063,1.0554793196,-1.4672668219,-2.2418776668,-2.89706539,2.5232384817,1.6484535795,0.0210317521,0.0200704844
0.2943359732,1.0550116271,-1.4673041509,-2.2418950699,-2.8970828421,2.5232090564,1.6480014306,0.0210317521,0.0200704844
0.2943401504,1.0545379838,-1.467341148,-2.2419127936,-2.89709959,2.523178727,1.6475428417,0.0210317521,0.0200704844
0.2943440351,1.0540583883,-1.467377804,-2.2419308376,-2.8971156215,2.5231474888,1.6470778023,0.0210317521,0.0200704844
0.2943476253,1.0535728395,-1.4674141105,-2.2419492019,-2.8971309258,2.5231153378,1.6466063028,0.0210317521,0.0200704844
0.2943509194,1.0530813358,-1.4674500604,-2.2419678858,-2.8971454935,2.5230822709,1.6461283346,0.0210317521,0.0200704844
0.2943539165,1.052583876,-1.4674856479,-2.2419868887,-2.8971593163,2.5230482861,1.6456438901,0.0210317521,0.0200704844
0.2943566166,1.0520804588,-1.4675208685,-2.2420062098,-2.8971723877,2.5230133822,1.6451529626,0.0210317521,0.0200704844
0.2943590201,1.0515710825,-1.4675557194,-2.2420258478,-2.8971847027,2.5229775592,1.6446555468,0.0210317521,0.0200704844
0.2943611284,1.0510557459,-1.4675901992,-2.2420458015,-2.897196258,2.522940818,1.6441516386,0.0210317521,0.0200704844
0.2943629435,1.0505344475,-1.4676243081,-2.2420660692,-2.8972070521,2.5229031609,1.6436412351,0.0210317521,0.0200704844
0.2943644685,1.0500071858,-1.4676580481,-2.2420866491,-2.8972170854,2.5228645913,1.6431243349,0.0210317521,0.0200704844
0.2943657071,1.0494739594,-1.4676914231,-2.242107539,-2.8972263604,2.5228251139,1.6426009379,0.0210317521,0.0200704844
0.294366664,1.0489347669,-1.4677244384,-2.2421287366,-2.8972348812,2.5227847345,1.6420710456,0.0210317521,0.0200704844
0.2943673446,1.0483896069,-1.4677571015,-2.2421502392,-2.8972426543,2.5227434603,1.641534661,0.0210317521,0.0200704844
0.2943677554,1.0478384781,-1.4677894216,-2.242172044,-2.8972496881,2.5227012999,1.6409917887,0.0210317521,0.0200704844
0.2943679036,1.0472813792,-1.4678214097,-2.2421941477,-2.8972559931,2.5226582629,1.6404424347,0.0210317521,0.0200704844
0.2943677974,1.0467183089,-1.4678530789,-2.2422165471,-2.8972615818,2.5226143604,1.6398866069,0.0210317521,0.0200704844
0.2943674458,1.0461492661,-1.4678844438,-2.2422392383,-2.8972664689,2.5225696048,1.6393243145,0.0210317521,0.0200704844
0.2943668584,1.0455742499,-1.4679155209,-2.2422622175,-2.8972706709,2.5225240094,1.6387555685,0.0210317521,0.0200704844
0.2943660459,1.0449932593,-1.4679463284,-2.2422854806,-2.8972742063,2.5224775891,1.6381803812,0.0210317521,0.0200704844
0.2943650195,1.0444062936,-1.4679768861,-2.2423090233,-2.8972770955,2.5224303595,1.6375987667,0.0210317521,0.0200704844
0.2943637911,1.0438133522,-1.4680072154,-2.242332841,-2.8972793606,2.5223823375,1.6370107403,0.0210317521,0.0200704844
0.2943623735,1.0432144347,-1.468037339,-2.2423569291,-2.8972810252,2.5223335408,1.6364163189,0.0210317521,0.0200704844
0.2943607796,1.0426095407,-1.4680672808,-2.2423812828,-2.8972821146,2.5222839881,1.6358155203,0.0210317521,0.0200704844
0.2943590232,1.0419986701,-1.4680970663,-2.242405897,-2.8972826555,2.5222336987,1.6352083639,0.0210317521,0.0200704844
0.2943571184,1.0413818229,-1.4681267216,-2.2424307667,-2.8972826758,2.522182693,1.63459487,0.0210317521,0.0200704844
0.2943550797,1.0407589993,-1.4681562743,-2.2424558867,-2.8972822047,2.5221309916,1.63397506,0.0210317521,0.0200704844
0.2943529219,1.0401301996,-1.4681857524,-2.2424812518,-2.8972812723,2.5220786158,1.6333489562,0.0210317521,0.0200704844
0.2943506602,1.0394954242,-1.468215185,-2.2425068565,-2.8972799099,2.5220255877,1.6327165818,0.0210317521,0.0200704844
0.29434831,1.0388546737,-1.4682446018,-2.2425326957,-2.8972781493,2.5219719292,1.6320779608,0.0210317521,0.0200704844
0.2943458867,1.0382079488,-1.4682740328,-2.2425587639,-2.8972760232,2.521917663,1.6314331176,0.0210317521,0.0200704844
0.294343406,1.0375552504,-1.4683035085,-2.2425850557,-2.8972735646,2.5218628117,1.6307820774,0.0210317521,0.0200704844
0.2943408834,1.0368965795,-1.4683330597,-2.2426115658,-2.8972708072,2.5218073982,1.6301248657,0.0210317521,0.0200704844
0.2943383347,1.0362319372,-1.4683627171,-2.2426382889,-2.8972677845,2.521751445,1.6294615082,0.0210317521,0.0200704844
0.2943357751,1.0355613247,-1.4683925116,-2.2426652199,-2.8972645302,2.521694975,1.6287920308,0.0210317521,0.0200704844
0.2943332201,1.0348847432,-1.4684224735,-2.2426923535,-2.8972610778,2.5216380105,1.6281164594,0.0210317521,0.0200704844
0.2943306844,1.0342021942,-1.468452633,-2.2427196848,-2.8972574606,2.5215805735,1.6274348197,0.0210317521,0.0200704844
0.2943281829,1.0335136789,-1.4684830196,-2.2427472089,-2.8972537113,2.5215226857,1.6267471371,0.0210317521,0.0200704844
0.2943257298,1.0328191987,-1.4685136624,-2.2427749211,-2.8972498619,2.5214643682,1.6260534364,0.0210317521,0.0200704844
0.2943233387,1.032118755,-1.4685445893,-2.2428028168,-2.8972459437,2.5214056414,1.6253537419,0.0210317521,0.0200704844
0.2943210231,1.0314123491,-1.4685758274,-2.2428308916,-2.8972419867,2.521346525,1.624648077,0.0210317521,0.0200704844
0.2943187955,1.0306999822,-1.4686074027,-2.2428591415,-2.8972380199,2.5212870377,1.6239364643,0.0210317521,0.0200704844
0.2943166679,1.0299816552,-1.4686393396,-2.2428875625,-2.8972340707,2.5212271974,1.6232189248,0.0210317521,0.0200704844
0.2943146516,1.0292573689,-1.4686716615,-2.2429161508,-2.8972301651,2.521167021,1.6224954785,0.0210317521,0.0200704844
0.2943127572,1.028527124,-1.4687043899,-2.2429449031,-2.8972263273,2.521106524,1.6217661437,0.0210317521,0.0200704844
0.2943109944,1.0277909205,-1.4687375448,-2.2429738162,-2.8972225795,2.5210457211,1.6210309369,0.0210317521,0.0200704844
0.2943093722,1.0270487582,-1.4687711445,-2.243002887,-2.897218942,2.5209846254,1.6202898728,0.0210317521,0.0200704844
0.2943078989,1.0263006364,-1.4688052053,-2.2430321128,-2.8972154329,2.5209232491,1.6195429637,0.0210317521,0.0200704844
0.2943065818,1.0255465537,-1.4688397418,-2.2430614912,-2.897212068,2.5208616029,1.6187902201,0.0210317521,0.0200704844
0.2943054279,1.0247865079,-1.4688747668,-2.2430910197,-2.897208861,2.5207996964,1.6180316498,0.0210317521,0.0200704844
0.2943044431,1.0240204962,-1.4689102914,-2.2431206963,-2.8972058233,2.5207375381,1.6172672581,0.0210317521,0.0200704844
0.2943036332,1.0232485149,-1.468946325,-2.2431505189,-2.8972029643,2.5206751354,1.6164970479,0.0210317521,0.0200704844
0.2943030033,1.0224705593,-1.4689828757,-2.2431804855,-2.897200291,2.5206124949,1.61572102,0.0210317521,0.0200704844
0.2943025583,1.0216866242,-1.46901995,-2.243210594,-2.8971978089,2.5205496226,1.6149391725,0.0210317521,0.0200704844
0.294302303,1.0208967038,-1.4690575534,-2.2432408425,-2.8971955214,2.5204865236,1.614151502,0.0210317521,0.0200704844
0.294302242,1.0201007917,-1.4690956904,-2.2432712288,-2.8971934303,2.5204232028,1.613358003,0.0210317521,0.0200704844
0.2943023798,1.0192988813,-1.4691343647,-2.2433017509,-2.8971915359,2.5203596648,1.6125586688,0.0210317521,0.0200704844
0.2943027212,1.0184909658,-1.4691735789,-2.2433324063,-2.8971898374,2.5202959137,1.6117534914,0.0210317521,0.0200704844
0.2943032708,1.0176770385,-1.4692133355,-2.2433631925,-2.8971883327,2.5202319538,1.610942462,0.0210317521,0.0200704844
0.2943040335,1.0168570928,-1.4692536362,-2.2433941071,-2.8971870187,2.5201677891,1.6101255711,0.0210317521,0.0200704844
0.2943050145,1.0160311226,-1.4692944824,-2.243425147,-2.8971858914,2.520103424,1.609302809,0.0210317521,0.0200704844
0.2943062187,1.0151991221,-1.4693358753,-2.2434563095,-2.8971849465,2.5200388625,1.6084741659,0.0210317521,0.0200704844
0.2943076515,1.0143610863,-1.4693778155,-2.2434875916,-2.8971841785,2.5199741088,1.6076396323,0.0210317521,0.0200704844
0.2943093182,1.013517011,-1.4694203035,-2.24351899,-2.8971835818,2.5199091671,1.6067991987,0.0210317521,0.0200704844
0.2943112239,1.0126668917,-1.4694633396,-2.2435505016,-2.8971831501,2.5198440416,1.6059528556,0.0210317521,0.0200704844
0.2943133737,1.01181077,-1.4695069212,-2.2435821217,-2.8971828771,2.5197787392,1.6051006384,0.0210317521,0.0200704844
0.2943157709,1.0109488526,-1.4695510367,-2.2436138402,-2.8971827559,2.5197132788,1.6042427474,0.0210317521,0.0200704844
0.2943184181,1.0100813812,-1.4695956722,-2.2436456458,-2.89718278,2.5196476806,1.6033794176,0.0210317521,0.0200704844
0.2943213175,1.0092085984,-1.469640813,-2.2436775276,-2.8971829419,2.5195819646,1.6025108843,0.0210317521,0.0200704844
0.2943244704,1.0083307474,-1.4696864438,-2.243709475,-2.8971832343,2.51951615,1.6016373837,0.0210317521,0.0200704844
0.2943278776,1.0074480724,-1.4697325485,-2.2437414776,-2.8971836489,2.5194502551,1.6007591521,0.0210317521,0.0200704844
0.2943315392,1.0065608179,-1.4697791102,-2.2437735253,-2.8971841773,2.5193842977,1.5998764261,0.0210317521,0.0200704844
0.2943354547,1.005669229,-1.4698261112,-2.2438056084,-2.8971848104,2.5193182946,1.5989894428,0.0210317521,0.0200704844
0.2943396226,1.0047735516,-1.4698735332,-2.2438377173,-2.8971855389,2.519252262,1.5980984393,0.0210317521,0.0200704844
0.2943440411,1.0038740317,-1.4699213569,-2.2438698431,-2.8971863528,2.5191862152,1.5972036532,0.0210317521,0.0200704844
0.2943487074,1.0029709159,-1.4699695623,-2.2439019767,-2.8971872419,2.5191201688,1.596305322,0.0210317521,0.0200704844
0.2943536183,1.0020644513,-1.4700181289,-2.2439341095,-2.8971881955,2.5190541368,1.5954036833,0.0210317521,0.0200704844
0.2943587699,1.0011548849,-1.4700670354,-2.2439662334,-2.8971892026,2.5189881323,1.5944989749,0.0210317521,0.0200704844
0.2943641576,1.0002424637,-1.47011626,-2.2439983402,-2.8971902519,2.5189221679,1.5935914341,0.0210317521,0.0200704844
0.2943697766,0.999327435,-1.4701657803,-2.2440304222,-2.8971913319,2.5188562557,1.5926812987,0.0210317521,0.0200704844
0.2943756214,0.9984100461,-1.4702155737,-2.2440624718,-2.8971924311,2.5187904072,1.5917688062,0.0210317521,0.0200704844
0.2943816862,0.9974905445,-1.4702656172,-2.2440944815,-2.8971935379,2.5187246335,1.5908541942,0.0210317521,0.0200704844
0.2943879649,0.9965691777,-1.4703158878,-2.2441264442,-2.8971946409,2.5186589455,1.5899377009,0.0210317521,0.0200704844
0.2943944511,0.9956461933,-1.470366362,-2.2441583529,-2.8971957288,2.5185933538,1.5890195644,0.0210317521,0.0200704844
0.294401138,0.9947218391,-1.4704170167,-2.2441902007,-2.8971967906,2.5185278688,1.5881000234,0.0210317521,0.0200704844
0.2944080189,0.9937963633,-1.4704678289,-2.2442219807,-2.8971978157,2.5184625007,1.5871793172,0.0210317521,0.0200704844
0.2944150868,0.992870014,-1.4705187755,-2.2442536863,-2.8971987942,2.51839726,1.5862576859,0.0210317521,0.0200704844
0.2944223347,0.9919430401,-1.470569834,-2.2442853109,-2.8971997168,2.518332157,1.5853353701,0.0210317521,0.0200704844
0.2944297555,0.9910156904,-1.4706209822,-2.2443168479,-2.8972005748,2.5182672023,1.5844126118,0.0210317521,0.0200704844
0.2944373421,0.9900882144,-1.4706721985,-2.2443482909,-2.8972013606,2.5182024066,1.5834896538,0.0210317521,0.0200704844
0.2944450876,0.9891608622,-1.4707234618,-2.2443796334,-2.8972020675,2.5181377808,1.5825667403,0.0210317521,0.0200704844
0.294452985,0.9882338841,-1.4707747517,-2.2444108691,-2.8972026899,2.5180733364,1.581644117,0.0210317521,0.0200704844
0.2944610273,0.9873075312,-1.4708260486,-2.2444419917,-2.8972032234,2.518009085,1.5807220309,0.0210317521,0.0200704844
0.2944692079,0.9863820551,-1.4708773337,-2.2444729948,-2.8972036651,2.5179450387,1.5798007308,0.0210317521,0.0200704844
0.29447752,0.985457708,-1.4709285888,-2.2445038723,-2.8972040132,2.5178812099,1.5788804667,0.0210317521,0.0200704844
0.2944859571,0.9845347423,-1.4709797971,-2.2445346178,-2.8972042675,2.5178176116,1.5779614904,0.0210317521,0.0200704844
0.2944945127,0.9836134109,-1.4710309422,-2.2445652254,-2.8972044291,2.5177542569,1.5770440551,0.0210317521,0.0200704844
0.2945031804,0.9826939663,-1.4710820089,-2.2445956889,-2.8972045007,2.5176911597,1.5761284147,0.0210317521,0.0200704844
0.2945119539,0.9817766606,-1.471132983,-2.2446260024,-2.8972044862,2.5176283337,1.575214824,0.0210317521,0.0200704844
0.294520827,0.9808617447,-1.4711838509,-2.24465616,-2.8972043911,2.5175657933,1.5743035372,0.0210317521,0.0200704844
0.2945297937,0.9799494673,-1.4712346,-2.2446861561,-2.8972042216,2.5175035528,1.5733948073,0.0210317521,0.0200704844
0.2945388484,0.9790400733,-1.4712852188,-2.2447159849,-2.8972039851,2.5174416269,1.5724888846,0.0210317521,0.0200704844
0.2945479857,0.9781338031,-1.4713356967,-2.2447456407,-2.8972036896,2.5173800305,1.5715860148,0.0210317521,0.0200704844
0.2945572013,0.9772308897,-1.4713860242,-2.2447751178,-2.8972033435,2.5173187787,1.5706864369,0.0210317521,0.0200704844
0.2945664924,0.9763315541,-1.4714361939,-2.2448044101,-2.8972029555,2.5172578875,1.5697903779,0.0210317521,0.0200704844
0.2945758581,0.9754360062,-1.4714862005,-2.244833511,-2.8972025344,2.5171973739,1.5688980533,0.0210317521,0.0200704844
0.2945853005,0.9745444481,-1.471536041,-2.2448624127,-2.8972020886,2.517137257,1.5680096709,0.0210317521,0.0200704844
0.2945948237,0.9736570809,-1.4715857143,-2.2448911064,-2.8972016267,2.5170775583,1.5671254368,0.0210317521,0.0200704844
0.2946044338,0.9727741101,-1.4716352203,-2.2449195823,-2.8972011568,2.5170183011,1.5662455614,0.0210317521,0.0200704844
0.2946141378,0.9718957508,-1.471684559,-2.2449478298,-2.897200687,2.5169595105,1.5653702642,0.0210317521,0.0200704844
0.2946239425,0.9710222293,-1.4717337298,-2.2449758379,-2.897200225,2.5169012119,1.5644997756,0.0210317521,0.0200704844
0.2946338537,0.9701537833,-1.4717827304,-2.2450035957,-2.8971997782,2.5168434309,1.5636343374,0.0210317521,0.0200704844
0.2946438757,0.9692906602,-1.4718315568,-2.2450310926,-2.8971993532,2.5167861919,1.5627742004,0.0210317521,0.0200704844
0.294654011,0.968433115,-1.4718802028,-2.2450583185,-2.8971989562,2.5167295181,1.5619196229,0.0210317521,0.0200704844
0.2946642603,0.9675814083,-1.4719286602,-2.2450852641,-2.8971985924,2.5166734308,1.5610708683,0.0210317521,0.0200704844
0.2946746228,0.9667357594,-1.471976921,-2.2451119223,-2.8971982663,2.5166179469,1.5602281582,0.0210317521,0.0200704844
0.2946850974,0.9658962246,-1.4720249841,-2.2451382921,-2.8971979807,2.5165630695,1.5593915511,0.0210317521,0.0200704844
0.294695682,0.9650628269,-1.4720728488,-2.2451643741,-2.8971977376,2.5165087982,1.5585610716,0.0210317521,0.0200704844
0.2947063738,0.9642355887,-1.472120513,-2.2451901694,-2.897197538,2.5164551315,1.5577367431,0.0210317521,0.0200704844
0.294717169,0.963414532,-1.4721679736,-2.2452156794,-2.8971973821,2.5164020669,1.556918588,0.0210317521,0.0200704844
0.2947280632,0.9625996775,-1.4722152267,-2.2452409057,-2.8971972693,2.5163496011,1.5561066268,0.0210317521,0.0200704844
0.2947390519,0.9617910445,-1.4722622677,-2.24526585,-2.8971971983,2.5162977301,1.5553008785,0.0210317521,0.0200704844
0.2947501302,0.9609886511,-1.4723090915,-2.2452905143,-2.8971971675,2.5162464498,1.5545013602,0.0210317521,0.0200704844
0.2947612929,0.9601925139,-1.4723556929,-2.2453149005,-2.8971971748,2.5161957554,1.5537080871,0.0210317521,0.0200704844
0.2947725349,0.9594026478,-1.4724020663,-2.2453390107,-2.8971972176,2.5161456422,1.5529210728,0.0210317521,0.0200704844
0.2947838513,0.9586190665,-1.4724482061,-2.2453628467,-2.8971972932,2.5160961053,1.5521403293,0.0210317521,0.0200704844
0.2947952372,0.9578417823,-1.4724941069,-2.2453864105,-2.8971973988,2.5160471398,1.5513658671,0.0210317521,0.0200704844
0.294806688,0.9570708064,-1.4725397632,-2.2454097041,-2.8971975312,2.5159987409,1.5505976955,0.0210317521,0.0200704844
0.294818199,0.9563061491,-1.4725851697,-2.245432729,-2.8971976875,2.5159509041,1.5498358228,0.0210317521,0.0200704844
0.2948297662,0.9555478195,-1.4726303214,-2.2454554871,-2.8971978644,2.515903625,1.549080256,0.0210317521,0.0200704844
0.2948413857,0.9547958259,-1.4726752135,-2.2454779799,-2.897198059,2.5158568994,1.5483310013,0.0210317521,0.0200704844
0.2948530537,0.9540501757,-1.4727198413,-2.2455002086,-2.8971982681,2.5158107234,1.5475880642,0.0210317521,0.0200704844
0.2948647671,0.9533108754,-1.4727642008,-2.2455221748,-2.8971984886,2.5157650933,1.546851449,0.0210317521,0.0200704844
0.2948765228,0.9525779307,-1.4728082878,-2.2455438795,-2.8971987177,2.5157200058,1.5461211595,0.0210317521,0.0200704844
0.2948883182,0.9518513465,-1.4728520987,-2.2455653237,-2.8971989525,2.5156754578,1.5453971986,0.0210317521,0.0200704844
0.294900151,0.951131127,-1.4728956304,-2.2455865083,-2.8971991901,2.5156314465,1.5446795684,0.0210317521,0.0200704844
0.2949120193,0.9504172754,-1.4729388797,-2.2456074342,-2.8971994279,2.5155879696,1.5439682704,0.0210317521,0.0200704844
0.2949239214,0.9497097945,-1.4729818441,-2.2456281018,-2.8971996631,2.515545025,1.5432633052,0.0210317521,0.0200704844
0.294935856,0.9490086862,-1.4730245213,-2.2456485116,-2.8971998934,2.5155026107,1.5425646731,0.0210317521,0.0200704844
0.2949478225,0.9483139513,-1.4730669095,-2.245668664,-2.8972001163,2.5154607256,1.5418723731,0.0210317521,0.0200704844
0.2949598203,0.9476255895,-1.4731090073,-2.245688559,-2.8972003294,2.5154193684,1.541186403,0.0210317521,0.0200704844
0.2949718494,0.9469435981,-1.4731508137,-2.2457081968,-2.8972005308,2.5153785383,1.5405067586,0.0210317521,0.0200704844
0.2949839102,0.9462679731,-1.4731923284,-2.2457275771,-2.8972007183,2.515338235,1.5398334343,0.0210317521,0.0200704844
0.2949960037,0.9455987092,-1.4732335512,-2.2457466997,-2.8972008901,2.5152984584,1.5391664232,0.0210317521,0.0200704844
0.2950081312,0.9449358002,-1.4732744829,-2.2457655642,-2.8972010445,2.5152592088,1.5385057176,0.0210317521,0.0200704844
0.2950202944,0.944279239,-1.4733151243,-2.2457841699,-2.8972011799,2.515220487,1.5378513093,0.0210317521,0.0200704844
0.2950324954,0.9436290185,-1.473355477,-2.245802516,-2.8972012952,2.5151822942,1.5372031899,0.0210317521,0.0200704844
0.295044737,0.9429851319,-1.4733955427,-2.2458206015,-2.8972013891,2.5151446321,1.5365613515,0.0210317521,0.0200704844
0.2950570219,0.9423475732,-1.4734353238,-2.2458384252,-2.897201461,2.5151075029,1.5359257873,0.0210317521,0.0200704844
0.2950693532,0.9417163384,-1.4734748227,-2.245855986,-2.8972015104,2.515070909,1.5352964925,0.0210317521,0.0200704844
0.2950817341,0.9410914262,-1.4735140421,-2.2458732822,-2.8972015373,2.5150348534,1.5346734656,0.0210317521,0.0200704844
0.2950941675,0.9404728396,-1.4735529845,-2.2458903127,-2.897201542,2.5149993391,1.5340567095,0.0210317521,0.0200704844
0.2951066559,0.939860587,-1.4735916521,-2.245907076,-2.8972015254,2.514964369,1.5334462332,0.0210317521,0.0200704844
0.2951192004,0.9392546852,-1.4736300462,-2.2459235712,-2.8972014889,2.514929946,1.532842054,0.0210317521,0.0200704844
0.2951318005,0.9386551628,-1.4736681662,-2.2459397977,-2.8972014343,2.5148960718,1.5322442023,0.0210317521,0.0200704844
0.295144453,0.9380620608,-1.4737060096,-2.245955756,-2.8972013641,2.5148627466,1.5316527208,0.0210317521,0.0200704844
0.2951571517,0.9374754275,-1.4737435709,-2.2459714477,-2.897201281,2.514829968,1.5310676603,0.0210317521,0.0200704844
0.2951698869,0.9368953128,-1.4737808427,-2.245986876,-2.8972011878,2.5147977309,1.530489074,0.0210317521,0.0200704844
0.2951826468,0.9363217619,-1.4738178155,-2.2460020455,-2.8972010873,2.514766027,1.52991701,0.0210317521,0.0200704844
0.2951954176,0.9357548102,-1.4738544789,-2.2460169619,-2.8972009824,2.5147348457,1.5293515073,0.0210317521,0.0200704844
0.2952081849,0.9351944815,-1.4738908225,-2.2460316317,-2.8972008752,2.5147041747,1.5287925928,0.0210317521,0.0200704844
0.2952209346,0.9346407876,-1.4739268361,-2.2460460618,-2.8972007676,2.5146740009,1.5282402811,0.0210317521,0.0200704844
0.2952336532,0.9340937299,-1.4739625104,-2.2460602588,-2.8972006612,2.514644311,1.5276945763,0.0210317521,0.0200704844
0.295246328,0.9335533014,-1.4739978369,-2.2460742294,-2.8972005571,2.5146150921,1.5271554737,0.0210317521,0.0200704844
0.2952589479,0.9330194894,-1.4740328082,-2.2460879798,-2.8972004562,2.5145863319,1.5266229623,0.0210317521,0.0200704844
0.2952715027,0.9324922766,-1.4740674179,-2.2461015155,-2.8972003591,2.5145580191,1.5260970266,0.0210317521,0.0200704844
0.2952839833,0.9319716432,-1.4741016603,-2.246114842,-2.8972002663,2.514530143,1.5255776482,0.0210317521,0.0200704844
0.2952963817,0.9314575678,-1.4741355305,-2.246127964,-2.8972001781,2.514502694,1.5250648068,0.0210317521,0.0200704844
0.2953086908,0.9309500283,-1.4741690242,-2.2461408858,-2.8972000945,2.5144756633,1.5245584814,0.0210317521,0.0200704844
0.2953209044,0.9304490024,-1.4742021378,-2.2461536114,-2.8972000158,2.5144490427,1.5240586503,0.0210317521,0.0200704844
0.2953330167,0.929954468,-1.4742348682,-2.2461661443,-2.8971999418,2.514422825,1.5235652923,0.0210317521,0.0200704844
0.295345023,0.9294664035,-1.4742672124,-2.2461784879,-2.8971998726,2.5143970035,1.5230783863,0.0210317521,0.0200704844
0.2953569186,0.928984788,-1.4742991682,-2.2461906451,-2.897199808,2.5143715721,1.522597912,0.0210317521,0.0200704844
0.2953686996,0.9285096015,-1.4743307333,-2.2462026186,-2.897199748,2.5143465252,1.5221238496,0.0210317521,0.0200704844
0.2953803625,0.9280408244,-1.4743619058,-2.2462144109,-2.8971996924,2.5143218576,1.5216561801,0.0210317521,0.0200704844
0.2953919041,0.9275784384,-1.4743926843,-2.2462260242,-2.8971996411,2.5142975648,1.5211948854,0.0210317521,0.0200704844
0.2954033214,0.9271224257,-1.4744230671,-2.2462374606,-2.8971995939,2.5142736424,1.5207399481,0.0210317521,0.0200704844
0.2954146119,0.9266727695,-1.474453053,-2.246248722,-2.8971995507,2.5142500864,1.5202913515,0.0210317521,0.0200704844
0.2954257732,0.9262294538,-1.4744826409,-2.2462598102,-2.8971995113,2.5142268933,1.5198490798,0.0210317521,0.0200704844
0.2954368031,0.9257924633,-1.4745118298,-2.2462707267,-2.8971994755,2.5142040596,1.5194131179,0.0210317521,0.0200704844
0.2954476997,0.9253617833,-1.4745406188,-2.246281473,-2.8971994432,2.5141815822,1.5189834513,0.0210317521,0.0200704844
0.2954584612,0.9249374002,-1.474569007,-2.2462920506,-2.8971994143,2.5141594583,1.5185600664,0.0210317521,0.0200704844
0.295469086,0.9245193006,-1.4745969938,-2.2463024608,-2.8971993885,2.5141376851,1.5181429501,0.0210317521,0.0200704844
0.2954795726,0.924107472,-1.4746245786,-2.2463127046,-2.8971993657,2.5141162601,1.5177320899,0.0210317521,0.0200704844
0.2954899197,0.9237019023,-1.4746517608,-2.2463227833,-2.8971993458,2.5140951811,1.5173274738,0.0210317521,0.0200704844
0.2955001259,0.9233025802,-1.4746785398,-2.2463326977,-2.8971993286,2.5140744458,1.5169290905,0.0210317521,0.0200704844
0.2955101901,0.9229094947,-1.4747049153,-2.246342449,-2.8971993139,2.5140540522,1.5165369291,0.0210317521,0.0200704844
0.2955201113,0.9225226351,-1.4747308869,-2.2463520381,-2.8971993018,2.5140339985,1.5161509792,0.0210317521,0.0200704844
0.2955298884,0.9221419915,-1.4747564543,-2.2463614656,-2.8971992919,2.5140142828,1.5157712306,0.0210317521,0.0200704844
0.2955395207,0.9217675543,-1.474781617,-2.2463707325,-2.8971992843,2.5139949034,1.5153976739,0.0210317521,0.0200704844
0.2955490072,0.9213993152,-1.4748063748,-2.2463798395,-2.8971992787,2.5139758589,1.5150303008,0.0210317521,0.0200704844
0.2955583471,0.9210372675,-1.4748307274,-2.2463887872,-2.8971992751,2.5139571479,1.5146691047,0.0210317521,0.0200704844
0.2955675396,0.9206814057,-1.4748546743,-2.2463975762,-2.8971992733,2.5139387691,1.5143140801,0.0210317521,0.0200704844
0.2955765839,0.9203317255,-1.474878215,-2.246406207,-2.8971992733,2.5139207214,1.5139652226,0.0210317521,0.0200704844
0.2955854794,0.9199882232,-1.4749013491,-2.2464146802,-2.897199275,2.5139030038,1.5136225287,0.0210317521,0.0200704844
0.2955942252,0.9196508961,-1.4749240761,-2.2464229961,-2.8971992782,2.5138856153,1.5132859956,0.0210317521,0.0200704844
0.2956028206,0.9193197417,-1.4749463956,-2.2464311552,-2.8971992828,2.5138685549,1.512955621,0.0210317521,0.0200704844
0.2956112651,0.9189947584,-1.4749683071,-2.2464391579,-2.8971992888,2.513851822,1.512631403,0.0210317521,0.0200704844
0.295619558,0.9186759447,-1.47498981,-2.2464470045,-2.8971992961,2.5138354156,1.5123133402,0.0210317521,0.0200704844
0.2956276986,0.9183632995,-1.475010904,-2.2464546954,-2.8971993046,2.5138193352,1.5120014316,0.0210317521,0.0200704844
0.2956356864,0.9180568221,-1.4750315885,-2.2464622308,-2.8971993141,2.51380358,1.5116956764,0.0210317521,0.0200704844
0.2956435207,0.917756512,-1.475051863,-2.2464696112,-2.8971993246,2.5137881494,1.5113960742,0.0210317521,0.0200704844
0.2956512011,0.917462369,-1.4750717272,-2.2464768367,-2.8971993361,2.5137730428,1.5111026248,0.0210317521,0.0200704844
0.295658727,0.9171743933,-1.4750911805,-2.2464839076,-2.8971993484,2.5137582596,1.5108153283,0.0210317521,0.0200704844
0.2956660979,0.9168925853,-1.4751102226,-2.2464908241,-2.8971993615,2.5137437995,1.510534185,0.0210317521,0.0200704844
0.2956733132,0.9166169455,-1.4751288529,-2.2464975865,-2.8971993753,2.5137296618,1.5102591956,0.0210317521,0.0200704844
0.2956803726,0.916347475,-1.4751470709,-2.2465041949,-2.8971993897,2.5137158463,1.5099903611,0.0210317521,0.0200704844
0.2956872754,0.916084175,-1.4751648763,-2.2465106496,-2.8971994047,2.5137023524,1.5097276828,0.0210317521,0.0200704844
0.2956940213,0.9158270473,-1.4751822685,-2.2465169506,-2.8971994202,2.5136891799,1.5094711622,0.0210317521,0.0200704844
0.2957006099,0.9155760938,-1.4751992471,-2.2465230981,-2.8971994361,2.5136763285,1.5092208015,0.0210317521,0.0200704844
0.2957070405,0.9153313169,-1.4752158115,-2.2465290923,-2.8971994524,2.5136637978,1.5089766029,0.0210317521,0.0200704844
0.2957133129,0.9150927196,-1.4752319613,-2.2465349332,-2.897199469,2.5136515876,1.5087385694,0.0210317521,0.0200704844
0.2957194266,0.9148603052,-1.475247696,-2.2465406209,-2.8971994858,2.5136396979,1.5085067044,0.0210317521,0.0200704844
0.2957253811,0.9146340777,-1.4752630149,-2.2465461556,-2.8971995028,2.5136281283,1.5082810118,0.0210317521,0.0200704844
0.2957311761,0.9144140418,-1.4752779175,-2.2465515371,-2.89719952,2.5136168788,1.5080614963,0.0210317521,0.0200704844
0.2957368109,0.9142002028,-1.4752924031,-2.2465567656,-2.8971995372,2.5136059495,1.5078481631,0.0210317521,0.0200704844
0.2957422853,0.9139925669,-1.4753064711,-2.2465618411,-2.8971995545,2.5135953402,1.5076410184,0.0210317521,0.0200704844
0.2957475987,0.9137911412,-1.4753201208,-2.2465667634,-2.8971995718,2.5135850511,1.5074400694,0.0210317521,0.0200704844
0.2957527506,0.9135959341,-1.4753333513,-2.2465715325,-2.897199589,2.5135750823,1.5072453244,0.0210317521,0.0200704844
0.2957577405,0.9134069552,-1.4753461618,-2.2465761484,-2.8971996061,2.5135654341,1.5070567929,0.0210317521,0.0200704844
0.295762568,0.9132242155,-1.4753585512,-2.2465806108,-2.8971996231,2.5135561067,1.506874486,0.0210317521,0.0200704844
0.2957672323,0.9130477279,-1.4753705186,-2.2465849195,-2.8971996399,2.5135471005,1.5066984164,0.0210317521,0.0200704844
0.2957717329,0.9128775063,-1.4753820628,-2.2465890744,-2.8971996564,2.5135384161,1.5065285981,0.0210317521,0.0200704844
0.2957760692,0.9127135638,-1.4753931827,-2.2465930752,-2.8971996726,2.5135300538,1.506365044,0.0210317521,0.0200704844
0.2957802413,0.9125558938,-1.4754038785,-2.2465969221,-2.8971996885,2.5135220131,1.5062077476,0.0210317521,0.0200704844
0.295784251,0.9124044143,-1.4754141557,-2.2466006173,-2.8971997041,2.5135142897,1.5060566272,0.0210317521,0.0200704844
0.2957881016,0.9122589976,-1.4754240228,-2.246604164,-2.8971997193,2.5135068768,1.5059115552,0.0210317521,0.0200704844
0.2957917962,0.9121195234,-1.4754334878,-2.2466075651,-2.8971997342,2.5134997683,1.5057724117,0.0210317521,0.0200704844
0.2957953379,0.9119858689,-1.475442559,-2.2466108237,-2.8971997486,2.5134929576,1.5056390742,0.0210317521,0.0200704844
0.2957987297,0.9118579112,-1.4754512445,-2.2466139428,-2.8971997627,2.5134864383,1.50551142,0.0210317521,0.0200704844
0.2958019749,0.9117355273,-1.4754595526,-2.2466169256,-2.8971997763,2.5134802042,1.5053893264,0.0210317521,0.0200704844
0.2958050765,0.9116185944,-1.4754674916,-2.2466197751,-2.8971997896,2.5134742488,1.505272671,0.0210317521,0.0200704844
0.2958080378,0.9115069896,-1.4754750697,-2.2466224942,-2.8971998024,2.5134685657,1.5051613311,0.0210317521,0.0200704844
0.2958108618,0.91140059,-1.4754822951,-2.2466250862,-2.8971998148,2.5134631486,1.5050551841,0.0210317521,0.0200704844
0.2958135518,0.9112992728,-1.475489176,-2.2466275539,-2.8971998267,2.5134579911,1.5049541074,0.0210317521,0.0200704844
0.2958161108,0.9112029151,-1.4754957209,-2.2466299005,-2.8971998383,2.5134530869,1.5048579785,0.0210317521,0.0200704844
0.2958185421,0.911111394,-1.4755019378,-2.2466321289,-2.8971998494,2.5134484296,1.5047666747,0.0210317521,0.0200704844
0.2958208488,0.9110245866,-1.4755078352,-2.2466342423,-2.89719986,2.5134440128,1.5046800735,0.0210317521,0.0200704844
0.2958230342,0.91094237,-1.4755134212,-2.2466362436,-2.8971998702,2.5134398302,1.5045980522,0.0210317521,0.0200704844
0.2958251014,0.9108646212,-1.4755187042,-2.2466381359,-2.89719988,2.5134358755,1.5045204881,0.0210317521,0.0200704844
0.2958270536,0.9107912172,-1.4755236924,-2.2466399222,-2.8971998893,2.5134321424,1.5044472585,0.0210317521,0.0200704844
0.295828894,0.910722035,-1.4755283941,-2.2466416055,-2.8971998982,2.5134286245,1.5043782408,0.0210317521,0.0200704844
0.2958306258,0.9106569515,-1.4755328177,-2.2466431889,-2.8971999066,2.5134253155,1.504313312,0.0210317521,0.0200704844
0.2958322523,0.9105958436,-1.4755369714,-2.2466446754,-2.8971999147,2.513422209,1.5042523494,0.0210317521,0.0200704844
0.2958337766,0.9105385881,-1.4755408637,-2.2466460679,-2.8971999223,2.5134192988,1.50419523,0.0210317521,0.0200704844
0.295835202,0.9104850617,-1.4755445027,-2.2466473696,-2.8971999294,2.5134165785,1.5041418308,0.0210317521,0.0200704844
0.2958365317,0.9104351409,-1.4755478969,-2.2466485835,-2.8971999362,2.5134140418,1.5040920288,0.0210317521,0.0200704844
0.295837769,0.9103887025,-1.4755510546,-2.2466497125,-2.8971999425,2.5134116824,1.5040457008,0.0210317521,0.0200704844
0.295838917,0.9103456227,-1.4755539842,-2.2466507598,-2.8971999485,2.5134094939,1.5040027235,0.0210317521,0.0200704844
0.2958399791,0.9103057779,-1.475556694,-2.2466517283,-2.897199954,2.51340747,1.5039629736,0.0210317521,0.0200704844
0.2958409585,0.9102690443,-1.4755591924,-2.246652621,-2.8971999592,2.5134056043,1.5039263274,0.0210317521,0.0200704844
0.2958418584,0.910235298,-1.4755614879,-2.2466534411,-2.897199964,2.5134038906,1.5038926614,0.0210317521,0.0200704844
0.2958426822,0.9102044148,-1.4755635887,-2.2466541915,-2.8971999684,2.5134023225,1.5038618517,0.0210317521,0.0200704844
0.2958434331,0.9101762704,-1.4755655034,-2.2466548753,-2.8971999725,2.5134008937,1.5038337744,0.0210317521,0.0200704844
0.2958441144,0.9101507404,-1.4755672404,-2.2466554954,-2.8971999762,2.5133995977,1.5038083051,0.0210317521,0.0200704844
0.2958447294,0.9101277,-1.4755688081,-2.2466560551,-2.8971999796,2.5133984282,1.5037853197,0.0210317521,0.0200704844
0.2958452814,0.9101070244,-1.475570215,-2.2466565572,-2.8971999826,2.5133973789,1.5037646933,0.0210317521,0.0200704844
0.2958457737,0.9100885883,-1.4755714696,-2.2466570049,-2.8971999854,2.5133964434,1.5037463011,0.0210317521,0.0200704844
0.2958462097,0.9100722663,-1.4755725804,-2.2466574012,-2.8971999878,2.5133956153,1.503730018,0.0210317521,0.0200704844
0.2958465926,0.9100579324,-1.475573556,-2.2466577492,-2.89719999,2.5133948881,1.5037157183,0.0210317521,0.0200704844
0.2958469259,0.9100454607,-1.4755744049,-2.246658052,-2.8971999919,2.5133942554,1.5037032763,0.0210317521,0.0200704844
0.2958472128,0.9100347245,-1.4755751358,-2.2466583126,-2.8971999936,2.5133937109,1.5036925656,0.0210317521,0.0200704844
0.2958474569,0.9100255966,-1.4755757572,-2.2466585341,-2.897199995,2.513393248,1.5036834596,0.0210317521,0.0200704844
0.2958476613,0.9100179497,-1.4755762778,-2.2466587197,-2.8971999962,2.5133928602,1.5036758309,0.0210317521,0.0200704844
0.2958478297,0.9100116555,-1.4755767064,-2.2466588724,-2.8971999972,2.5133925411,1.5036695517,0.0210317521,0.0200704844
0.2958479653,0.9100065852,-1.4755770516,-2.2466589954,-2.897199998,2.5133922841,1.5036644935,0.0210317521,0.0200704844
0.2958480717,0.9100026091,-1.4755773224,-2.2466590919,-2.8971999986,2.5133920825,1.5036605269,0.0210317521,0.0200704844
0.2958481523,0.9099995967,-1.4755775276,-2.2466591649,-2.8971999991,2.5133919298,1.5036575217,0.0210317521,0.0200704844
0.2958482107,0.9099974164,-1.4755776761,-2.2466592178,-2.8971999995,2.5133918193,1.5036553466,0.0210317521,0.0200704844
0.2958482503,0.9099959353,-1.475577777,-2.2466592537,-2.8971999997,2.5133917443,1.503653869,0.0210317521,0.0200704844
0.2958482749,0.909995019,-1.4755778394,-2.2466592759,-2.8971999999,2.5133916979,1.5036529549,0.0210317521,0.0200704844
0.2958482879,0.9099945317,-1.4755778726,-2.2466592878,-2.8972,2.5133916732,1.5036524687,0.0210317521,0.0200704844
0.2958482932,0.909994336,-1.4755778859,-2.2466592925,-2.8972,2.5133916633,1.5036522735,0.0210317521,0.0200704844
0.2958482943,0.9099942959,-1.4755778887,-2.2466592935,-2.8972,2.5133916613,1.5036522336,0.0210317521,0.0200704844
0.2958482943,0.909994295,-1.4755778887,-2.2466592935,-2.8972,2.5133916612,1.5036522326,0.0210317521,0.0200704844
0.2958482944,0.9099942921,-1.4755778889,-2.2466592936,-2.8972,2.5133916611,1.5036522297,0.0210317521,0.0200704844
0.2958482944,0.9099942921,-1.4755778889,-2.2466592936,-2.8972,2.5133916611,1.5036522297,0.0210317521,0.0200704844
0.2958482944,0.9099942921,-1.4755778889,-2.2466592936,-2.8972,2.5133916611,1.5036522297,0.0210317521,0.0200704844
0.2958482944,0.9099942921,-1.4755778889,-2.2466592936,-2.8972,2.5133916611,1.5036522297,0.0210317521,0.0200704844
0.2958482944,0.9099942921,-1.4755778889,-2.2466592936,-2.8972,2.5133916611,1.5036522297,0.0210317521,0.0200704844
0.2958482944,0.9099942921,-1.4755778889,-2.2466592936,-2.8972,2.5133916611,1.5036522297,0.0210317521,0.0200704844
0.2958482944,0.9099942921,-1.4755778889,-2.2466592936,-2.8972,2.5133916611,1.5036522297,0.0210317521,0.0200704844
0.2958482944,0.9099942921,-1.4755778889,-2.2466592936,-2.8972,2.5133916611,1.5036522297,0.0210317521,0.0200704844
0.2958482944,0.9099942921,-1.4755778889,-2.2466592936,-2.8972,2.5133916611,1.5036522297,0.0210317521,0.0200704844
0.2958482944,0.9099942921,-1.4755778889,-2.2466592936,-2.8972,2.5133916611,1.5036522297,0.0210317521,0.0200704844
0.2958482944,0.9099942921,-1.4755778889,-2.2466592936,-2.8972,2.5133916611,1.5036522297,0.0210317521,0.0200704844
0.2958482944,0.9099942921,-1.4755778889,-2.2466592936,-2.8972,2.5133916611,1.5036522297,0.0210317521,0.0200704844
0.2958482944,0.9099942921,-1.4755778889,-2.2466592936,-2.8972,2.5133916611,1.5036522297,0.0210317521,0.0200704844
0.2958482944,0.9099942921,-1.4755778889,-2.2466592936,-2.8972,2.5133916611,1.5036522297,0.0210317521,0.0200704844
0.2958482944,0.9099942921,-1.4755778889,-2.2466592936,-2.8972,2.5133916611,1.5036522297,0.0210317521,0.0200704844
0.2958482944,0.9099942921,-1.4755778889,-2.2466592936,-2.8972,2.5133916611,1.5036522297,0.0210317521,0.0200704844
0.2958482944,0.9099942921,-1.4755778889,-2.2466592936,-2.8972,2.5133916611,1.5036522297,0.0210317521,0.0200704844
0.2958482944,0.9099942921,-1.4755778889,-2.2466592936,-2.8972,2.5133916611,1.5036522297,0.0210317521,0.0200704844
0.2958482944,0.9099942921,-1.4755778889,-2.2466592936,-2.8972,2.5133916611,1.5036522297,0.0210317521,0.0200704844
0.2958482944,0.9099942921,-1.4755778889,-2.2466592936,-2.8972,2.5133916611,1.5036522297,0.0210317521,0.0200704844
0.2958482944,0.9099942921,-1.4755778889,-2.2466592936,-2.8972,2.5133916611,1.5036522297,0.0210317521,0.0200704844
0.2958482944,0.9099942921,-1.4755778889,-2.2466592936,-2.8972,2.5133916611,1.5036522297,0.0210317521,0.0200704844
0.2958482944,0.9099942921,-1.4755778889,-2.2466592936,-2.8972,2.5133916611,1.5036522297,0.0210317521,0.0200704844
0.2958482944,0.9099942921,-1.4755778889,-2.2466592936,-2.8972,2.5133916611,1.5036522297,0.0210317521,0.0200704844
0.2958482944,0.9099942921,-1.4755778889,-2.2466592936,-2.8972,2.5133916611,1.5036522297,0.0210317521,0.0200704844
0.2958482944,0.9099942921,-1.4755778889,-2.2466592936,-2.8972,2.5133916611,1.5036522297,0.0210317521,0.0200704844
0.2958482944,0.9099942921,-1.4755778889,-2.2466592936,-2.8972,2.5133916611,1.5036522297,0.0210317521,0.0200704844
0.2958482944,0.9099942921,-1.4755778889,-2.2466592936,-2.8972,2.5133916611,1.5036522297,0.0210317521,0.0200704844
0.2958482944,0.9099942921,-1.4755778889,-2.2466592936,-2.8972,2.5133916611,1.5036522297,0.0210317521,0.0200704844
0.2958482944,0.9099942921,-1.4755778889,-2.2466592936,-2.8972,2.5133916611,1.5036522297,0.0210317521,0.0200704844
0.2958482944,0.9099942921,-1.4755778889,-2.2466592936,-2.8972,2.5133916611,1.5036522297,0.0210317521,0.0200704844
0.2958482944,0.9099942921,-1.4755778889,-2.2466592936,-2.8972,2.5133916611,1.5036522297,0.0210317521,0.0200704844
0.2958482944,0.9099942921,-1.4755778889,-2.2466592936,-2.8972,2.5133916611,1.5036522297,0.0210317521,0.0200704844
0.2958482944,0.9099942921,-1.4755778889,-2.2466592936,-2.8972,2.5133916611,1.5036522297,0.0210317521,0.0200704844
0.2958482944,0.9099942921,-1.4755778889,-2.2466592936,-2.8972,2.5133916611,1.5036522297,0.0210317521,0.0200704844
0.2958482944,0.9099942921,-1.4755778889,-2.2466592936,-2.8972,2.5133916611,1.5036522297,0.0210317521,0.0200704844
0.2958482944,0.9099942921,-1.4755778889,-2.2466592936,-2.8972,2.5133916611,1.5036522297,0.0210317521,0.0200704844
0.2958482944,0.9099942921,-1.4755778889,-2.2466592936,-2.8972,2.5133916611,1.5036522297,0.0210317521,0.0200704844
0.2958482944,0.9099942921,-1.4755778889,-2.2466592936,-2.8972,2.5133916611,1.5036522297,0.0210317521,0.0200704844
0.2958482944,0.9099942921,-1.4755778889,-2.2466592936,-2.8972,2.5133916611,1.5036522297,0.0210317521,0.0200704844
0.2958482944,0.9099942921,-1.4755778889,-2.2466592936,-2.8972,2.5133916611,1.5036522297,0.0210317521,0.0200704844
0.2958482944,0.9099942921,-1.4755778889,-2.2466592936,-2.8972,2.5133916611,1.5036522297,0.0210317521,0.0200704844
0.2958482944,0.9099942921,-1.4755778889,-2.2466592936,-2.8972,2.5133916611,1.5036522297,0.0210317521,0.0200704844
0.2958482944,0.9099942921,-1.4755778889,-2.2466592936,-2.8972,2.5133916611,1.5036522297,0.0210317521,0.0200704844
0.2958482944,0.9099942921,-1.4755778889,-2.2466592936,-2.8972,2.5133916611,1.5036522297,0.0210317521,0.0200704844
0.2958482944,0.9099942921,-1.4755778889,-2.2466592936,-2.8972,2.5133916611,1.5036522297,0.0210317521,0.0200704844
0.2958482944,0.9099942921,-1.4755778889,-2.2466592936,-2.8972,2.5133916611,1.5036522297,0.0210317521,0.0200704844
0.2958482944,0.9099942921,-1.4755778889,-2.2466592936,-2.8972,2.5133916611,1.5036522297,0.0210317521,0.0200704844
0.2958482944,0.9099942921,-1.4755778889,-2.2466592936,-2.8972,2.5133916611,1.5036522297,0.0210317521,0.0200704844
0.2958482944,0.9099942921,-1.4755778889,-2.2466592936,-2.8972,2.5133916611,1.5036522297,0.0210317521,0.0200704844
0.2958482944,0.9099942921,-1.4755778889,-2.2466592936,-2.8972,2.5133916611,1.5036522297,0.0210317521,0.0200704844
0.2958482944,0.9099942921,-1.4755778889,-2.2466592936,-2.8972,2.5133916611,1.5036522297,0.0210317521,0.0200704844
0.2958482944,0.9099942921,-1.4755778889,-2.2466592936,-2.8972,2.5133916611,1.5036522297,0.0210317521,0.0200704844
0.2958482944,0.9099942921,-1.4755778889,-2.2466592936,-2.8972,2.5133916611,1.5036522297,0.0210317521,0.0200704844
0.2958482944,0.9099942921,-1.4755778889,-2.2466592936,-2.8972,2.5133916611,1.5036522297,0.0210317521,0.0200704844
0.2958482944,0.9099942921,-1.4755778889,-2.2466592936,-2.8972,2.5133916611,1.5036522297,0.0210317521,0.0200704844
0.2958482944,0.9099942921,-1.4755778889,-2.2466592936,-2.8972,2.5133916611,1.5036522297,0.0210317521,0.0200704844
0.2958482944,0.9099942921,-1.4755778889,-2.2466592936,-2.8972,2.5133916611,1.5036522297,0.0210317521,0.0200704844
0.2958482944,0.9099942921,-1.4755778889,-2.2466592936,-2.8972,2.5133916611,1.5036522297,0.0210317521,0.0200704844
0.2958483003,0.9099942918,-1.4755778921,-2.246659299,-2.8971999995,2.5133916603,1.5036522296,0.0210317521,0.0200704844
0.2958484201,0.9099942864,-1.4755779561,-2.2466594091,-2.8971999889,2.5133916439,1.5036522266,0.0210317521,0.0200704844
0.2958488498,0.9099942669,-1.4755781856,-2.2466598041,-2.897199951,2.5133915851,1.5036522162,0.0210317521,0.0200704844
0.2958498146,0.9099942232,-1.4755787011,-2.2466606909,-2.8971998659,2.5133914532,1.5036521928,0.0210317521,0.0200704844
0.2958514676,0.9099941483,-1.4755795843,-2.2466622101,-2.89719972,2.5133912273,1.5036521527,0.0210317521,0.0200704844
0.2958540103,0.9099940332,-1.4755809428,-2.2466645471,-2.8971994956,2.5133908797,1.503652091,0.0210317521,0.0200704844
0.2958576788,0.9099938673,-1.4755829028,-2.2466679187,-2.8971991718,2.5133903784,1.503652002,0.0210317521,0.0200704844
0.2958626712,0.9099936416,-1.4755855701,-2.2466725068,-2.8971987312,2.5133896963,1.503651881,0.0210317521,0.0200704844
0.2958691875,0.9099933471,-1.4755890517,-2.2466784955,-2.8971981561,2.513388806,1.503651723,0.0210317521,0.0200704844
0.2958774373,0.9099929746,-1.4755934594,-2.246686077,-2.897197428,2.5133876791,1.5036515232,0.0210317521,0.0200704844
0.2958876285,0.9099925146,-1.4755989044,-2.2466954425,-2.8971965284,2.5133862872,1.5036512764,0.0210317521,0.0200704844
0.2958999685,0.9099919579,-1.4756054975,-2.2467067825,-2.8971954392,2.513384602,1.5036509776,0.0210317521,0.0200704844
0.2959146659,0.9099912952,-1.4756133501,-2.2467202885,-2.8971941418,2.5133825952,1.5036506219,0.0210317521,0.0200704844
0.29593193,0.9099905172,-1.4756225741,-2.2467361529,-2.8971926178,2.5133802382,1.5036502043,0.0210317521,0.0200704844
0.2959519706,0.9099896145,-1.4756332815,-2.2467545682,-2.8971908486,2.5133775025,1.5036497196,0.0210317521,0.0200704844
0.2959749976,0.9099885779,-1.4756455846,-2.2467757274,-2.8971888157,2.5133743595,1.5036491629,0.0210317521,0.0200704844
0.2960012216,0.909987398,-1.4756595957,-2.2467998237,-2.8971865005,2.5133707807,1.5036485291,0.0210317521,0.0200704844
0.2960308532,0.9099860654,-1.4756754275,-2.2468270506,-2.8971838843,2.5133667374,1.5036478132,0.0210317521,0.0200704844
0.2960641035,0.9099845709,-1.4756931928,-2.2468576018,-2.8971809485,2.5133622009,1.5036470101,0.0210317521,0.0200704844
0.2961011838,0.9099829051,-1.4757130045,-2.2468916716,-2.8971776744,2.5133571425,1.5036461149,0.0210317521,0.0200704844
0.2961423059,0.9099810588,-1.4757349756,-2.246929454,-2.8971740434,2.5133515336,1.5036451224,0.0210317521,0.0200704844
0.2961876814,0.9099790225,-1.4757592194,-2.2469711436,-2.8971700365,2.5133453453,1.5036440277,0.0210317521,0.0200704844
0.2962375226,0.9099767871,-1.4757858491,-2.2470169351,-2.8971656352,2.513338549,1.5036428256,0.0210317521,0.0200704844
0.2962920416,0.9099743433,-1.4758149782,-2.2470670233,-2.8971608206,2.5133311158,1.5036415112,0.0210317521,0.0200704844
0.2963514508,0.9099716817,-1.4758467201,-2.2471216032,-2.897155574,2.513323017,1.5036400794,0.0210317521,0.0200704844
0.296415963,0.9099687931,-1.4758811886,-2.2471808698,-2.8971498764,2.5133142239,1.5036385252,0.0210317521,0.0200704844
0.2964857909,0.9099656683,-1.4759184973,-2.2472450185,-2.8971437091,2.5133047076,1.5036368436,0.0210317521,0.0200704844
0.2965611474,0.909962298,-1.4759587599,-2.2473142446,-2.8971370533,2.5132944393,1.5036350295,0.0210317521,0.0200704844
0.2966422457,0.9099586731,-1.4760020904,-2.2473887435,-2.89712989,2.5132833903,1.5036330779,0.0210317521,0.0200704844
0.2967292988,0.9099547842,-1.4760486026,-2.247468711,-2.8971222004,2.5132715317,1.5036309839,0.0210317521,0.0200704844
0.2968225201,0.9099506224,-1.4760984105,-2.2475543426,-2.8971139656,2.5132588349,1.5036287423,0.0210317521,0.0200704844
0.296922123,0.9099461783,-1.4761516281,-2.247645834,-2.8971051667,2.5132452709,1.5036263483,0.0210317521,0.0200704844
0.2970283211,0.909941443,-1.4762083696,-2.2477433811,-2.8970957847,2.5132308111,1.5036237967,0.0210317521,0.0200704844
0.2971413279,0.9099364072,-1.4762687491,-2.2478471798,-2.8970858008,2.5132154267,1.5036210827,0.0210317521,0.0200704844
0.2972613571,0.9099310619,-1.4763328807,-2.2479574259,-2.897075196,2.5131990889,1.5036182012,0.0210317521,0.0200704844
0.2973886225,0.909925398,-1.4764008788,-2.2480743154,-2.8970639514,2.513181769,1.5036151473,0.0210317521,0.0200704844
0.2975233379,0.9099194065,-1.4764728574,-2.2481980443,-2.8970520479,2.5131634383,1.503611916,0.0210317521,0.0200704844
0.2976657172,0.9099130785,-1.476548931,-2.2483288087,-2.8970394667,2.5131440681,1.5036085024,0.0210317521,0.0200704844
0.2978159742,0.9099064049,-1.4766292139,-2.2484668045,-2.8970261886,2.5131236297,1.5036049016,0.0210317521,0.0200704844
0.2979743231,0.9098993769,-1.4767138203,-2.2486122279,-2.8970121949,2.5131020944,1.5036011085,0.0210317521,0.0200704844
0.2981409778,0.9098919855,-1.4768028647,-2.2487652749,-2.8969974663,2.5130794336,1.5035971183,0.0210317521,0.0200704844
0.2983161524,0.9098842219,-1.4768964615,-2.2489261416,-2.896981984,2.5130556187,1.5035929262,0.0210317521,0.0200704844
0.298500061,0.9098760772,-1.476994725,-2.249095024,-2.8969657289,2.513030621,1.5035885271,0.0210317521,0.0200704844
0.2986929177,0.9098675427,-1.4770977697,-2.2492721183,-2.896948682,2.5130044121,1.5035839162,0.0210317521,0.0200704844
0.2988949365,0.9098586097,-1.47720571,-2.2494576203,-2.8969308243,2.5129769634,1.5035790888,0.0210317521,0.0200704844
0.2991063318,0.9098492694,-1.4773186604,-2.2496517262,-2.8969121367,2.5129482464,1.5035740398,0.0210317521,0.0200704844
0.2993273175,0.9098395133,-1.4774367352,-2.249854632,-2.8968926001,2.5129182327,1.5035687646,0.0210317521,0.0200704844
0.299558108,0.9098293326,-1.477560049,-2.2500665335,-2.8968721956,2.5128868938,1.5035632582,0.0210317521,0.0200704844
0.2997989173,0.909818719,-1.4776887162,-2.2502876267,-2.896850904,2.5128542013,1.5035575159,0.0210317521,0.0200704844
0.3000499596,0.9098076638,-1.4778228512,-2.2505181075,-2.8968287063,2.512820127,1.503551533,0.0210317521,0.0200704844
0.3003114431,0.909796159,-1.4779625654,-2.2507581662,-2.896805584,2.5127846432,1.5035453048,0.0210317521,0.0200704844
0.3005834741,0.9097842011,-1.4781079154,-2.2510078994,-2.8967815274,2.5127477367,1.5035388292,0.0210317521,0.0200704844
0.3008660707,0.9097717906,-1.4782589111,-2.2512673225,-2.8967565347,2.5127094059,1.5035321062,0.0210317521,0.0200704844
0.3011592217,0.9097589295,-1.4784155464,-2.2515364242,-2.8967306069,2.5126696535,1.5035251367,0.0210317521,0.0200704844
0.3014629882,0.9097456165,-1.4785778542,-2.2518152596,-2.8967037381,2.5126284722,1.5035179197,0.0210317521,0.0200704844
0.3017773828,0.9097318526,-1.478745841,-2.2521038387,-2.8966759272,2.5125858617,1.5035104553,0.0210317521,0.0200704844
0.3021023834,0.9097176405,-1.4789194951,-2.2524021401,-2.8966471758,2.5125418261,1.5035027448,0.0210317521,0.0200704844
0.3024380061,0.9097029811,-1.4790988253,-2.2527101772,-2.8966174823,2.5124963646,1.5034947884,0.0210317521,0.0200704844
0.3027842647,0.9096878754,-1.4792838389,-2.2530279614,-2.8965868452,2.5124494766,1.5034865862,0.0210317521,0.0200704844
0.3031411639,0.9096723252,-1.4794745384,-2.2533554953,-2.8965552638,2.5124011629,1.5034781388,0.0210317521,0.0200704844
0.3035087097,0.909656332,-1.4796709271,-2.2536927831,-2.8965227374,2.5123514241,1.5034694468,0.0210317521,0.0200704844
0.3038869087,0.9096398976,-1.4798730086,-2.2540398292,-2.8964892651,2.5123002609,1.5034605107,0.0210317521,0.0200704844
0.3042757662,0.9096230237,-1.4800807857,-2.2543966369,-2.896454846,2.5122476741,1.503451331,0.0210317521,0.0200704844
0.3046752868,0.9096057124,-1.4802942609,-2.2547632087,-2.8964194796,2.5121936648,1.5034419085,0.0210317521,0.0200704844
0.3050854749,0.9095879656,-1.4805134367,-2.2551395466,-2.8963831651,2.5121382341,1.5034322438,0.0210317521,0.0200704844
0.3055063343,0.9095697855,-1.4807383151,-2.2555256526,-2.8963459018,2.5120813834,1.5034223376,0.0210317521,0.0200704844
0.3059378686,0.9095511745,-1.4809688981,-2.2559215278,-2.896307689,2.512023114,1.5034121907,0.0210317521,0.0200704844
0.306380081,0.909532135,-1.4812051874,-2.2563271731,-2.8962685262,2.5119634275,1.503401804,0.0210317521,0.0200704844
0.3068329745,0.9095126695,-1.4814471846,-2.2567425891,-2.8962284127,2.5119023256,1.5033911782,0.0210317521,0.0200704844
0.3072965516,0.9094927807,-1.4816948913,-2.2571677759,-2.8961873478,2.51183981,1.5033803144,0.0210317521,0.0200704844
0.3077708147,0.9094724715,-1.4819483087,-2.2576027334,-2.8961453309,2.5117758828,1.5033692136,0.0210317521,0.0200704844
0.3082557662,0.9094517449,-1.4822074382,-2.2580474612,-2.8961023614,2.5117105461,1.5033578766,0.0210317521,0.0200704844
0.3087514079,0.909430604,-1.4824722807,-2.2585019586,-2.8960584386,2.511643802,1.5033463047,0.0210317521,0.0200704844
0.3092577419,0.909409052,-1.4827428375,-2.2589662245,-2.8960135619,2.5115756529,1.5033344989,0.0210317521,0.0200704844
0.3097747698,0.9093870926,-1.4830191094,-2.2594402579,-2.8959677307,2.5115061013,1.5033224605,0.0210317521,0.0200704844
0.3103024933,0.9093647292,-1.4833010975,-2.2599240571,-2.8959209443,2.51143515,1.5033101908,0.0210317521,0.0200704844
0.3108409138,0.9093419659,-1.4835888025,-2.2604176206,-2.8958732019,2.5113628016,1.503297691,0.0210317521,0.0200704844
0.3113900329,0.9093188065,-1.4838822254,-2.2609209463,-2.895824503,2.5112890592,1.5032849625,0.0210317521,0.0200704844
0.3119498518,0.9092952553,-1.4841813669,-2.261434032,-2.8957748466,2.5112139259,1.5032720069,0.0210317521,0.0200704844
0.3125203719,0.9092713168,-1.4844862278,-2.2619568755,-2.8957242322,2.5111374051,1.5032588257,0.0210317521,0.0200704844
0.3131015943,0.9092469956,-1.4847968087,-2.2624894739,-2.8956726589,2.5110595001,1.5032454205,0.0210317521,0.0200704844
0.3136935201,0.9092222967,-1.4851131104,-2.2630318243,-2.895620126,2.5109802148,1.503231793,0.0210317521,0.0200704844
0.3142961502,0.9091972252,-1.4854351333,-2.2635839236,-2.8955666325,2.5108995531,1.503217945,0.0210317521,0.0200704844
0.3149094856,0.9091717866,-1.4857628781,-2.264145768,-2.8955121778,2.510817519,1.5032038785,0.0210317521,0.0200704844
0.3155335268,0.9091459867,-1.4860963451,-2.2647173536,-2.8954567608,2.510734117,1.5031895954,0.0210317521,0.0200704844
0.3161682741,0.9091198314,-1.4864355346,-2.2652986758,-2.8954003807,2.5106493517,1.5031750979,0.0210317521,0.0200704844
0.3168137275,0.9090933272,-1.4867804466,-2.2658897295,-2.8953430366,2.510563228,1.5031603881,0.0210317521,0.0200704844
0.3174698864,0.909066481,-1.4871310809,-2.266490509,-2.8952847275,2.5104757514,1.5031454686,0.0210317521,0.0200704844
0.3181367498,0.9090392997,-1.487487437,-2.2671010075,-2.8952254527,2.5103869275,1.5031303418,0.0210317521,0.0200704844
0.3188143155,0.9090117912,-1.4878495139,-2.267721217,-2.8951652112,2.5102967623,1.5031150103,0.0210317521,0.0200704844
0.3195025804,0.9089839635,-1.48821731,-2.2683511285,-2.8951040021,2.5102052626,1.5030994772,0.0210317521,0.0200704844
0.3202015398,0.9089558252,-1.4885908228,-2.268990731,-2.8950418246,2.5101124355,1.5030837454,0.0210317521,0.0200704844
0.3209111873,0.9089273859,-1.488970049,-2.2696400112,-2.8949786781,2.5100182889,1.5030678183,0.0210317521,0.0200704844
0.3216315147,0.9088986555,-1.4893549843,-2.2702989541,-2.8949145619,2.5099228315,1.5030516994,0.0210317521,0.0200704844
0.3223625126,0.9088696447,-1.4897456238,-2.2709675429,-2.8948494753,2.5098260725,1.5030353927,0.0210317521,0.0200704844
0.3231041719,0.9088403653,-1.4901419628,-2.2716457604,-2.8947834177,2.509728022,1.5030189023,0.0210317521,0.0200704844
0.323856484,0.9088108296,-1.4905439965,-2.2723335891,-2.8947163879,2.5096286903,1.5030022326,0.0210317521,0.0200704844
0.3246194398,0.9087810509,-1.4909517204,-2.2730310106,-2.8946483851,2.5095280888,1.5029853883,0.0210317521,0.0200704844
0.3253930306,0.9087510437,-1.4913651299,-2.2737380058,-2.8945794079,2.5094262295,1.5029683745,0.0210317521,0.0200704844
0.3261772479,0.9087208235,-1.4917842204,-2.274454555,-2.8945094551,2.5093231253,1.5029511968,0.0210317521,0.0200704844
0.3269720832,0.9086904069,-1.4922089875,-2.2751806376,-2.894438525,2.50921879,1.5029338611,0.0210317521,0.0200704844
0.3277775282,0.9086598121,-1.4926394269,-2.2759162319,-2.8943666159,2.5091132386,1.5029163738,0.0210317521,0.0200704844
0.3285935748,0.9086290588,-1.4930755342,-2.2766613155,-2.8942937257,2.5090064871,1.5028987418,0.0210317521,0.0200704844
0.3294202155,0.9085981681,-1.4935173056,-2.277415865,-2.8942198522,2.5088985528,1.5028809726,0.0210317521,0.0200704844
0.330257443,0.9085671635,-1.4939647371,-2.2781798557,-2.8941449927,2.5087894544,1.5028630745,0.0210317521,0.0200704844
0.3311052503,0.90853607,-1.4944178251,-2.2789532617,-2.8940691444,2.5086792123,1.5028450564,0.0210317521,0.0200704844
0.3319636299,0.9085049155,-1.4948765655,-2.2797360546,-2.893992304,2.5085678489,1.5028269279,0.0210317521,0.0200704844
0.3328325729,0.9084737304,-1.4953409535,-2.2805282031,-2.893914468,2.5084553884,1.5028086999,0.0210317521,0.0200704844
0.3337120696,0.9084425479,-1.4958109838,-2.2813296721,-2.8938356328,2.508341858,1.5027903841,0.0210317521,0.0200704844
0.3346021084,0.9084114048,-1.4962866503,-2.2821404231,-2.8937557941,2.5082272874,1.5027719933,0.0210317521,0.0200704844
0.3355026772,0.9083803419,-1.496767946,-2.2829604136,-2.8936749474,2.5081117092,1.5027535421,0.0210317521,0.0200704844
0.3364137621,0.9083494038,-1.4972548636,-2.2837895965,-2.8935930877,2.5079951599,1.5027350461,0.0210317521,0.0200704844
0.3373353487,0.9083186405,-1.4977473948,-2.2846279205,-2.8935102092,2.5078776795,1.5027165228,0.0210317521,0.0200704844
0.3382674217,0.908288107,-1.498245531,-2.285475329,-2.8934263057,2.5077593125,1.5026979918,0.0210317521,0.0200704844
0.3392099651,0.9082578648,-1.4987492632,-2.2863317607,-2.8933413698,2.5076401084,1.5026794747,0.0210317521,0.0200704844
0.3401629634,0.9082279824,-1.4992585823,-2.2871971488,-2.8932553936,2.507520122,1.5026609954,0.0210317521,0.0200704844
0.3411264015,0.908198536,-1.4997734793,-2.2880714212,-2.8931683675,2.5073994141,1.5026425809,0.0210317521,0.0200704844
0.3421002664,0.9081696104,-1.5002939458,-2.2889545011,-2.8930802809,2.5072780522,1.5026242608,0.0210317521,0.0200704844
0.3430845479,0.9081413,-1.5008199751,-2.2898463069,-2.8929911213,2.5071561107,1.5026060684,0.0210317521,0.0200704844
0.344079241,0.9081137094,-1.5013515623,-2.2907467542,-2.8929008745,2.5070336717,1.5025880401,0.0210317521,0.0200704844
0.3450843476,0.9080869536,-1.5018887062,-2.2916557569,-2.8928095241,2.5069108245,1.5025702163,0.0210317521,0.0200704844
0.3460997903,0.9080611561,-1.5024313623,-2.2925731524,-2.8927170599,2.5067876734,1.5025526406,0.0210317521,0.0200704844
0.3471252755,0.9080364427,-1.5029793703,-2.293498586,-2.892623492,2.5066643463,1.5025353597,0.0210317521,0.0200704844
0.3481605071,0.9080129395,-1.5035325681,-2.2944317007,-2.8925288307,2.5065409718,1.5025184201,0.0210317521,0.0200704844
0.3492053167,0.9079907721,-1.504090861,-2.2953722537,-2.8924330741,2.5064176649,1.5025018671,0.0210317521,0.0200704844
0.3502597263,0.9079700633,-1.5046542557,-2.2963201729,-2.892336203,2.5062945195,1.5024857436,0.0210317521,0.0200704844
0.3513238256,0.9079509254,-1.5052227941,-2.2972754548,-2.8922381931,2.5061716143,1.5024700881,0.0210317521,0.0200704844
0.3523977127,0.9079334512,-1.5057965229,-2.2982381189,-2.8921390222,2.5060490121,1.5024549322,0.0210317521,0.0200704844
0.3534814867,0.9079177092,-1.5063754891,-2.2992082045,-2.8920386712,2.5059267567,1.5024402993,0.0210317521,0.0200704844
0.3545752383,0.9079037422,-1.5069597354,-2.3001857633,-2.8919371257,2.5058048727,1.5024262035,0.0210317521,0.0200704844
0.3556790367,0.9078915696,-1.5075492938,-2.301170846,-2.8918343766,2.5056833683,1.5024126513,0.0210317521,0.0200704844
0.3567929162,0.9078811917,-1.5081441781,-2.3021634871,-2.8917304207,2.505562241,1.5023996425,0.0210317521,0.0200704844
0.3579168845,0.9078725966,-1.5087443884,-2.3031637063,-2.8916252593,2.5054414806,1.5023871733,0.0210317521,0.0200704844
0.3590509315,0.9078657639,-1.509349916,-2.3041715139,-2.8915188963,2.5053210728,1.5023752367,0.0210317521,0.0200704844
0.3601950349,0.9078606687,-1.509960746,-2.3051869129,-2.8914113376,2.5052010002,1.5023638244,0.0210317521,0.0200704844
0.3613491646,0.9078572834,-1.5105768598,-2.3062099008,-2.89130259,2.5050812447,1.5023529273,0.0210317521,0.0200704844
0.3625132869,0.9078555804,-1.5111982371,-2.3072404718,-2.8911926608,2.5049617881,1.5023425363,0.0210317521,0.0200704844
0.3636873666,0.9078555325,-1.511824857,-2.3082786182,-2.8910815575,2.5048426127,1.5023326425,0.0210317521,0.0200704844
0.3648713694,0.9078571144,-1.5124566995,-2.3093243318,-2.8909692871,2.5047237021,1.5023232376,0.0210317521,0.0200704844
0.3660652634,0.9078603026,-1.5130937457,-2.3103776045,-2.890855856,2.5046050414,1.502314314,0.0210317521,0.0200704844
0.3672690201,0.9078650764,-1.5137359789,-2.3114384295,-2.8907412701,2.5044866168,1.5023058649,0.0210317521,0.0200704844
0.3684826154,0.907871417,-1.5143833846,-2.3125068018,-2.8906255346,2.5043684162,1.5022978844,0.0210317521,0.0200704844
0.3697060301,0.9078793087,-1.515035951,-2.3135827189,-2.8905086537,2.504250429,1.5022903674,0.0210317521,0.0200704844
0.3709392503,0.9078887379,-1.5156936691,-2.3146661808,-2.8903906308,2.5041326457,1.5022833097,0.0210317521,0.0200704844
0.3721822664,0.9078996936,-1.5163565323,-2.3157571896,-2.8902714687,2.5040150585,1.5022767079,0.0210317521,0.0200704844
0.3734350721,0.9079121672,-1.5170245355,-2.3168557484,-2.8901511693,2.5038976612,1.5022705594,0.0210317521,0.0200704844
0.3746976641,0.9079261525,-1.5176976755,-2.3179618614,-2.8900297342,2.503780449,1.5022648624,0.0210317521,0.0200704844
0.3759700438,0.9079416459,-1.5183759512,-2.3190755347,-2.8899071639,2.5036634184,1.5022596161,0.0210317521,0.0200704844
0.3772521758,0.9079586445,-1.5190593418,-2.3201967413,-2.8897834624,2.5035465707,1.5022548203,0.0210317521,0.0200704844
0.378543902,0.9079771445,-1.5197477616,-2.3213253464,-2.8896586454,2.5034299185,1.5022504751,0.0210317521,0.0200704844
0.379845015,0.9079971424,-1.5204410983,-2.3224611714,-2.8895327334,2.50331348,1.5022465817,0.0210317521,0.0200704844
0.3811553091,0.9080186367,-1.5211392405,-2.3236040375,-2.8894057462,2.5031972744,1.5022431416,0.0210317521,0.0200704844
0.3824745782,0.9080416273,-1.5218420765,-2.3247537648,-2.8892777036,2.5030813224,1.5022401568,0.0210317521,0.0200704844
0.3838026156,0.9080661156,-1.522549494,-2.3259101716,-2.8891486251,2.5029656457,1.50223763,0.0210317521,0.0200704844
0.3851392145,0.908092104,-1.5232613806,-2.3270730755,-2.8890185304,2.502850267,1.5022355642,0.0210317521,0.0200704844
0.3864841675,0.908119596,-1.5239776235,-2.3282422932,-2.8888874386,2.5027352097,1.5022339628,0.0210317521,0.0200704844
0.3878372682,0.9081485959,-1.52469811,-2.3294176413,-2.888755369,2.5026204979,1.5022328293,0.0210317521,0.0200704844
0.389198311,0.9081791082,-1.525422728,-2.3305989374,-2.8886223407,2.5025061557,1.5022321675,0.0210317521,0.0200704844
0.3905670919,0.9082111377,-1.5261513657,-2.3317860005,-2.8884883725,2.5023922076,1.5022319812,0.0210317521,0.0200704844
0.3919434081,0.9082446891,-1.5268839118,-2.3329786508,-2.8883534832,2.5022786774,1.502232274,0.0210317521,0.0200704844
0.3933270578,0.9082797663,-1.5276202555,-2.3341767103,-2.8882176917,2.5021655887,1.5022330495,0.0210317521,0.0200704844
0.3947178405,0.9083163725,-1.5283602862,-2.335380003,-2.8880810166,2.5020529643,1.5022343108,0.0210317521,0.0200704844
0.3961155567,0.9083545092,-1.5291038936,-2.336588355,-2.8879434769,2.5019408256,1.5022360604,0.0210317521,0.0200704844
0.3975200078,0.9083941758,-1.5298509675,-2.3378015952,-2.8878050917,2.5018291924,1.5022383001,0.0210317521,0.0200704844
0.3989309952,0.9084353689,-1.5306013976,-2.3390195554,-2.8876658804,2.5017180824,1.5022410306,0.0210317521,0.0200704844
0.4003483207,0.9084780814,-1.5313550735,-2.3402420701,-2.8875258631,2.5016075104,1.5022442513,0.0210317521,0.0200704844
0.4017717852,0.9085223015,-1.5321118838,-2.3414689772,-2.8873850604,2.5014974878,1.50224796,0.0210317521,0.0200704844
0.4032011876,0.9085680118,-1.5328717161,-2.3427001176,-2.887243494,2.501388022,1.5022521525,0.0210317521,0.0200704844
0.4046363239,0.9086151886,-1.5336344558,-2.3439353343,-2.8871011867,2.5012791158,1.5022568221,0.0210317521,0.0200704844
0.406076985,0.9086638007,-1.5343999858,-2.3451744721,-2.8869581627,2.5011707669,1.5022619599,0.0210317521,0.0200704844
0.4075229549,0.9087138095,-1.5351681849,-2.3464173753,-2.8868144481,2.5010629679,1.502267554,0.0210317521,0.0200704844
0.4089740968,0.9087651698,-1.5359389742,-2.3476639632,-2.8866700622,2.5009556984,1.5022735896,0.0210317521,0.0200704844
0.4104304899,0.9088178366,-1.5367123903,-2.3489143461,-2.8865250039,2.5008489165,1.5022800502,0.0210317521,0.0200704844
0.4118922164,0.9088717663,-1.5374884709,-2.3501686355,-2.8863792714,2.500742581,1.5022869193,0.0210317521,0.0200704844
0.41335923,0.9089269173,-1.5382671853,-2.3514268279,-2.886232875,2.5006366657,1.5022941824,0.0210317521,0.0200704844
0.4148312945,0.9089832514,-1.5390484014,-2.3526887488,-2.8860858421,2.5005311661,1.5023018277,0.0210317521,0.0200704844
0.4163081059,0.9090407419,-1.5398319508,-2.3539541551,-2.8859382051,2.500426094,1.5023098476,0.0210317521,0.0200704844
0.4177893514,0.9090993811,-1.54061766,-2.3552227808,-2.8857899943,2.5003214769,1.5023182413,0.0210317521,0.0200704844
0.4192747175,0.909159185,-1.5414053547,-2.3564943411,-2.8856412368,2.5002173609,1.502327016,0.0210317521,0.0200704844
0.4207638991,0.9092201938,-1.5421948645,-2.3577685399,-2.8854919554,2.5001138105,1.5023361876,0.0210317521,0.0200704844
0.4222566123,0.9092824697,-1.5429860295,-2.3590450837,-2.8853421676,2.5000109052,1.5023457788,0.0210317521,0.0200704844
0.4237526083,0.9093460911,-1.5437787075,-2.3603236972,-2.8851918854,2.4999087338,1.5023558179,0.0210317521,0.0200704844
0.425251665,0.9094111457,-1.5445727702,-2.3616041223,-2.8850411168,2.4998073899,1.5023663361,0.0210317521,0.0200704844
0.426753578,0.9094777259,-1.5453680983,-2.3628861131,-2.8848898676,2.4997069689,1.5023773661,0.0210317521,0.0200704844
0.4282581554,0.9095459251,-1.5461645784,-2.3641694343,-2.884738142,2.4996075661,1.5023889406,0.0210317521,0.0200704844
0.4297652132,0.9096158343,-1.5469621016,-2.3654538593,-2.884585944,2.4995092741,1.5024010915,0.0210317521,0.0200704844
0.4312745715,0.9096875405,-1.5477605609,-2.3667391685,-2.8844332776,2.4994121818,1.5024138491,0.0210317521,0.0200704844
0.4327860521,0.9097611248,-1.5485598506,-2.3680251481,-2.8842801476,2.4993163737,1.5024272418,0.0210317521,0.0200704844
0.4342994768,0.909836662,-1.5493598649,-2.3693115889,-2.8841265597,2.499221929,1.5024412956,0.0210317521,0.0200704844
0.4358146656,0.9099142196,-1.550160498,-2.3705982858,-2.8839725207,2.4991289216,1.5024560341,0.0210317521,0.0200704844
0.4373314363,0.9099938578,-1.5509616431,-2.3718850367,-2.8838180387,2.4990374196,1.5024714786,0.0210317521,0.0200704844
0.4388496038,0.9100756295,-1.5517631924,-2.3731716426,-2.8836631232,2.4989474857,1.5024876475,0.0210317521,0.0200704844
0.4403689796,0.9101595803,-1.5525650373,-2.3744579063,-2.8835077849,2.4988591773,1.5025045572,0.0210317521,0.0200704844
0.4418893722,0.9102457493,-1.5533670679,-2.375743633,-2.883352036,2.4987725463,1.5025222217,0.0210317521,0.0200704844
0.4434105862,0.9103341686,-1.5541691733,-2.3770286291,-2.8831958899,2.4986876399,1.5025406528,0.0210317521,0.0200704844
0.444932423,0.9104248641,-1.5549712415,-2.3783127026,-2.8830393614,2.4986045001,1.5025598601,0.0210317521,0.0200704844
0.4464546806,0.9105178556,-1.5557731594,-2.3795956627,-2.8828824662,2.4985231648,1.5025798514,0.0210317521,0.0200704844
0.4479771525,0.9106131573,-1.5565748124,-2.3808773185,-2.8827252217,2.4984436673,1.5026006325,0.0210317521,0.0200704844
0.4494996687,0.9107107787,-1.5573761061,-2.3821575146,-2.8825676422,2.4983660336,1.5026222077,0.0210317521,0.0200704844
0.4510221817,0.9108107278,-1.5581770118,-2.3834362051,-2.882409731,2.4982902757,1.5026445796,0.0210317521,0.0200704844
0.4525446934,0.910913009,-1.5589775277,-2.38471339,-2.882251487,2.4982163975,1.5026677493,0.0210317521,0.0200704844
0.4540672035,0.911017622,-1.5597776518,-2.3859890706,-2.8820929101,2.4981443996,1.5026917164,0.0210317521,0.0200704844
0.4555897122,0.9111245625,-1.5605773828,-2.3872632518,-2.881934001,2.4980742788,1.5027164794,0.0210317521,0.0200704844
0.4571122196,0.9112338217,-1.5613767199,-2.3885359408,-2.8817747608,2.4980060284,1.5027420351,0.0210317521,0.0200704844
0.4586347257,0.9113453874,-1.5621756632,-2.3898071478,-2.8816151913,2.4979396387,1.5027683793,0.0210317521,0.0200704844
0.4601572307,0.9114592435,-1.5629742133,-2.3910768851,-2.8814552947,2.4978750971,1.5027955067,0.0210317521,0.0200704844
0.4616797346,0.9115753707,-1.5637723712,-2.3923451676,-2.8812950741,2.4978123877,1.5028234107,0.0210317521,0.0200704844
0.4632022376,0.9116937462,-1.5645701386,-2.3936120123,-2.8811345327,2.4977514924,1.5028520838,0.0210317521,0.0200704844
0.4647247397,0.9118143442,-1.5653675177,-2.3948774384,-2.8809736743,2.4976923902,1.5028815174,0.0210317521,0.0200704844
0.4662472409,0.9119371358,-1.5661645111,-2.3961414669,-2.8808125033,2.4976350576,1.5029117021,0.0210317521,0.0200704844
0.4677697415,0.9120620897,-1.5669611219,-2.397404121,-2.8806510243,2.4975794689,1.5029426275,0.0210317521,0.0200704844
0.4692922414,0.9121891715,-1.5677573537,-2.3986654255,-2.8804892426,2.4975255961,1.5029742823,0.0210317521,0.0200704844
0.4708147407,0.9123183446,-1.5685532104,-2.3999254069,-2.8803271636,2.4974734095,1.5030066546,0.0210317521,0.0200704844
0.4723372396,0.91244957,-1.5693486962,-2.4011840933,-2.880164793,2.497422877,1.5030397315,0.0210317521,0.0200704844
0.4738597381,0.9125828071,-1.5701438157,-2.402441514,-2.8800021372,2.4973739654,1.5030734996,0.0210317521,0.0200704844
0.4753822363,0.9127180131,-1.5709385735,-2.4036976996,-2.8798392023,2.4973266399,1.5031079451,0.0210317521,0.0200704844
0.4769047342,0.9128551444,-1.5717329747,-2.4049526815,-2.8796759951,2.4972808648,1.5031430535,0.0210317521,0.0200704844
0.478427232,0.9129941561,-1.5725270242,-2.4062064918,-2.8795125221,2.4972366033,1.50317881,0.0210317521,0.0200704844
0.4799497297,0.9131350029,-1.5733207269,-2.407459163,-2.8793487901,2.4971938186,1.5032151997,0.0210317521,0.0200704844
0.4814722272,0.9132776391,-1.5741140877,-2.4087107277,-2.879184806,2.4971524736,1.5032522075,0.0210317521,0.0200704844
0.4829947246,0.9134220196,-1.5749071111,-2.4099612185,-2.8790205763,2.4971125318,1.5032898183,0.0210317521,0.0200704844
0.4845172219,0.9135681002,-1.5756998012,-2.4112106673,-2.8788561077,2.4970739575,1.5033280172,0.0210317521,0.0200704844
0.4860397191,0.9137158379,-1.5764921615,-2.4124591051,-2.8786914062,2.4970367164,1.5033667898,0.0210317521,0.0200704844
0.4875622162,0.913865192,-1.577284195,-2.4137065617,-2.8785264777,2.497000776,1.503406122,0.0210317521,0.0200704844
0.4890847131,0.9140161243,-1.5780759035,-2.4149530653,-2.8783613277,2.4969661065,1.5034460006,0.0210317521,0.0200704844
0.4906072098,0.9141686,-1.5788672879,-2.4161986421,-2.8781959607,2.4969326811,1.503486413,0.0210317521,0.0200704844
0.4921297064,0.914322588,-1.5796583479,-2.4174433159,-2.8780303811,2.4969004764,1.503527348,0.0210317521,0.0200704844
0.4936522029,0.9144780616,-1.580449082,-2.4186871075,-2.877864592,2.4968694728,1.5035687951,0.0210317521,0.0200704844
0.4951746992,0.9146349988,-1.5812394873,-2.4199300352,-2.877698596,2.4968396552,1.5036107456,0.0210317521,0.0200704844
0.4966971955,0.9147933826,-1.5820295593,-2.4211721137,-2.8775323948,2.4968110129,1.5036531917,0.0210317521,0.0200704844
0.4982196916,0.9149532013,-1.5828192924,-2.4224133543,-2.877365989,2.4967835402,1.5036961276,0.0210317521,0.0200704844
0.4997421878,0.915114449,-1.5836086793,-2.4236537649,-2.8771993785,2.496757236,1.5037395488,0.0210317521,0.0200704844
0.5012646839,0.9152771252,-1.5843977115,-2.4248933494,-2.877032562,2.4967321045,1.5037834524,0.0210317521,0.0200704844
0.50278718,0.9154412349,-1.5851863789,-2.4261321084,-2.8768655374,2.4967081546,1.5038278372,0.0210317521,0.0200704844
0.5043096762,0.9156067888,-1.5859746704,-2.4273700387,-2.8766983018,2.4966853999,1.5038727036,0.0210317521,0.0200704844
0.5058321724,0.9157738025,-1.5867625736,-2.4286071337,-2.8765308513,2.4966638588,1.5039180534,0.0210317521,0.0200704844
0.5073546688,0.9159422967,-1.5875500752,-2.4298433835,-2.8763631812,2.4966435537,1.5039638901,0.0210317521,0.0200704844
0.5088771652,0.9161122966,-1.5883371608,-2.431078775,-2.8761952862,2.496624511,1.5040102184,0.0210317521,0.0200704844
0.5103996617,0.9162838314,-1.5891238154,-2.4323132927,-2.8760271601,2.4966067606,1.5040570442,0.0210317521,0.0200704844
0.5119221583,0.9164569339,-1.5899100232,-2.4335469183,-2.8758587964,2.4965903353,1.5041043747,0.0210317521,0.0200704844
0.513444655,0.9166316398,-1.590695768,-2.4347796317,-2.875690188,2.4965752705,1.5041522178,0.0210317521,0.0200704844
0.5149671519,0.9168079873,-1.5914810332,-2.4360114108,-2.8755213274,2.4965616036,1.5042005823,0.0210317521,0.0200704844
0.5164896488,0.9169860164,-1.5922658019,-2.4372422327,-2.8753522069,2.4965493735,1.5042494776,0.0210317521,0.0200704844
0.5180121458,0.9171657685,-1.5930500572,-2.4384720731,-2.8751828185,2.4965386203,1.5042989134,0.0210317521,0.0200704844
0.5195346429,0.9173472854,-1.593833782,-2.4397009075,-2.8750131543,2.4965293845,1.5043488998,0.0210317521,0.0200704844
0.5210571402,0.9175306094,-1.5946169595,-2.4409287109,-2.8748432062,2.4965217068,1.5043994469,0.0210317521,0.0200704844
0.5225796377,0.9177157827,-1.5953995731,-2.4421554585,-2.8746729662,2.4965156275,1.5044505647,0.0210317521,0.0200704844
0.5241021355,0.9179028466,-1.5961816063,-2.4433811259,-2.8745024263,2.4965111866,1.5045022634,0.0210317521,0.0200704844
0.5256246336,0.9180918416,-1.5969630432,-2.4446056891,-2.8743315789,2.496508423,1.5045545525,0.0210317521,0.0200704844
0.5271471322,0.9182828071,-1.5977438682,-2.4458291248,-2.8741604164,2.4965073746,1.5046074416,0.0210317521,0.0200704844
0.5286696312,0.9184757808,-1.5985240666,-2.4470514107,-2.8739889316,2.4965080776,1.5046609397,0.0210317521,0.0200704844
0.5301921309,0.9186707985,-1.5993036238,-2.4482725256,-2.8738171177,2.4965105668,1.5047150551,0.0210317521,0.0200704844
0.5317146313,0.918867894,-1.6000825264,-2.4494924496,-2.8736449681,2.496514875,1.504769796,0.0210317521,0.0200704844
0.5332371326,0.919067099,-1.6008607614,-2.4507111641,-2.8734724767,2.4965210328,1.5048251695,0.0210317521,0.0200704844
0.5347596346,0.9192684424,-1.6016383168,-2.4519286519,-2.8732996377,2.4965290687,1.5048811826,0.0210317521,0.0200704844
0.5362821376,0.9194719509,-1.6024151815,-2.4531448974,-2.873126446,2.4965390087,1.504937841,0.0210317521,0.0200704844
0.5378046417,0.9196776481,-1.6031913451,-2.4543598868,-2.8729528968,2.4965508764,1.50499515,0.0210317521,0.0200704844
0.5393271468,0.919885555,-1.6039667983,-2.455573608,-2.8727789858,2.4965646928,1.5050531142,0.0210317521,0.0200704844
0.5408496532,0.9200956893,-1.6047415328,-2.4567860506,-2.8726047093,2.4965804759,1.5051117371,0.0210317521,0.0200704844
0.5423721608,0.9203080658,-1.6055155413,-2.4579972063,-2.8724300643,2.4965982409,1.5051710216,0.0210317521,0.0200704844
0.5438946699,0.9205226956,-1.6062888175,-2.459207069,-2.872255048,2.4966179999,1.5052309694,0.0210317521,0.0200704844
0.5454171804,0.9207395863,-1.6070613567,-2.4604156346,-2.8720796587,2.4966397616,1.5052915815,0.0210317521,0.0200704844
0.5469396926,0.9209587417,-1.607833155,-2.4616229014,-2.8719038952,2.4966635314,1.5053528577,0.0210317521,0.0200704844
0.5484622066,0.9211801617,-1.6086042102,-2.4628288701,-2.8717277568,2.4966893107,1.5054147968,0.0210317521,0.0200704844
0.5499847225,0.9214038415,-1.6093745215,-2.464033544,-2.8715512438,2.4967170969,1.5054773964,0.0210317521,0.0200704844
0.5515072406,0.9216297721,-1.6101440897,-2.4652369294,-2.8713743574,2.4967468834,1.505540653,0.0210317521,0.0200704844
0.5530297609,0.9218579393,-1.6109129173,-2.4664390354,-2.8711970995,2.4967786587,1.5056045617,0.0210317521,0.0200704844
0.5545522836,0.9220883236,-1.6116810089,-2.4676398742,-2.8710194731,2.4968124065,1.5056691163,0.0210317521,0.0200704844
0.5560748091,0.9223208999,-1.6124483712,-2.4688394616,-2.8708414821,2.4968481051,1.5057343091,0.0210317521,0.0200704844
0.5575973375,0.9225556371,-1.613215013,-2.4700378168,-2.8706631316,2.496885727,1.505800131,0.0210317521,0.0200704844
0.5591198691,0.9227924975,-1.6139809459,-2.4712349629,-2.870484428,2.4969252386,1.505866571,0.0210317521,0.0200704844
0.5606424041,0.9230314364,-1.6147461842,-2.4724309271,-2.8703053789,2.4969665996,1.5059336169,0.0210317521,0.0200704844
0.5621649427,0.923272402,-1.6155107451,-2.4736257407,-2.8701259934,2.4970097626,1.5060012543,0.0210317521,0.0200704844
0.5636874851,0.9235153345,-1.6162746493,-2.4748194396,-2.8699462819,2.4970546727,1.5060694672,0.0210317521,0.0200704844
0.5652100316,0.9237601663,-1.6170379208,-2.4760120642,-2.8697662565,2.4971012672,1.5061382378,0.0210317521,0.0200704844
0.5667325821,0.9240068214,-1.6178005875,-2.4772036594,-2.869585931,2.497149475,1.5062075464,0.0210317521,0.0200704844
0.5682551367,0.9242552158,-1.6185626806,-2.4783942747,-2.8694053208,2.4971992172,1.5062773716,0.0210317521,0.0200704844
0.5697776952,0.9245052579,-1.6193242353,-2.479583964,-2.8692244428,2.497250407,1.5063476903,0.0210317521,0.0200704844
0.5713002572,0.924756849,-1.62008529,-2.4807727845,-2.8690433154,2.4973029505,1.5064184782,0.0210317521,0.0200704844
0.5728228217,0.925009885,-1.6208458859,-2.4819607963,-2.8688619583,2.4973567481,1.5064897099,0.0210317521,0.0200704844
0.5743452677,0.9252642383,-1.6216060056,-2.4831479672,-2.8686804063,2.4974116925,1.5065613537,0.0210317521,0.0200704844
0.5758673533,0.9255197622,-1.6223655716,-2.4843341707,-2.8684987081,2.4974676728,1.5066333724,0.0210317521,0.0200704844
0.5773888492,0.9257763177,-1.6231245103,-2.4855192864,-2.8683169103,2.4975245839,1.5067057309,0.0210317521,0.0200704844
0.5789095441,0.9260337809,-1.6238827518,-2.486703201,-2.8681350547,2.4975823334,1.5067783976,0.0210317521,0.0200704844
0.5804292535,0.926292053,-1.6246402302,-2.4878858103,-2.8679531757,2.4976408501,1.5068513468,0.0210317521,0.0200704844
0.5819478234,0.9265510691,-1.6253968812,-2.4890670178,-2.8677712986,2.4977000933,1.5069245603,0.0210317521,0.0200704844
0.5834651358,0.9268108039,-1.6261526424,-2.4902467358,-2.8675894371,2.4977600575,1.5069980285,0.0210317521,0.0200704844
0.5849810971,0.9270712678,-1.6269074478,-2.4914248778,-2.8674075955,2.4978207706,1.5070717491,0.0210317521,0.0200704844
0.5864956205,0.9273324974,-1.6276612224,-2.4926013482,-2.8672257722,2.4978822864,1.5071457251,0.0210317521,0.0200704844
0.5880086099,0.9275945427,-1.6284138787,-2.4937760356,-2.867043963,2.4979446745,1.5072199618,0.0210317521,0.0200704844
0.5895199499,0.9278574555,-1.6291653168,-2.4949488105,-2.8668621653,2.4980080091,1.507294464,0.0210317521,0.0200704844
0.5910295177,0.9281212838,-1.629915434,-2.4961195392,-2.8666803775,2.4980723622,1.5073692356,0.0210317521,0.0200704844
0.5925372076,0.9283860719,-1.6306641392,-2.4972881045,-2.8664985972,2.4981377997,1.5074442798,0.0210317521,0.0200704844
0.5940428553,0.9286518433,-1.6314113176,-2.4984543499,-2.8663168315,2.4982043743,1.5075195945,0.0210317521,0.0200704844
0.5955462449,0.9289185999,-1.6321568348,-2.4996180855,-2.866135096,2.4982721239,1.5075951727,0.0210317521,0.0200704844
0.5970471428,0.9291863301,-1.6329005532,-2.5007791138,-2.8659534107,2.4983410747,1.5076710043,0.0210317521,0.0200704844
0.5985453016,0.9294550096,-1.6336423334,-2.501937232,-2.8657717995,2.4984112418,1.5077470765,0.0210317521,0.0200704844
0.6000404627,0.9297246039,-1.6343820351,-2.5030922332,-2.8655902894,2.4984826311,1.5078233746,0.0210317521,0.0200704844
0.6015323591,0.9299950698,-1.6351195176,-2.5042439082,-2.8654089101,2.4985552406,1.5078998822,0.0210317521,0.0200704844
0.6030207173,0.9302663574,-1.6358546402,-2.5053920455,-2.8652276932,2.4986290617,1.5079765814,0.0210317521,0.0200704844
0.6045052585,0.930538411,-1.6365872624,-2.5065364324,-2.865046672,2.4987040807,1.5080534535,0.0210317521,0.0200704844
0.6059857005,0.9308111709,-1.6373172439,-2.5076768554,-2.8648658811,2.4987802799,1.5081304791,0.0210317521,0.0200704844
0.607461758,0.9310845742,-1.6380444446,-2.5088131001,-2.864685356,2.4988576383,1.5082076381,0.0210317521,0.0200704844
0.608933144,0.9313585557,-1.6387687249,-2.5099449516,-2.8645051331,2.4989361327,1.5082849103,0.0210317521,0.0200704844
0.610399571,0.9316330489,-1.6394899458,-2.5110721957,-2.8643252491,2.4990157384,1.5083622753,0.0210317521,0.0200704844
0.6118607539,0.9319079871,-1.6402079701,-2.51219462,-2.8641457404,2.4990964298,1.5084397129,0.0210317521,0.0200704844
0.6133164092,0.9321833037,-1.6409226618,-2.513312014,-2.8639666437,2.499178181,1.508517203,0.0210317521,0.0200704844
0.6147662558,0.9324589326,-1.6416338861,-2.5144241682,-2.8637879951,2.4992609661,1.5085947258,0.0210317521,0.0200704844
0.616210014,0.9327348082,-1.6423415092,-2.5155308747,-2.8636098308,2.4993447596,1.5086722619,0.0210317521,0.0200704844
0.6176474061,0.933010866,-1.643045398,-2.5166319263,-2.8634321864,2.4994295364,1.508749792,0.0210317521,0.0200704844
0.6190781559,0.933287043,-1.6437454198,-2.5177271168,-2.8632550974,2.4995152724,1.5088272974,0.0210317521,0.0200704844
0.6205019889,0.9335632769,-1.6444414424,-2.5188162404,-2.8630785988,2.4996019444,1.5089047597,0.0210317521,0.0200704844
0.621918632,0.9338395076,-1.6451333338,-2.5198990919,-2.8629027252,2.4996895306,1.5089821608,0.0210317521,0.0200704844
0.6233278133,0.9341156761,-1.6458209621,-2.5209754661,-2.8627275109,2.4997780105,1.5090594832,0.0210317521,0.0200704844
0.6247292622,0.9343917256,-1.6465041952,-2.5220451579,-2.8625529896,2.4998673652,1.5091367097,0.0210317521,0.0200704844
0.6261227093,0.9346676011,-1.647182901,-2.5231079624,-2.8623791946,2.4999575778,1.5092138237,0.0210317521,0.0200704844
0.6275078861,0.9349432497,-1.6478569467,-2.524163674,-2.8622061586,2.500048633,1.5092908088,0.0210317521,0.0200704844
0.628884525,0.9352186208,-1.6485261991,-2.5252120867,-2.862033914,2.5001405179,1.5093676496,0.0210317521,0.0200704844
0.6302523596,0.9354936662,-1.6491905246,-2.5262529943,-2.8618624923,2.5002332218,1.5094443307,0.0210317521,0.0200704844
0.6316111246,0.9357683405,-1.6498497888,-2.52728619,-2.8616919246,2.5003267366,1.5095208375,0.0210317521,0.0200704844
0.6329605581,0.9360426017,-1.6505038574,-2.5283114679,-2.8615222409,2.5004210574,1.5095971563,0.0210317521,0.0200704844
0.6343004007,0.9363164111,-1.6511525963,-2.5293286226,-2.8613534702,2.5005161822,1.5096732739,0.0210317521,0.0200704844
0.6356303958,0.9365897338,-1.6517958707,-2.5303374488,-2.8611856406,2.5006121128,1.5097491778,0.0210317521,0.0200704844
0.6369502884,0.9368625385,-1.6524335452,-2.5313377409,-2.8610187793,2.5007088542,1.5098248564,0.0210317521,0.0200704844
0.6382598251,0.9371347976,-1.653065483,-2.5323292924,-2.8608529125,2.5008064151,1.5099002987,0.0210317521,0.0200704844
0.6395587536,0.937406487,-1.6536915464,-2.5333118959,-2.8606880654,2.5009048082,1.5099754943,0.0210317521,0.0200704844
0.6408468227,0.9376775862,-1.6543115961,-2.5342853428,-2.8605242626,2.5010040495,1.5100504334,0.0210317521,0.0200704844
0.6421237821,0.9379480779,-1.6549254915,-2.5352494237,-2.8603615278,2.5011041584,1.5101251068,0.0210317521,0.0200704844
0.643389382,0.9382179471,-1.6555330911,-2.5362039283,-2.8601998839,2.5012051571,1.5101995054,0.0210317521,0.0200704844
0.6446433739,0.93848718,-1.6561342525,-2.5371486465,-2.8600393534,2.5013070692,1.5102736204,0.0210317521,0.0200704844
0.6458856296,0.9387557825,-1.656728894,-2.5380834629,-2.8598799446,2.501409922,1.5103474481,0.0210317521,0.0200704844
0.647116142,0.9390237763,-1.6573169959,-2.5390083584,-2.8597216523,2.5015137433,1.5104209898,0.0210317521,0.0200704844
0.6483348916,0.9392911719,-1.6578985365,-2.5399233098,-2.8595644743,2.5016185512,1.5104942441,0.0210317521,0.0200704844
0.6495418412,0.9395579627,-1.6584734917,-2.5408282881,-2.8594084134,2.5017243492,1.5105672054,0.0210317521,0.0200704844
0.6507369268,0.9398241146,-1.6590418348,-2.5417232561,-2.8592534805,2.5018311168,1.5106398622,0.0210317521,0.0200704844
0.6519200543,0.9400895585,-1.6596035389,-2.5426081704,-2.8590996958,2.5019388017,1.5107121951,0.0210317521,0.0200704844
0.6530910933,0.940354185,-1.6601585759,-2.5434829783,-2.8589470915,2.5020473155,1.5107841766,0.0210317521,0.0200704844
0.6542498894,0.9406178485,-1.6607069216,-2.5443476266,-2.858795709,2.5021565356,1.5108557713,0.0210317521,0.0200704844
0.6553962815,0.9408803779,-1.6612485619,-2.5452020705,-2.858645596,2.5022663133,1.5109269395,0.0210317521,0.0200704844
0.6565301179,0.9411415893,-1.6617834949,-2.5460462808,-2.8584968023,2.502376485,1.5109976393,0.0210317521,0.0200704844
0.6576512662,0.9414012984,-1.6623117316,-2.5468802456,-2.8583493765,2.5024868831,1.5110678299,0.0210317521,0.0200704844
0.6587596015,0.9416593262,-1.6628332851,-2.5477039561,-2.8582033657,2.5025973435,1.5111374719,0.0210317521,0.0200704844
0.6598549823,0.9419154995,-1.6633481571,-2.548517386,-2.8580588171,2.5027077099,1.5112065274,0.0210317521,0.0200704844
0.6609373251,0.9421696684,-1.6638563722,-2.5493205468,-2.8579157688,2.5028178411,1.5112749645,0.0210317521,0.0200704844
0.6620065989,0.9424217066,-1.6643579742,-2.5501134822,-2.8577742496,2.5029276125,1.511342757,0.0210317521,0.0200704844
0.6630627898,0.9426715045,-1.6648530094,-2.5508962417,-2.8576342832,2.503036914,1.5114098828,0.0210317521,0.0200704844
0.6641058982,0.9429189678,-1.6653415248,-2.5516688788,-2.8574958895,2.5031456489,1.5114763229,0.0210317521,0.0200704844
0.6651359358,0.9431640154,-1.6658235678,-2.5524314492,-2.8573590842,2.5032537322,1.5115420614,0.0210317521,0.0200704844
0.6661529227,0.943406578,-1.666299185,-2.5531840095,-2.8572238804,2.5033610898,1.511607085,0.0210317521,0.0200704844
0.6671568857,0.9436465959,-1.6667684222,-2.5539266167,-2.8570902884,2.5034676567,1.5116713824,0.0210317521,0.0200704844
0.6681478569,0.9438840185,-1.6672313237,-2.5546593272,-2.856958316,2.503573376,1.5117349442,0.0210317521,0.0200704844
0.6691258719,0.9441188022,-1.6676879327,-2.5553821968,-2.8568279697,2.5036781976,1.5117977627,0.0210317521,0.0200704844
0.6700909695,0.9443509097,-1.6681382909,-2.5560952802,-2.856699254,2.5037820778,1.5118598313,0.0210317521,0.0200704844
0.6710431906,0.9445803094,-1.6685824384,-2.5567986309,-2.8565721723,2.5038849777,1.5119211446,0.0210317521,0.0200704844
0.6719825761,0.9448069736,-1.6690204135,-2.5574923004,-2.8564467271,2.5039868631,1.511981698,0.0210317521,0.0200704844
0.6729091652,0.9450308784,-1.6694522516,-2.5581763362,-2.8563229202,2.5040877035,1.5120414877,0.0210317521,0.0200704844
0.673822995,0.9452520023,-1.6698779856,-2.558850783,-2.8562007532,2.5041874714,1.5121005103,0.0210317521,0.0200704844
0.6747241009,0.9454703265,-1.670297646,-2.5595156821,-2.8560802271,2.5042861422,1.5121587627,0.0210317521,0.0200704844
0.6756125164,0.9456858342,-1.6707112612,-2.5601710724,-2.8559613428,2.5043836937,1.5122162426,0.0210317521,0.0200704844
0.6764882733,0.9458985106,-1.6711188577,-2.5608169899,-2.8558441008,2.5044801058,1.5122729476,0.0210317521,0.0200704844
0.6773514018,0.9461083423,-1.6715204602,-2.5614534685,-2.8557285016,2.5045753605,1.5123288758,0.0210317521,0.0200704844
0.6782019306,0.9463153174,-1.6719160919,-2.5620805401,-2.8556145453,2.5046694411,1.5123840256,0.0210317521,0.0200704844
0.679039887,0.9465194254,-1.6723057743,-2.5626982343,-2.8555022319,2.5047623328,1.5124383955,0.0210317521,0.0200704844
0.6798652969,0.9467206567,-1.6726895278,-2.5633065794,-2.8553915614,2.5048540218,1.5124919841,0.0210317521,0.0200704844
0.6806781852,0.9469190027,-1.6730673715,-2.5639056016,-2.8552825335,2.5049444958,1.5125447904,0.0210317521,0.0200704844
0.6814785753,0.9471144558,-1.6734393232,-2.5644953258,-2.855175148,2.5050337431,1.5125968134,0.0210317521,0.0200704844
0.6822664897,0.9473070091,-1.6738054,-2.5650757758,-2.8550694046,2.5051217536,1.5126480522,0.0210317521,0.0200704844
0.6830419502,0.9474966564,-1.6741656178,-2.5656469737,-2.8549653028,2.5052085175,1.5126985062,0.0210317521,0.0200704844
0.6838049773,0.9476833922,-1.6745199918,-2.5662089408,-2.8548628421,2.5052940261,1.5127481747,0.0210317521,0.0200704844
0.68455559,0.9478672112,-1.6748685359,-2.5667616965,-2.854762022,2.5053782712,1.5127970571,0.0210317521,0.0200704844
0.6852938043,0.9480481083,-1.6752112623,-2.5673052579,-2.8546628425,2.5054612451,1.5128451528,0.0210317521,0.0200704844
0.6860196332,0.9482260781,-1.6755481815,-2.5678396391,-2.8545653036,2.5055429402,1.5128924611,0.0210317521,0.0200704844
0.6867330873,0.9484011151,-1.6758793027,-2.5683648525,-2.8544694055,2.5056233493,1.5129389812,0.0210317521,0.0200704844
0.687434175,0.9485732139,-1.6762046338,-2.5688809087,-2.8543751489,2.5057024656,1.5129847122,0.0210317521,0.0200704844
0.6881229033,0.9487423691,-1.6765241817,-2.5693878167,-2.8542825343,2.5057802822,1.5130296533,0.0210317521,0.0200704844
0.688799278,0.9489085754,-1.6768379526,-2.5698855845,-2.8541915623,2.5058567929,1.5130738036,0.0210317521,0.0200704844
0.6894633037,0.9490718276,-1.6771459521,-2.5703742191,-2.8541022338,2.5059319914,1.5131171623,0.0210317521,0.0200704844
0.6901149839,0.9492321205,-1.6774481849,-2.5708537265,-2.8540145495,2.5060058718,1.5131597285,0.0210317521,0.0200704844
0.6907543217,0.9493894491,-1.6777446555,-2.5713241121,-2.8539285104,2.5060784286,1.5132015014,0.0210317521,0.0200704844
0.6913813193,0.9495438086,-1.6780353677,-2.5717853806,-2.8538441171,2.5061496561,1.5132424802,0.0210317521,0.0200704844
0.6919959783,0.9496951943,-1.6783203251,-2.5722375361,-2.8537613708,2.5062195493,1.5132826639,0.0210317521,0.0200704844
0.6925982998,0.9498436015,-1.6785995306,-2.5726805821,-2.8536802722,2.506288103,1.5133220518,0.0210317521,0.0200704844
0.6931882841,0.9499890256,-1.6788729871,-2.5731145216,-2.8536008223,2.5063553125,1.5133606431,0.0210317521,0.0200704844
0.6937659314,0.9501314624,-1.6791406967,-2.5735393569,-2.8535230222,2.5064211731,1.513398437,0.0210317521,0.0200704844
0.6943312409,0.9502709073,-1.6794026615,-2.57395509,-2.8534468727,2.5064856803,1.5134354327,0.0210317521,0.0200704844
0.6948842114,0.9504073561,-1.679658883,-2.5743617222,-2.853372375,2.5065488297,1.5134716293,0.0210317521,0.0200704844
0.6954248412,0.9505408045,-1.6799093624,-2.5747592544,-2.85329953,2.5066106171,1.5135070261,0.0210317521,0.0200704844
0.6959531277,0.9506712484,-1.6801541004,-2.5751476868,-2.853228339,2.5066710385,1.5135416223,0.0210317521,0.0200704844
0.6964690679,0.9507986834,-1.6803930976,-2.575527019,-2.853158803,2.5067300898,1.513575417,0.0210317521,0.0200704844
0.6969726578,0.9509231054,-1.6806263537,-2.57589725,-2.8530909234,2.506787767,1.5136084094,0.0210317521,0.0200704844
0.6974638926,0.9510445099,-1.6808538683,-2.576258378,-2.8530247015,2.5068440664,1.5136405986,0.0210317521,0.0200704844
0.6979427667,0.9511628927,-1.6810756403,-2.5766104006,-2.8529601386,2.5068989841,1.5136719837,0.0210317521,0.0200704844
0.6984092735,0.9512782491,-1.6812916683,-2.5769533144,-2.8528972364,2.5069525164,1.5137025637,0.0210317521,0.0200704844
0.698863405,0.9513905746,-1.6815019499,-2.5772871153,-2.8528359964,2.5070046594,1.5137323377,0.0210317521,0.0200704844
0.6993051522,0.9514998642,-1.6817064824,-2.5776117979,-2.8527764204,2.5070554093,1.5137613046,0.0210317521,0.0200704844
0.6997345044,0.9516061128,-1.6819052623,-2.577927356,-2.8527185105,2.5071047623,1.5137894633,0.0210317521,0.0200704844
0.7001514494,0.9517093151,-1.682098285,-2.5782337818,-2.8526622689,2.5071527144,1.5138168124,0.0210317521,0.0200704844
0.7005559731,0.9518094652,-1.6822855454,-2.5785310662,-2.8526076978,2.5071992617,1.5138433508,0.0210317521,0.0200704844
0.7009480591,0.9519065568,-1.6824670369,-2.5788191985,-2.8525548,2.5072443998,1.5138690768,0.0210317521,0.0200704844
0.7013276883,0.9520005832,-1.682642752,-2.5790981658,-2.8525035786,2.5072881245,1.513893989,0.0210317521,0.0200704844
0.7016948389,0.9520915368,-1.6828126815,-2.5793679532,-2.8524540369,2.5073304309,1.5139180854,0.0210317521,0.0200704844
0.7020494856,0.9521794096,-1.6829768149,-2.5796285432,-2.8524061788,2.5073713141,1.5139413642,0.0210317521,0.0200704844
0.7023916003,0.9522641926,-1.68313514,-2.5798799162,-2.8523600084,2.507410769,1.5139638231,0.0210317521,0.0200704844
0.702721156,0.9523458773,-1.6832876455,-2.5801220534,-2.8523155298,2.5074487905,1.51398546,0.0210317521,0.0200704844
0.703038156,0.9524244629,-1.6834343337,-2.5803549581,-2.8522727431,2.5074853771,1.5140062748,0.0210317521,0.0200704844
0.7033427403,0.9524999827,-1.6835752702,-2.5805787342,-2.8522316294,2.5075205434,1.5140262765,0.0210317521,0.0200704844
0.7036351672,0.9525724993,-1.6837105753,-2.580793572,-2.8521921543,2.5075543181,1.5140454819,0.0210317521,0.0200704844
0.7039156752,0.9526420709,-1.6838403597,-2.5809996473,-2.8521542859,2.5075867273,1.5140639063,0.0210317521,0.0200704844
0.7041845101,0.9527087571,-1.683964738,-2.5811971414,-2.8521179911,2.5076177984,1.5140815657,0.0210317521,0.0200704844
0.7044419177,0.952772618,-1.6840838244,-2.5813862355,-2.8520832371,2.5076475585,1.5140984761,0.0210317521,0.0200704844
0.7046881439,0.9528337136,-1.6841977332,-2.5815671108,-2.8520499909,2.5076760351,1.5141146535,0.0210317521,0.0200704844
0.7049234345,0.9528921038,-1.6843065786,-2.5817399484,-2.8520182194,2.5077032556,1.5141301139,0.0210317521,0.0200704844
0.7051480353,0.9529478488,-1.6844104748,-2.5819049293,-2.8519878897,2.5077292474,1.5141448731,0.0210317521,0.0200704844
0.705362192,0.9530010087,-1.684509536,-2.5820622345,-2.8519589688,2.507754038,1.5141589473,0.0210317521,0.0200704844
0.7055661504,0.9530516436,-1.6846038762,-2.582212045,-2.8519314237,2.5077776551,1.5141723524,0.0210317521,0.0200704844
0.7057601563,0.9530998139,-1.6846936096,-2.5823545418,-2.8519052214,2.5078001263,1.5141851044,0.0210317521,0.0200704844
0.7059444554,0.9531455798,-1.6847788503,-2.5824899058,-2.8518803288,2.5078214792,1.5141972195,0.0210317521,0.0200704844
0.7061192937,0.9531890016,-1.6848597123,-2.582618318,-2.8518567128,2.5078417416,1.5142087135,0.0210317521,0.0200704844
0.7062849169,0.9532301398,-1.6849363097,-2.5827399593,-2.8518343405,2.5078609414,1.5142196026,0.0210317521,0.0200704844
0.706441571,0.9532690548,-1.6850087567,-2.5828550108,-2.8518131787,2.5078791063,1.5142299029,0.0210317521,0.0200704844
0.7065895021,0.9533058072,-1.6850771672,-2.5829636533,-2.8517931944,2.5078962642,1.5142396303,0.0210317521,0.0200704844
0.7067289561,0.9533404574,-1.6851416554,-2.583066068,-2.8517743543,2.5079124431,1.514248801,0.0210317521,0.0200704844
0.7068601794,0.9533730662,-1.6852023354,-2.583162436,-2.8517566254,2.507927671,1.5142574311,0.0210317521,0.0200704844
0.7069834181,0.9534036943,-1.6852593214,-2.5832529384,-2.8517399746,2.5079419759,1.5142655366,0.0210317521,0.0200704844
0.7070989188,0.9534324023,-1.6853127277,-2.5833377565,-2.8517243685,2.5079553859,1.5142731337,0.0210317521,0.0200704844
0.7072069281,0.9534592512,-1.6853626684,-2.5834170716,-2.851709774,2.5079679292,1.5142802386,0.0210317521,0.0200704844
0.7073076926,0.9534843018,-1.6854092579,-2.5834910652,-2.8516961579,2.5079796339,1.5142868674,0.0210317521,0.0200704844
0.7074014593,0.9535076151,-1.6854526106,-2.5835599189,-2.8516834868,2.5079905283,1.5142930363,0.0210317521,0.0200704844
0.7074884755,0.9535292523,-1.685492841,-2.5836238142,-2.8516717275,2.5080006408,1.5142987614,0.0210317521,0.0200704844
0.7075689884,0.9535492744,-1.6855300637,-2.5836829331,-2.8516608465,2.5080099997,1.514304059,0.0210317521,0.0200704844
0.7076432457,0.9535677427,-1.6855643932,-2.5837374577,-2.8516508106,2.5080186333,1.5143089453,0.0210317521,0.0200704844
0.7077114954,0.9535847185,-1.6855959445,-2.5837875701,-2.8516415863,2.5080265702,1.5143134366,0.0210317521,0.0200704844
0.7077739857,0.9536002633,-1.6856248325,-2.5838334529,-2.85163314,2.508033839,1.5143175492,0.0210317521,0.0200704844
0.7078309652,0.9536144386,-1.6856511722,-2.5838752886,-2.8516254383,2.5080404682,1.5143212993,0.0210317521,0.0200704844
0.7078826828,0.9536273061,-1.6856750788,-2.5839132603,-2.8516184475,2.5080464866,1.5143247033,0.0210317521,0.0200704844
0.707929388,0.9536389276,-1.6856966679,-2.5839475511,-2.851612134,2.5080519228,1.5143277776,0.0210317521,0.0200704844
0.7079713307,0.9536493651,-1.685716055,-2.5839783448,-2.8516064641,2.5080568057,1.5143305386,0.0210317521,0.0200704844
0.7080087613,0.9536586805,-1.6857333559,-2.5840058252,-2.851601404,2.5080611643,1.5143330027,0.0210317521,0.0200704844
0.7080419306,0.9536669363,-1.6857486869,-2.5840301768,-2.8515969198,2.5080650274,1.5143351864,0.0210317521,0.0200704844
0.7080710905,0.9536741947,-1.6857621643,-2.5840515844,-2.8515929774,2.5080684244,1.5143371063,0.0210317521,0.0200704844
0.7080964931,0.9536805185,-1.6857739048,-2.5840702333,-2.8515895429,2.5080713842,1.5143387789,0.0210317521,0.0200704844
0.7081183916,0.9536859705,-1.6857840256,-2.5840863094,-2.8515865821,2.5080739363,1.5143402209,0.0210317521,0.0200704844
0.7081370402,0.9536906138,-1.6857926441,-2.5840999995,-2.8515840605,2.5080761101,1.5143414489,0.0210317521,0.0200704844
0.7081526939,0.9536945118,-1.6857998783,-2.5841114908,-2.8515819439,2.5080779352,1.5143424798,0.0210317521,0.0200704844
0.708165609,0.9536977281,-1.6858058467,-2.5841209715,-2.8515801975,2.5080794413,1.5143433304,0.0210317521,0.0200704844
0.7081760431,0.9537003268,-1.6858106684,-2.5841286308,-2.8515787865,2.5080806584,1.5143440176,0.0210317521,0.0200704844
0.7081842554,0.9537023723,-1.6858144633,-2.5841346591,-2.8515776759,2.5080816165,1.5143445585,0.0210317521,0.0200704844
0.7081905069,0.9537039296,-1.685817352,-2.5841392479,-2.8515768304,2.508082346,1.5143449703,0.0210317521,0.0200704844
0.7081950606,0.9537050641,-1.6858194562,-2.5841425905,-2.8515762146,2.5080828775,1.5143452703,0.0210317521,0.0200704844
0.7081981823,0.9537058419,-1.6858208986,-2.5841448819,-2.8515757924,2.5080832419,1.514345476,0.0210317521,0.0200704844
0.7082001404,0.9537063299,-1.6858218034,-2.5841463191,-2.8515755275,2.5080834706,1.514345605,0.0210317521,0.0200704844
0.7082012065,0.9537065956,-1.6858222959,-2.5841471016,-2.8515753833,2.5080835951,1.5143456752,0.0210317521,0.0200704844
0.7082016551,0.9537067074,-1.6858225032,-2.5841474308,-2.8515753226,2.5080836476,1.5143457048,0.0210317521,0.0200704844
0.7082017594,0.9537067334,-1.6858225514,-2.5841475074,-2.8515753085,2.5080836598,1.5143457117,0.0210317521,0.0200704844
0.7082017624,0.9537067341,-1.6858225528,-2.5841475096,-2.8515753081,2.5080836601,1.5143457119,0.0210317521,0.0200704844
0.7082017701,0.953706736,-1.6858225563,-2.5841475152,-2.8515753071,2.508083661,1.5143457124,0.0210317521,0.0200704844
0.7082017701,0.953706736,-1.6858225563,-2.5841475152,-2.8515753071,2.508083661,1.5143457124,0.0210317521,0.0200704844
0.7082017701,0.953706736,-1.6858225563,-2.5841475152,-2.8515753071,2.508083661,1.5143457124,0.0210317521,0.0200704844
0.7082017701,0.953706736,-1.6858225563,-2.5841475152,-2.8515753071,2.508083661,1.5143457124,0.0210317521,0.0200704844
0.7082017701,0.953706736,-1.6858225563,-2.5841475152,-2.8515753071,2.508083661,1.5143457124,0.0210317521,0.0200704844
0.7082017701,0.953706736,-1.6858225563,-2.5841475152,-2.8515753071,2.508083661,1.5143457124,0.0210317521,0.0200704844
0.7082017701,0.953706736,-1.6858225563,-2.5841475152,-2.8515753071,2.508083661,1.5143457124,0.0210317521,0.0200704844
0.7082017701,0.953706736,-1.6858225563,-2.5841475152,-2.8515753071,2.508083661,1.5143457124,0.0210317521,0.0200704844
0.7082017701,0.953706736,-1.6858225563,-2.5841475152,-2.8515753071,2.508083661,1.5143457124,0.0210317521,0.0200704844
0.7082017701,0.953706736,-1.6858225563,-2.5841475152,-2.8515753071,2.508083661,1.5143457124,0.0210317521,0.0200704844
0.7082017701,0.953706736,-1.6858225563,-2.5841475152,-2.8515753071,2.508083661,1.5143457124,0.0210317521,0.0200704844
0.7082017701,0.953706736,-1.6858225563,-2.5841475152,-2.8515753071,2.508083661,1.5143457124,0.0210317521,0.0200704844
0.7082017701,0.953706736,-1.6858225563,-2.5841475152,-2.8515753071,2.508083661,1.5143457124,0.0210317521,0.0200704844
0.7082017701,0.953706736,-1.6858225563,-2.5841475152,-2.8515753071,2.508083661,1.5143457124,0.0210317521,0.0200704844
0.7082017701,0.953706736,-1.6858225563,-2.5841475152,-2.8515753071,2.508083661,1.5143457124,0.0210317521,0.0200704844
0.7082017701,0.953706736,-1.6858225563,-2.5841475152,-2.8515753071,2.508083661,1.5143457124,0.0210317521,0.0200704844
0.7082017701,0.953706736,-1.6858225563,-2.5841475152,-2.8515753071,2.508083661,1.5143457124,0.0210317521,0.0200704844
0.7082017701,0.953706736,-1.6858225563,-2.5841475152,-2.8515753071,2.508083661,1.5143457124,0.0210317521,0.0200704844
0.7082017701,0.953706736,-1.6858225563,-2.5841475152,-2.8515753071,2.508083661,1.5143457124,0.0210317521,0.0200704844
0.7082017701,0.953706736,-1.6858225563,-2.5841475152,-2.8515753071,2.508083661,1.5143457124,0.0210317521,0.0200704844
0.7082017701,0.953706736,-1.6858225563,-2.5841475152,-2.8515753071,2.508083661,1.5143457124,0.0210317521,0.0200704844
0.7082017701,0.953706736,-1.6858225563,-2.5841475152,-2.8515753071,2.508083661,1.5143457124,0.0210317521,0.0200704844
0.7082017701,0.953706736,-1.6858225563,-2.5841475152,-2.8515753071,2.508083661,1.5143457124,0.0210317521,0.0200704844
0.7082017701,0.953706736,-1.6858225563,-2.5841475152,-2.8515753071,2.508083661,1.5143457124,0.0210317521,0.0200704844
0.7082017701,0.953706736,-1.6858225563,-2.5841475152,-2.8515753071,2.508083661,1.5143457124,0.0210317521,0.0200704844
0.7082017701,0.953706736,-1.6858225563,-2.5841475152,-2.8515753071,2.508083661,1.5143457124,0.0210317521,0.0200704844
0.7082017701,0.953706736,-1.6858225563,-2.5841475152,-2.8515753071,2.508083661,1.5143457124,0.0210317521,0.0200704844
0.7082017701,0.953706736,-1.6858225563,-2.5841475152,-2.8515753071,2.508083661,1.5143457124,0.0210317521,0.0200704844
0.7082017701,0.953706736,-1.6858225563,-2.5841475152,-2.8515753071,2.508083661,1.5143457124,0.0210317521,0.0200704844
