2.8972,1.3717294332,-0.6377713497,-1.3351491172,-2.5109549941,2.3038430699,1.0376408621,0.0113767486,0.0349481635
2.8972,1.3717294332,-0.6377713497,-1.3351491172,-2.5109549941,2.3038430699,1.0376408621,0.0113767486,0.0349481635
2.8972,1.3717294332,-0.6377713497,-1.3351491172,-2.5109549941,2.3038430699,1.0376408621,0.0113767486,0.0349481635
2.8972,1.3717294332,-0.6377713497,-1.3351491172,-2.5109549941,2.3038430699,1.0376408621,0.0113767486,0.0349481635
2.8972,1.3717294332,-0.6377713497,-1.3351491172,-2.5109549941,2.3038430699,1.0376408621,0.0113767486,0.0349481635
2.8972,1.3717294332,-0.6377713497,-1.3351491172,-2.5109549941,2.3038430699,1.0376408621,0.0113767486,0.0349481635
2.8972,1.3717294332,-0.6377713497,-1.3351491172,-2.5109549941,2.3038430699,1.0376408621,0.0113767486,0.0349481635
2.8972,1.3717294332,-0.6377713497,-1.3351491172,-2.5109549941,2.3038430699,1.0376408621,0.0113767486,0.0349481635
2.8972,1.3717294332,-0.6377713497,-1.3351491172,-2.5109549941,2.3038430699,1.0376408621,0.0113767486,0.0349481635
2.8972,1.3717294332,-0.6377713497,-1.3351491172,-2.5109549941,2.3038430699,1.0376408621,0.0113767486,0.0349481635
2.8972,1.3717294332,-0.6377713497,-1.3351491172,-2.5109549941,2.3038430699,1.0376408621,0.0113767486,0.0349481635
2.8972,1.3717294332,-0.6377713497,-1.3351491172,-2.5109549941,2.3038430699,1.0376408621,0.0113767486,0.0349481635
2.8972,1.3717294332,-0.6377713497,-1.3351491172,-2.5109549941,2.3038430699,1.0376408621,0.0113767486,0.0349481635
2.8972,1.3717294332,-0.6377713497,-1.3351491172,-2.5109549941,2.3038430699,1.0376408621,0.0113767486,0.0349481635
2.8972,1.3717294332,-0.6377713497,-1.3351491172,-2.5109549941,2.3038430699,1.0376408621,0.0113767486,0.0349481635
2.8972,1.3717294332,-0.6377713497,-1.3351491172,-2.5109549941,2.3038430699,1.0376408621,0.0113767486,0.0349481635
2.8972,1.3717294332,-0.6377713497,-1.3351491172,-2.5109549941,2.3038430699,1.0376408621,0.0113767486,0.0349481635
2.8972,1.3717294332,-0.6377713497,-1.3351491172,-2.5109549941,2.3038430699,1.0376408621,0.0113767486,0.0349481635
2.8972,1.3717294332,-0.6377713497,-1.3351491172,-2.5109549941,2.3038430699,1.0376408621,0.0113767486,0.0349481635
2.8972,1.3717294332,-0.6377713497,-1.3351491172,-2.5109549941,2.3038430699,1.0376408621,0.0113767486,0.0349481635
2.8972,1.3717294332,-0.6377713497,-1.3351491172,-2.5109549941,2.3038430699,1.0376408621,0.0113767486,0.0349481635
2.8972,1.3717294332,-0.6377713497,-1.3351491172,-2.5109549941,2.3038430699,1.0376408621,0.0113767486,0.0349481635
2.8972,1.3717294332,-0.6377713497,-1.3351491172,-2.5109549941,2.3038430699,1.0376408621,0.0113767486,0.0349481635
2.8972,1.3717294332,-0.6377713497,-1.3351491172,-2.5109549941,2.3038430699,1.0376408621,0.0113767486,0.0349481635
2.8972,1.3717294332,-0.6377713497,-1.3351491172,-2.5109549941,2.3038430699,1.0376408621,0.0113767486,0.0349481635
2.8972,1.3717294332,-0.6377713497,-1.3351491172,-2.5109549941,2.3038430699,1.0376408621,0.0113767486,0.0349481635
2.8972,1.3717294332,-0.6377713497,-1.3351491172,-2.5109549941,2.3038430699,1.0376408621,0.0113767486,0.0349481635
2.8972,1.3717294332,-0.6377713497,-1.3351491172,-2.5109549941,2.3038430699,1.0376408621,0.0113767486,0.0349481635
2.8972,1.3717294332,-0.6377713497,-1.3351491172,-2.5109549941,2.3038430699,1.0376408621,0.0113767486,0.0349481635
2.8972,1.3717294332,-0.6377713497,-1.3351491172,-2.5109549941,2.3038430699,1.0376408621,0.0113767486,0.0349481635
2.8972,1.3717294267,-0.6377713482,-1.3351491226,-2.5109549979,2.3038430695,1.0376408616,0.0113767486,0.0349481635
2.8972,1.3717293369,-0.6377713283,-1.3351491962,-2.5109550502,2.3038430642,1.0376408552,0.0113767486,0.0349481635
2.8972,1.3717290586,-0.6377712666,-1.3351494244,-2.5109552121,2.3038430477,1.0376408351,0.0113767486,0.0349481635
2.8972,1.3717284998,-0.6377711428,-1.3351498827,-2.5109555373,2.3038430147,1.0376407949,0.0113767486,0.0349481635
2.8972,1.3717275596,-0.6377709343,-1.3351506537,-2.5109560844,2.3038429591,1.0376407272,0.0113767486,0.0349481635
2.8972,1.3717261485,-0.6377706215,-1.335151811,-2.5109569055,2.3038428757,1.0376406256,0.0113767486,0.0349481635
2.8972,1.3717241427,-0.6377701769,-1.3351534559,-2.5109580726,2.3038427571,1.0376404812,0.0113767486,0.0349481635
2.8972,1.3717214206,-0.6377695735,-1.3351556882,-2.5109596566,2.3038425963,1.0376402852,0.0113767486,0.0349481635
2.8972,1.3717178652,-0.6377687854,-1.3351586039,-2.5109617254,2.3038423862,1.0376400291,0.0113767486,0.0349481635
2.8972,1.3717133589,-0.6377677866,-1.3351622994,-2.5109643475,2.30384212,1.0376397046,0.0113767486,0.0349481635
2.8972,1.3717077848,-0.6377665511,-1.3351668705,-2.5109675909,2.3038417907,1.0376393032,0.0113767486,0.0349481635
2.8972,1.3717010259,-0.6377650531,-1.3351724131,-2.5109715236,2.3038413915,1.0376388164,0.0113767486,0.0349481635
2.8972,1.3716929651,-0.6377632666,-1.3351790233,-2.5109762138,2.3038409154,1.0376382358,0.0113767486,0.0349481635
2.8972,1.3716834853,-0.6377611657,-1.3351867971,-2.5109817296,2.3038403557,1.0376375529,0.0113767486,0.0349481635
2.8972,1.3716724693,-0.6377587244,-1.3351958306,-2.5109881392,2.3038397053,1.0376367594,0.0113767486,0.0349481635
2.8972,1.3716597995,-0.6377559168,-1.3352062201,-2.5109955109,2.3038389575,1.0376358466,0.0113767486,0.0349481635
2.8972,1.3716453587,-0.6377527168,-1.3352180618,-2.5110039129,2.3038381052,1.0376348063,0.0113767486,0.0349481635
2.8972,1.3716290293,-0.6377490984,-1.335231452,-2.5110134136,2.3038371416,1.0376336298,0.0113767486,0.0349481635
2.8972,1.3716106938,-0.6377450357,-1.3352464871,-2.5110240815,2.3038360598,1.0376323086,0.0113767486,0.0349481635
2.8972,1.3715902345,-0.6377405026,-1.3352632635,-2.5110359848,2.303834853,1.0376308344,0.0113767486,0.0349481635
2.8972,1.3715675338,-0.6377354731,-1.3352818776,-2.5110491919,2.3038335141,1.0376291985,0.0113767486,0.0349481635
2.8972,1.371542474,-0.6377299212,-1.3353024259,-2.5110637714,2.3038320364,1.0376273925,0.0113767486,0.0349481635
2.8972,1.3715149375,-0.6377238208,-1.3353250048,-2.5110797916,2.303830413,1.0376254078,0.0113767486,0.0349481635
2.8972,1.3714848065,-0.637717146,-1.3353497107,-2.5110973208,2.303828637,1.037623236,0.0113767486,0.0349481635
2.8972,1.3714519635,-0.6377098708,-1.33537664,-2.5111164276,2.3038267015,1.0376208685,0.0113767486,0.0349481635
2.8972,1.3714162909,-0.6377019692,-1.3354058892,-2.5111371802,2.3038245998,1.0376182969,0.0113767486,0.0349481635
2.8972,1.3713776709,-0.6376934152,-1.3354375544,-2.5111596471,2.3038223248,1.0376155125,0.0113767486,0.0349481635
2.8972,1.3713359862,-0.6376841828,-1.3354717321,-2.5111838964,2.30381987,1.037612507,0.0113767486,0.0349481635
2.8972,1.3712911192,-0.6376742463,-1.3355085183,-2.5112099964,2.3038172283,1.0376092717,0.0113767486,0.0349481635
2.8972,1.3712429526,-0.6376635797,-1.3355480094,-2.5112380154,2.3038143931,1.0376057981,0.0113767486,0.0349481635
2.8972,1.371191369,-0.6376521571,-1.3355903013,-2.5112680214,2.3038113576,1.0376020777,0.0113767486,0.0349481635
2.8972,1.3711362511,-0.6376399526,-1.33563549,-2.5113000827,2.303808115,1.037598102,0.0113767486,0.0349481635
2.8972,1.371077482,-0.6376269406,-1.3356836715,-2.5113342671,2.3038046587,1.0375938625,0.0113767486,0.0349481635
2.8972,1.3710149444,-0.6376130953,-1.3357349416,-2.5113706426,2.3038009818,1.0375893507,0.0113767486,0.0349481635
2.8972,1.3709485215,-0.6375983909,-1.3357893959,-2.5114092772,2.3037970777,1.0375845579,0.0113767486,0.0349481635
2.8972,1.3708780963,-0.6375828018,-1.3358471301,-2.5114502385,2.3037929398,1.0375794757,0.0113767486,0.0349481635
2.8972,1.3708035523,-0.6375663023,-1.3359082397,-2.5114935944,2.3037885614,1.0375740956,0.0113767486,0.0349481635
2.8972,1.3707247727,-0.6375488668,-1.3359728201,-2.5115394125,2.3037839359,1.037568409,0.0113767486,0.0349481635
2.8972,1.370641641,-0.6375304699,-1.3360409665,-2.5115877603,2.3037790569,1.0375624074,0.0113767486,0.0349481635
2.8972,1.3705540408,-0.6375110861,-1.3361127742,-2.5116387054,2.3037739177,1.0375560822,0.0113767486,0.0349481635
2.8972,1.3704618558,-0.6374906898,-1.3361883382,-2.511692315,2.3037685119,1.0375494248,0.0113767486,0.0349481635
2.8972,1.3703649697,-0.6374692558,-1.3362677535,-2.5117486566,2.3037628331,1.0375424268,0.0113767486,0.0349481635
2.8972,1.3702632664,-0.6374467588,-1.3363511148,-2.5118077972,2.3037568748,1.0375350795,0.0113767486,0.0349481635
2.8972,1.37015663,-0.6374231734,-1.3364385169,-2.5118698041,2.3037506308,1.0375273743,0.0113767486,0.0349481635
2.8972,1.3700449448,-0.6373984746,-1.3365300542,-2.511934744,2.3037440947,1.0375193027,0.0113767486,0.0349481635
2.8972,1.3699280954,-0.6373726374,-1.3366258207,-2.5120026838,2.3037372604,1.037510856,0.0113767486,0.0349481635
2.8972,1.3698059666,-0.6373456367,-1.3367259104,-2.5120736898,2.3037301217,1.0375020257,0.0113767486,0.0349481635
2.8972,1.369678444,-0.6373174481,-1.3368304164,-2.5121478281,2.3037226727,1.0374928031,0.0113767486,0.0349481635
2.8972,1.3695454144,-0.637288047,-1.3369394309,-2.5122251641,2.3037149074,1.0374831798,0.0113767486,0.0349481635
2.8972,1.3694067656,-0.6372574095,-1.3370530451,-2.5123057621,2.3037068202,1.0374731472,0.0113767486,0.0349481635
2.8972,1.3692623945,-0.6372255136,-1.3371713427,-2.5123896815,2.3036984061,1.0374626974,0.0113767486,0.0349481635
2.8972,1.3691122698,-0.6371923535,-1.3372943484,-2.5124769396,2.3036896643,1.0374518277,0.0113767486,0.0349481635
2.8972,1.3689563895,-0.6371579299,-1.3374220628,-2.5125675366,2.303680596,1.0374405373,0.0113767486,0.0349481635
2.8972,1.3687947391,-0.637122241,-1.3375544964,-2.5126614798,2.303671202,1.0374288243,0.0113767486,0.0349481635
2.8972,1.3686273137,-0.6370852873,-1.3376916517,-2.5127587707,2.3036614837,1.0374166878,0.0113767486,0.0349481635
2.8972,1.3684540982,-0.6370470673,-1.3378335395,-2.5128594165,2.3036514423,1.0374041256,0.0113767486,0.0349481635
2.8972,1.3682751129,-0.6370075874,-1.3379801412,-2.5129634038,2.3036410812,1.0373911382,0.0113767486,0.0349481635
2.8972,1.3680903769,-0.6369668546,-1.3381314388,-2.5130707194,2.3036304044,1.0373777257,0.0113767486,0.0349481635
2.8972,1.3678999063,-0.6369248752,-1.3382874163,-2.5131813515,2.3036194161,1.0373638877,0.0113767486,0.0349481635
2.8972,1.367703719,-0.6368816566,-1.338448056,-2.5132952868,2.3036081212,1.0373496238,0.0113767486,0.0349481635
2.8972,1.3675018335,-0.6368372071,-1.3386133387,-2.5134125112,2.3035965253,1.0373349332,0.0113767486,0.0349481635
2.8972,1.3672942696,-0.636791536,-1.3387832437,-2.513533009,2.3035846351,1.0373198148,0.0113767486,0.0349481635
2.8972,1.3670810477,-0.6367446539,-1.3389577484,-2.5136567633,2.3035724587,1.037304267,0.0113767486,0.0349481635
2.8972,1.366862188,-0.6366965726,-1.3391368295,-2.5137837563,2.3035600055,1.0372882874,0.0113767486,0.0349481635
2.8972,1.3666377081,-0.6366473051,-1.3393204641,-2.5139139703,2.3035472867,1.0372718727,0.0113767486,0.0349481635
2.8972,1.3664076194,-0.6365968648,-1.3395086324,-2.5140473895,2.3035343151,1.0372550182,0.0113767486,0.0349481635
2.8972,1.3661719221,-0.6365452642,-1.3397013227,-2.5141840036,2.3035211049,1.0372377173,0.0113767486,0.0349481635
2.8972,1.3659305982,-0.6364925129,-1.3398985368,-2.5143238117,2.3035076701,1.0372199618,0.0113767486,0.0349481635
2.8972,1.3656836106,-0.6364386147,-1.3401002937,-2.5144668255,2.3034940224,1.0372017428,0.0113767486,0.0349481635
2.8972,1.3654309135,-0.6363835678,-1.3403066231,-2.5146130647,2.3034801682,1.0371830528,0.0113767486,0.0349481635
2.8972,1.3651724712,-0.6363273672,-1.3405175511,-2.5147625476,2.3034661093,1.0371638873,0.0113767486,0.0349481635
2.8972,1.3649082688,-0.6362700093,-1.3407330902,-2.5149152833,2.3034518443,1.0371442457,0.0113767486,0.0349481635
2.8972,1.3646383052,-0.6362114915,-1.3409532433,-2.5150712741,2.3034373707,1.0371241288,0.0113767486,0.0349481635
2.8972,1.3643625865,-0.6361518126,-1.3411780077,-2.5152305188,2.3034226861,1.0371035384,0.0113767486,0.0349481635
2.8972,1.3640811223,-0.6360909723,-1.3414073778,-2.5153930138,2.3034077885,1.0370824765,0.0113767486,0.0349481635
2.8972,1.3637939235,-0.6360289711,-1.3416413464,-2.5155587544,2.3033926762,1.0370609447,0.0113767486,0.0349481635
2.8972,1.3635010007,-0.6359658099,-1.3418799059,-2.5157277355,2.3033773486,1.0370389444,0.0113767486,0.0349481635
2.8972,1.363202364,-0.6359014902,-1.3421230487,-2.5158999518,2.3033618054,1.0370164769,0.0113767486,0.0349481635
2.8972,1.3628980228,-0.6358360142,-1.342370767,-2.5160753979,2.3033460473,1.0369935427,0.0113767486,0.0349481635
2.8972,1.3625879856,-0.6357693842,-1.3426230533,-2.5162540684,2.3033300753,1.0369701421,0.0113767486,0.0349481635
2.8972,1.3622722601,-0.6357016032,-1.3428799002,-2.5164359578,2.3033138913,1.0369462751,0.0113767486,0.0349481635
2.8972,1.3619508537,-0.6356326745,-1.3431412997,-2.5166210605,2.3032974979,1.0369219412,0.0113767486,0.0349481635
2.8972,1.3616237729,-0.6355626022,-1.343407244,-2.5168093704,2.3032808983,1.0368971397,0.0113767486,0.0349481635
2.8972,1.3612910242,-0.6354913909,-1.3436777249,-2.5170008811,2.3032640967,1.0368718692,0.0113767486,0.0349481635
2.8972,1.3609526135,-0.6354190459,-1.3439527335,-2.5171955861,2.3032470978,1.0368461282,0.0113767486,0.0349481635
2.8972,1.3606085464,-0.6353455731,-1.3442322607,-2.517393478,2.3032299074,1.0368199144,0.0113767486,0.0349481635
2.8972,1.3602588276,-0.6352709794,-1.344516297,-2.5175945493,2.3032125326,1.0367932254,0.0113767486,0.0349481635
2.8972,1.3599034612,-0.6351952724,-1.3448048326,-2.5177987922,2.303194981,1.0367660578,0.0113767486,0.0349481635
2.8972,1.3595424497,-0.6351184603,-1.345097858,-2.5180061987,2.3031772618,1.0367384078,0.0113767486,0.0349481635
2.8972,1.3591757942,-0.6350405521,-1.3453953638,-2.5182167612,2.3031593851,1.0367102709,0.0113767486,0.0349481635
2.8972,1.3588034937,-0.6349615575,-1.345697341,-2.5184304718,2.3031413622,1.0366816417,0.0113767486,0.0349481635
2.8972,1.3584255453,-0.6348814868,-1.3460037815,-2.5186473233,2.3031232055,1.0366525144,0.0113767486,0.0349481635
2.8972,1.3580419438,-0.6348003503,-1.3463146782,-2.5188673093,2.3031049281,1.0366228823,0.0113767486,0.0349481635
2.8972,1.3576526812,-0.6347181586,-1.3466300253,-2.519090424,2.303086544,1.0365927384,0.0113767486,0.0349481635
2.8972,1.3572577473,-0.6346349218,-1.3469498189,-2.5193166631,2.3030680669,1.0365620753,0.0113767486,0.0349481635
2.8972,1.3568571301,-0.6345506495,-1.3472740568,-2.5195460236,2.3030495105,1.0365308856,0.0113767486,0.0349481635
2.8972,1.3564508161,-0.63446535,-1.3476027385,-2.5197785039,2.3030308873,1.0364991621,0.0113767486,0.0349481635
2.8972,1.3560387915,-0.6343790304,-1.347935865,-2.5200141035,2.3030122087,1.0364668983,0.0113767486,0.0349481635
2.8972,1.3556210429,-0.6342916964,-1.3482734385,-2.5202528232,2.3029934841,1.0364340885,0.0113767486,0.0349481635
2.8972,1.3551975578,-0.6342033523,-1.3486154617,-2.5204946642,2.3029747214,1.0364007279,0.0113767486,0.0349481635
2.8972,1.3547683247,-0.634114001,-1.3489619386,-2.5207396288,2.3029559265,1.0363668126,0.0113767486,0.0349481635
2.8972,1.3543333325,-0.6340236443,-1.3493128735,-2.5209877199,2.302937104,1.0363323393,0.0113767486,0.0349481635
2.8972,1.3538925715,-0.6339322834,-1.349668271,-2.5212389404,2.3029182573,1.0362973056,0.0113767486,0.0349481635
2.8972,1.3534460326,-0.6338399185,-1.3500281359,-2.5214932935,2.3028993889,1.0362617094,0.0113767486,0.0349481635
2.8972,1.352993707,-0.6337465496,-1.3503924735,-2.5217507829,2.3028805007,1.036225549,0.0113767486,0.0349481635
2.8972,1.3525355852,-0.6336521762,-1.3507612898,-2.5220114129,2.3028615938,1.0361888228,0.0113767486,0.0349481635
2.8972,1.3520717035,-0.6335568064,-1.3511345549,-2.5222751621,2.3028426708,1.0361515333,0.0113767486,0.0349481635
2.8972,1.3516022705,-0.6334604824,-1.3515121015,-2.5225419125,2.3028237394,1.0361136977,0.0113767486,0.0349481635
2.8972,1.3511275115,-0.6333632498,-1.3518937489,-2.5228115368,2.302804808,1.0360753343,0.0113767486,0.0349481635
2.8972,1.3506476491,-0.6332651539,-1.3522793186,-2.5230839087,2.3027858851,1.0360364614,0.0113767486,0.0349481635
2.8972,1.350162902,-0.6331662395,-1.3526686344,-2.5233589039,2.3027669797,1.0359970966,0.0113767486,0.0349481635
2.8972,1.3496734852,-0.6330665512,-1.3530615226,-2.5236364,2.3027481012,1.0359572567,0.0113767486,0.0349481635
2.8972,1.3491796101,-0.6329661331,-1.3534578122,-2.5239162764,2.3027292595,1.0359169583,0.0113767486,0.0349481635
2.8972,1.3486814861,-0.6328650291,-1.3538573331,-2.5241984132,2.3027104645,1.0358762175,0.0113767486,0.0349481635
2.8972,1.3481793241,-0.6327632827,-1.3542599141,-2.5244826902,2.3026917261,1.0358350508,0.0113767486,0.0349481635
2.8972,1.3476733415,-0.6326609383,-1.3546653801,-2.5247689844,2.3026730535,1.0357934754,0.0113767486,0.0349481635
2.8972,1.3471637682,-0.6325580412,-1.3550735462,-2.5250571665,2.302654455,1.0357515103,0.0113767486,0.0349481635
2.8972,1.3466508542,-0.6324546404,-1.3554842126,-2.5253470966,2.3026359392,1.0357091763,0.0113767486,0.0349481635
2.8972,1.3461348711,-0.6323507901,-1.3558971609,-2.5256386214,2.3026175164,1.0356664957,0.0113767486,0.0349481635
2.8972,1.345616102,-0.6322465503,-1.3563121606,-2.5259315786,2.3025992009,1.0356234898,0.0113767486,0.0349481635
2.8972,1.345094822,-0.6321419829,-1.3567289844,-2.5262258072,2.302581011,1.0355801777,0.0113767486,0.0349481635
2.8972,1.3445712876,-0.6320371484,-1.3571474178,-2.5265211551,2.3025629663,1.0355365758,0.0113767486,0.0349481635
2.8972,1.3440457435,-0.631932105,-1.3575672559,-2.5268174766,2.3025450861,1.0354926993,0.0113767486,0.0349481635
2.8972,1.3435184286,-0.6318269088,-1.3579882993,-2.52711463,2.3025273888,1.0354485636,0.0113767486,0.0349481635
2.8972,1.3429895795,-0.6317216143,-1.3584103518,-2.527412476,2.3025098908,1.0354041847,0.0113767486,0.0349481635
2.8972,1.342459432,-0.6316162743,-1.3588332192,-2.5277108769,2.3024926067,1.0353595791,0.0113767486,0.0349481635
2.8972,1.3419282226,-0.6315109404,-1.3592567085,-2.5280096957,2.3024755497,1.0353147643,0.0113767486,0.0349481635
2.8972,1.3413961887,-0.6314056628,-1.3596806272,-2.5283087964,2.3024587308,1.0352697587,0.0113767486,0.0349481635
2.8972,1.3408635687,-0.6313004906,-1.3601047837,-2.5286080432,2.30244216,1.0352245813,0.0113767486,0.0349481635
2.8972,1.3403306022,-0.631195472,-1.3605289863,-2.5289073009,2.3024258455,1.0351792523,0.0113767486,0.0349481635
2.8972,1.3397975301,-0.631090654,-1.3609530441,-2.5292064346,2.3024097939,1.0351337923,0.0113767486,0.0349481635
2.8972,1.3392645943,-0.6309860826,-1.3613767663,-2.5295053097,2.3023940107,1.0350882228,0.0113767486,0.0349481635
2.8972,1.3387320379,-0.6308818029,-1.3617999625,-2.5298037921,2.3023784997,1.0350425663,0.0113767486,0.0349481635
2.8972,1.338200105,-0.6307778589,-1.362222443,-2.5301017482,2.302363263,1.0349968458,0.0113767486,0.0349481635
2.8972,1.3376690402,-0.6306742931,-1.3626440191,-2.5303990452,2.3023483013,1.0349510853,0.0113767486,0.0349481635
2.8972,1.3371390879,-0.6305711469,-1.3630645035,-2.5306955516,2.302333614,1.0349053092,0.0113767486,0.0349481635
2.8972,1.3366104901,-0.6304684602,-1.3634837118,-2.5309911379,2.3023191986,1.0348595428,0.0113767486,0.0349481635
2.8972,1.336083484,-0.6303662711,-1.3639014642,-2.5312856781,2.302305052,1.0348138108,0.0113767486,0.0349481635
2.8972,1.3355582963,-0.630264616,-1.364317589,-2.5315790516,2.3022911714,1.034768137,0.0113767486,0.0349481635
2.8972,1.3350351338,-0.6301635296,-1.3647319273,-2.5318711474,2.3022775558,1.0347225424,0.0113767486,0.0349481635
2.8972,1.3345141881,-0.6300630472,-1.3651443284,-2.53216186,2.3022642091,1.0346770441,0.0113767486,0.0349481635
2.8972,1.3339956571,-0.6299632084,-1.3655546329,-2.5324510776,2.3022511391,1.0346316581,0.0113767486,0.0349481635
2.8972,1.3334797611,-0.6298640579,-1.3659626627,-2.5327386755,2.3022383554,1.0345864019,0.0113767486,0.0349481635
2.8972,1.3329667447,-0.6297656432,-1.3663682219,-2.5330245169,2.302225866,1.034541296,0.0113767486,0.0349481635
2.8972,1.3324568698,-0.6296680134,-1.3667711038,-2.5333084568,2.302213677,1.0344963636,0.0113767486,0.0349481635
2.8972,1.3319504074,-0.6295712173,-1.3671710963,-2.5335903469,2.3022017919,1.0344516299,0.0113767486,0.0349481635
2.8972,1.3314476324,-0.6294753037,-1.3675679856,-2.5338700372,2.3021902133,1.034407121,0.0113767486,0.0349481635
2.8972,1.3309488194,-0.629380321,-1.3679615583,-2.5341473784,2.3021789432,1.0343628632,0.0113767486,0.0349481635
2.8972,1.330454241,-0.6292863177,-1.3683516029,-2.5344222217,2.3021679839,1.0343188824,0.0113767486,0.0349481635
2.8972,1.3299641653,-0.6291933422,-1.3687379103,-2.5346944203,2.3021573382,1.034275204,0.0113767486,0.0349481635
2.8972,1.3294788561,-0.6291014425,-1.3691202745,-2.5349638292,2.3021470096,1.0342318524,0.0113767486,0.0349481635
2.8972,1.3289985728,-0.6290106668,-1.3694984924,-2.5352303054,2.3021370023,1.0341888515,0.0113767486,0.0349481635
2.8972,1.3285235713,-0.6289210627,-1.3698723632,-2.5354937075,2.3021273209,1.0341462246,0.0113767486,0.0349481635
2.8972,1.3280541046,-0.6288326778,-1.3702416881,-2.5357538954,2.3021179701,1.0341039945,0.0113767486,0.0349481635
2.8972,1.3275904234,-0.6287455593,-1.3706062698,-2.53601073,2.3021089549,1.0340621839,0.0113767486,0.0349481635
2.8972,1.3271327766,-0.628659754,-1.3709659126,-2.5362640735,2.3021002801,1.0340208151,0.0113767486,0.0349481635
2.8972,1.3266813657,-0.6285752988,-1.371320459,-2.5365138151,2.3020919487,1.0339799068,0.0113767486,0.0349481635
2.8972,1.3262362176,-0.6284921962,-1.3716698907,-2.536759942,2.3020839579,1.033939463,0.0113767486,0.0349481635
2.8972,1.3257973392,-0.6284104436,-1.3720142059,-2.5370024536,2.3020763035,1.0338994862,0.0113767486,0.0349481635
2.8972,1.3253647366,-0.6283300377,-1.3723534046,-2.5372413501,2.30206898,1.0338599795,0.0113767486,0.0349481635
2.8972,1.3249384165,-0.6282509741,-1.3726874873,-2.5374766325,2.302061981,1.0338209466,0.0113767486,0.0349481635
2.8972,1.324518387,-0.6281732475,-1.3730164548,-2.5377083022,2.3020552982,1.0337823921,0.0113767486,0.0349481635
2.8972,1.3241046586,-0.6280968514,-1.3733403074,-2.53793636,2.3020489218,1.0337443214,0.0113767486,0.0349481635
2.8972,1.3236972438,-0.6280217783,-1.3736590456,-2.5381608073,2.3020428402,1.0337067411,0.0113767486,0.0349481635
2.8972,1.3232961556,-0.6279480198,-1.373972671,-2.538381646,2.30203704,1.0336696587,0.0113767486,0.0349481635
2.8972,1.3229014068,-0.6278755663,-1.3742811859,-2.5385988786,2.302031507,1.0336330818,0.0113767486,0.0349481635
2.8972,1.322513009,-0.6278044078,-1.3745845945,-2.5388125091,2.3020262263,1.0335970186,0.0113767486,0.0349481635
2.8972,1.3221309715,-0.6277345339,-1.3748829025,-2.5390225422,2.302021183,1.0335614766,0.0113767486,0.0349481635
2.8972,1.3217553013,-0.6276659343,-1.3751761171,-2.5392289838,2.3020163628,1.0335264632,0.0113767486,0.0349481635
2.8972,1.3213860025,-0.6275985989,-1.3754642467,-2.5394318404,2.3020117521,1.033491985,0.0113767486,0.0349481635
2.8972,1.3210230769,-0.6275325185,-1.3757473006,-2.5396311192,2.302007339,1.0334580477,0.0113767486,0.0349481635
2.8972,1.3206665241,-0.6274676841,-1.3760252887,-2.5398268275,2.3020031124,1.0334246562,0.0113767486,0.0349481635
2.8972,1.3203163417,-0.6274040879,-1.3762982211,-2.5400189729,2.3019990628,1.0333918147,0.0113767486,0.0349481635
2.8972,1.3199725257,-0.6273417227,-1.3765661081,-2.5402075631,2.301995182,1.0333595266,0.0113767486,0.0349481635
2.8972,1.3196350708,-0.6272805819,-1.3768289599,-2.5403926053,2.3019914629,1.0333277946,0.0113767486,0.0349481635
2.8972,1.3193039711,-0.62722066,-1.3770867863,-2.5405741068,2.3019878997,1.0332966207,0.0113767486,0.0349481635
2.8972,1.3189792201,-0.6271619519,-1.3773395964,-2.5407520741,2.3019844875,1.0332660066,0.0113767486,0.0349481635
2.8972,1.3186608109,-0.6271044536,-1.3775873989,-2.5409265136,2.3019812226,1.0332359533,0.0113767486,0.0349481635
2.8972,1.3183487362,-0.6270481613,-1.3778302021,-2.5410974312,2.3019781019,1.0332064616,0.0113767486,0.0349481635
2.8972,1.318042988,-0.6269930719,-1.3780680139,-2.5412648325,2.3019751232,1.0331775315,0.0113767486,0.0349481635
2.8972,1.317743558,-0.6269391829,-1.3783008421,-2.541428723,2.3019722852,1.0331491629,0.0113767486,0.0349481635
2.8972,1.3174504371,-0.6268864922,-1.3785286941,-2.5415891082,2.3019695872,1.0331213553,0.0113767486,0.0349481635
2.8972,1.3171636155,-0.626834998,-1.3787515774,-2.5417459933,2.3019670292,1.0330941075,0.0113767486,0.0349481635
2.8972,1.3168830826,-0.6267846993,-1.3789694994,-2.5418993836,2.3019646122,1.0330674183,0.0113767486,0.0349481635
2.8972,1.3166088277,-0.6267355952,-1.3791824671,-2.5420492838,2.3019623375,1.0330412858,0.0113767486,0.0349481635
2.8972,1.3163408409,-0.6266876855,-1.3793904862,-2.5421956983,2.3019602073,1.0330157081,0.0113767486,0.0349481635
2.8972,1.3160791147,-0.6266409709,-1.3795935601,-2.5423386293,2.301958224,1.0329906834,0.0113767486,0.0349481635
2.8972,1.315823648,-0.6265954526,-1.379791688,-2.5424780762,2.3019563899,1.0329662106,0.0113767486,0.0349481635
2.8972,1.3155744514,-0.6265511333,-1.3799848607,-2.5426140329,2.3019547057,1.0329422902,0.0113767486,0.0349481635
2.8972,1.3153315569,-0.6265080162,-1.3801730559,-2.5427464838,2.301953169,1.0329189267,0.0113767486,0.0349481635
2.8972,1.3150950135,-0.6264661035,-1.3803562428,-2.5428754075,2.3019517718,1.0328961286,0.0113767486,0.0349481635
2.8972,1.3148648668,-0.6264253924,-1.3805343984,-2.5430007884,2.3019505003,1.0328739067,0.0113767486,0.0349481635
2.8972,1.3146411418,-0.6263858748,-1.3807075174,-2.543122623,2.3019493388,1.0328522707,0.0113767486,0.0349481635
2.8972,1.3144238422,-0.6263475396,-1.3808756103,-2.5432409192,2.301948272,1.032831228,0.0113767486,0.0349481635
2.8972,1.3142129572,-0.6263103746,-1.3810386972,-2.5433556914,2.3019472867,1.0328107836,0.0113767486,0.0349481635
2.8972,1.3140084686,-0.6262743684,-1.3811968013,-2.5434669563,2.3019463721,1.0327909405,0.0113767486,0.0349481635
2.8972,1.3138103562,-0.6262395109,-1.3813499459,-2.5435747303,2.3019455197,1.0327717008,0.0113767486,0.0349481635
2.8972,1.3136186001,-0.6262057932,-1.3814981523,-2.5436790286,2.3019447226,1.0327530656,0.0113767486,0.0349481635
2.8972,1.3134331825,-0.626173208,-1.3816414392,-2.5437798646,2.301943975,1.0327350357,0.0113767486,0.0349481635
2.8972,1.313254088,-0.6261417491,-1.3817798225,-2.5438772493,2.3019432726,1.0327176117,0.0113767486,0.0349481635
2.8972,1.3130813043,-0.6261114114,-1.3819133149,-2.5439711919,2.3019426115,1.032700794,0.0113767486,0.0349481635
2.8972,1.3129148219,-0.626082191,-1.3820419265,-2.5440616995,2.3019419885,1.0326845833,0.0113767486,0.0349481635
2.8972,1.3127546319,-0.6260540842,-1.3821656665,-2.5441487787,2.3019414011,1.0326689798,0.0113767486,0.0349481635
2.8972,1.3126007051,-0.6260270844,-1.3822845592,-2.5442324465,2.3019408471,1.0326539816,0.0113767486,0.0349481635
2.8972,1.3124529392,-0.626001172,-1.3823986854,-2.5443127599,2.3019403242,1.0326395796,0.0113767486,0.0349481635
2.8972,1.3123111925,-0.6259763213,-1.3825081558,-2.5443897967,2.3019398304,1.0326257606,0.0113767486,0.0349481635
2.8972,1.3121753343,-0.6259525082,-1.3826130723,-2.5444636288,2.3019393641,1.0326125126,0.0113767486,0.0349481635
2.8972,1.3120452317,-0.6259297087,-1.3827135387,-2.5445343292,2.3019389236,1.032599823,0.0113767486,0.0349481635
2.8972,1.3119207532,-0.6259078989,-1.3828096573,-2.5446019698,2.3019385077,1.0325876794,0.0113767486,0.0349481635
2.8972,1.31180177,-0.6258870556,-1.3829015283,-2.5446666213,2.3019381149,1.0325760698,0.0113767486,0.0349481635
2.8972,1.311688155,-0.6258671561,-1.3829892506,-2.5447283531,2.3019377442,1.0325649819,0.0113767486,0.0349481635
2.8972,1.3115797822,-0.6258481777,-1.3830729218,-2.5447872342,2.3019373945,1.0325544039,0.0113767486,0.0349481635
2.8972,1.3114765264,-0.6258300981,-1.3831526393,-2.5448433328,2.3019370648,1.0325443237,0.0113767486,0.0349481635
2.8972,1.311378263,-0.625812895,-1.3832284998,-2.5448967172,2.3019367541,1.0325347295,0.0113767486,0.0349481635
2.8972,1.3112848673,-0.6257965462,-1.3833005999,-2.5449474552,2.3019364616,1.0325256093,0.0113767486,0.0349481635
2.8972,1.3111962152,-0.6257810297,-1.3833690358,-2.5449956147,2.3019361864,1.0325169512,0.0113767486,0.0349481635
2.8972,1.3111121826,-0.6257663234,-1.3834339037,-2.5450412633,2.3019359277,1.0325087432,0.0113767486,0.0349481635
2.8972,1.3110326455,-0.6257524054,-1.3834952996,-2.5450844686,2.3019356849,1.0325009735,0.0113767486,0.0349481635
2.8972,1.3109574801,-0.6257392537,-1.3835533194,-2.545125298,2.3019354572,1.0324936299,0.0113767486,0.0349481635
2.8972,1.3108865626,-0.6257268465,-1.3836080588,-2.5451638189,2.301935244,1.0324867007,0.0113767486,0.0349481635
2.8972,1.3108197693,-0.625715162,-1.3836596135,-2.5452000988,2.3019350446,1.0324801738,0.0113767486,0.0349481635
2.8972,1.3107569768,-0.6257041782,-1.3837080792,-2.5452342047,2.3019348584,1.0324740372,0.0113767486,0.0349481635
2.8972,1.3106980616,-0.6256938736,-1.3837535512,-2.545266204,2.3019346848,1.0324682791,0.0113767486,0.0349481635
2.8972,1.3106429002,-0.6256842263,-1.383796125,-2.5452961638,2.3019345232,1.0324628874,0.0113767486,0.0349481635
2.8972,1.3105913696,-0.6256752146,-1.3838358959,-2.5453241511,2.3019343732,1.0324578501,0.0113767486,0.0349481635
2.8972,1.3105433464,-0.625666817,-1.3838729589,-2.5453502329,2.3019342342,1.0324531554,0.0113767486,0.0349481635
2.8972,1.3104987077,-0.6256590117,-1.3839074094,-2.5453744761,2.3019341057,1.0324487912,0.0113767486,0.0349481635
2.8972,1.3104573304,-0.6256517771,-1.3839393423,-2.5453969477,2.3019339872,1.0324447455,0.0113767486,0.0349481635
2.8972,1.3104190915,-0.6256450918,-1.3839688526,-2.5454177145,2.3019338782,1.0324410065,0.0113767486,0.0349481635
2.8972,1.3103838681,-0.625638934,-1.3839960353,-2.5454368433,2.3019337783,1.0324375622,0.0113767486,0.0349481635
2.8972,1.3103515374,-0.6256332822,-1.3840209852,-2.5454544008,2.3019336871,1.0324344004,0.0113767486,0.0349481635
2.8972,1.3103219766,-0.6256281149,-1.3840437974,-2.545470454,2.301933604,1.0324315094,0.0113767486,0.0349481635
2.8972,1.3102950627,-0.6256234105,-1.3840645665,-2.5454850695,2.3019335287,1.0324288771,0.0113767486,0.0349481635
2.8972,1.3102706729,-0.6256191476,-1.3840833876,-2.5454983141,2.3019334608,1.0324264916,0.0113767486,0.0349481635
2.8972,1.3102486843,-0.6256153046,-1.3841003555,-2.5455102547,2.3019333998,1.0324243408,0.0113767486,0.0349481635
2.8972,1.3102289739,-0.6256118599,-1.3841155652,-2.5455209579,2.3019333453,1.0324224127,0.0113767486,0.0349481635
2.8972,1.3102114188,-0.625608792,-1.3841291116,-2.5455304907,2.301933297,1.0324206954,0.0113767486,0.0349481635
2.8972,1.3101958957,-0.6256060793,-1.3841410899,-2.5455389199,2.3019332544,1.0324191767,0.0113767486,0.0349481635
2.8972,1.3101822813,-0.6256037003,-1.3841515952,-2.5455463126,2.3019332172,1.0324178448,0.0113767486,0.0349481635
2.8972,1.3101704523,-0.6256016334,-1.3841607227,-2.5455527357,2.301933185,1.0324166875,0.0113767486,0.0349481635
2.8972,1.3101602849,-0.6255998568,-1.384168568,-2.5455582565,2.3019331574,1.0324156927,0.0113767486,0.0349481635
2.8972,1.3101516554,-0.6255983491,-1.3841752266,-2.5455629423,2.3019331341,1.0324148483,0.0113767486,0.0349481635
2.8972,1.3101444393,-0.6255970883,-1.3841807945,-2.5455668605,2.3019331146,1.0324141422,0.0113767486,0.0349481635
2.8972,1.3101385124,-0.6255960529,-1.3841853677,-2.5455700787,2.3019330987,1.0324135622,0.0113767486,0.0349481635
2.8972,1.3101337495,-0.6255952208,-1.3841890426,-2.5455726647,2.301933086,1.0324130961,0.0113767486,0.0349481635
2.8972,1.3101300253,-0.6255945702,-1.3841919161,-2.5455746868,2.3019330761,1.0324127316,0.0113767486,0.0349481635
2.8972,1.3101272137,-0.6255940791,-1.3841940854,-2.5455762134,2.3019330686,1.0324124565,0.0113767486,0.0349481635
2.8972,1.310125188,-0.6255937252,-1.3841956484,-2.5455773133,2.3019330632,1.0324122582,0.0113767486,0.0349481635
2.8972,1.3101238206,-0.6255934863,-1.3841967035,-2.5455780558,2.3019330596,1.0324121244,0.0113767486,0.0349481635
2.8972,1.3101229826,-0.62559334,-1.38419735,-2.5455785107,2.3019330574,1.0324120424,0.0113767486,0.0349481635
2.8972,1.3101225444,-0.6255932634,-1.3841976881,-2.5455787486,2.3019330562,1.0324119995,0.0113767486,0.0349481635
2.8972,1.3101223749,-0.6255932338,-1.3841978188,-2.5455788407,2.3019330558,1.0324119829,0.0113767486,0.0349481635
2.8972,1.3101223442,-0.6255932285,-1.3841978425,-2.5455788573,2.3019330557,1.0324119799,0.0113767486,0.0349481635
2.8972,1.310122344,-0.6255932284,-1.3841978427,-2.5455788575,2.3019330557,1.0324119798,0.0113767486,0.0349481635
2.8972,1.3101223404,-0.6255932278,-1.3841978454,-2.5455788594,2.3019330557,1.0324119795,0.0113767486,0.0349481635
2.8972,1.3101223404,-0.6255932278,-1.3841978454,-2.5455788594,2.3019330557,1.0324119795,0.0113767486,0.0349481635
2.8972,1.3101223404,-0.6255932278,-1.3841978454,-2.5455788594,2.3019330557,1.0324119795,0.0113767486,0.0349481635
2.8972,1.3101223404,-0.6255932278,-1.3841978454,-2.5455788594,2.3019330557,1.0324119795,0.0113767486,0.0349481635
2.8972,1.3101223404,-0.6255932278,-1.3841978454,-2.5455788594,2.3019330557,1.0324119795,0.0113767486,0.0349481635
2.8972,1.3101223404,-0.6255932278,-1.3841978454,-2.5455788594,2.3019330557,1.0324119795,0.0113767486,0.0349481635
2.8972,1.3101223404,-0.6255932278,-1.3841978454,-2.5455788594,2.3019330557,1.0324119795,0.0113767486,0.0349481635
2.8972,1.3101223404,-0.6255932278,-1.3841978454,-2.5455788594,2.3019330557,1.0324119795,0.0113767486,0.0349481635
2.8972,1.3101223404,-0.6255932278,-1.3841978454,-2.5455788594,2.3019330557,1.0324119795,0.0113767486,0.0349481635
2.8972,1.3101223404,-0.6255932278,-1.3841978454,-2.5455788594,2.3019330557,1.0324119795,0.0113767486,0.0349481635
2.8972,1.3101223404,-0.6255932278,-1.3841978454,-2.5455788594,2.3019330557,1.0324119795,0.0113767486,0.0349481635
2.8972,1.3101223404,-0.6255932278,-1.3841978454,-2.5455788594,2.3019330557,1.0324119795,0.0113767486,0.0349481635
2.8972,1.3101223404,-0.6255932278,-1.3841978454,-2.5455788594,2.3019330557,1.0324119795,0.0113767486,0.0349481635
2.8972,1.3101223404,-0.6255932278,-1.3841978454,-2.5455788594,2.3019330557,1.0324119795,0.0113767486,0.0349481635
2.8972,1.3101223404,-0.6255932278,-1.3841978454,-2.5455788594,2.3019330557,1.0324119795,0.0113767486,0.0349481635
2.8972,1.3101223404,-0.6255932278,-1.3841978454,-2.5455788594,2.3019330557,1.0324119795,0.0113767486,0.0349481635
2.8972,1.3101223404,-0.6255932278,-1.3841978454,-2.5455788594,2.3019330557,1.0324119795,0.0113767486,0.0349481635
2.8972,1.3101223404,-0.6255932278,-1.3841978454,-2.5455788594,2.3019330557,1.0324119795,0.0113767486,0.0349481635
2.8972,1.3101223404,-0.6255932278,-1.3841978454,-2.5455788594,2.3019330557,1.0324119795,0.0113767486,0.0349481635
2.8972,1.3101223404,-0.6255932278,-1.3841978454,-2.5455788594,2.3019330557,1.0324119795,0.0113767486,0.0349481635
2.8972,1.3101223404,-0.6255932278,-1.3841978454,-2.5455788594,2.3019330557,1.0324119795,0.0113767486,0.0349481635
2.8972,1.3101223404,-0.6255932278,-1.3841978454,-2.5455788594,2.3019330557,1.0324119795,0.0113767486,0.0349481635
2.8972,1.3101223404,-0.6255932278,-1.3841978454,-2.5455788594,2.3019330557,1.0324119795,0.0113767486,0.0349481635
2.8972,1.3101223404,-0.6255932278,-1.3841978454,-2.5455788594,2.3019330557,1.0324119795,0.0113767486,0.0349481635
2.8972,1.3101223404,-0.6255932278,-1.3841978454,-2.5455788594,2.3019330557,1.0324119795,0.0113767486,0.0349481635
2.8972,1.3101223404,-0.6255932278,-1.3841978454,-2.5455788594,2.3019330557,1.0324119795,0.0113767486,0.0349481635
2.8972,1.3101223404,-0.6255932278,-1.3841978454,-2.5455788594,2.3019330557,1.0324119795,0.0113767486,0.0349481635
2.8972,1.3101223404,-0.6255932278,-1.3841978454,-2.5455788594,2.3019330557,1.0324119795,0.0113767486,0.0349481635
2.8972,1.3101223404,-0.6255932278,-1.3841978454,-2.5455788594,2.3019330557,1.0324119795,0.0113767486,0.0349481635
2.8972,1.3101223404,-0.6255932278,-1.3841978454,-2.5455788594,2.3019330557,1.0324119795,0.0113767486,0.0349481635
2.8972,1.3101223404,-0.6255932278,-1.3841978454,-2.5455788594,2.3019330557,1.0324119795,0.0113767486,0.0349481635
2.8972,1.3101223404,-0.6255932278,-1.3841978454,-2.5455788594,2.3019330557,1.0324119795,0.0113767486,0.0349481635
2.8972,1.3101223404,-0.6255932278,-1.3841978454,-2.5455788594,2.3019330557,1.0324119795,0.0113767486,0.0349481635
2.8972,1.3101223404,-0.6255932278,-1.3841978454,-2.5455788594,2.3019330557,1.0324119795,0.0113767486,0.0349481635
2.8972,1.3101223404,-0.6255932278,-1.3841978454,-2.5455788594,2.3019330557,1.0324119795,0.0113767486,0.0349481635
2.8972,1.3101223404,-0.6255932278,-1.3841978454,-2.5455788594,2.3019330557,1.0324119795,0.0113767486,0.0349481635
2.8972,1.3101223404,-0.6255932278,-1.3841978454,-2.5455788594,2.3019330557,1.0324119795,0.0113767486,0.0349481635
2.8972,1.3101223404,-0.6255932278,-1.3841978454,-2.5455788594,2.3019330557,1.0324119795,0.0113767486,0.0349481635
2.8972,1.3101223404,-0.6255932278,-1.3841978454,-2.5455788594,2.3019330557,1.0324119795,0.0113767486,0.0349481635
2.8972,1.3101223404,-0.6255932278,-1.3841978454,-2.5455788594,2.3019330557,1.0324119795,0.0113767486,0.0349481635
2.8972,1.3101223404,-0.6255932278,-1.3841978454,-2.5455788594,2.3019330557,1.0324119795,0.0113767486,0.0349481635
2.8972,1.3101223404,-0.6255932278,-1.3841978454,-2.5455788594,2.3019330557,1.0324119795,0.0113767486,0.0349481635
2.8972,1.3101223404,-0.6255932278,-1.3841978454,-2.5455788594,2.3019330557,1.0324119795,0.0113767486,0.0349481635
2.8972,1.3101223404,-0.6255932278,-1.3841978454,-2.5455788594,2.3019330557,1.0324119795,0.0113767486,0.0349481635
2.8972,1.3101223404,-0.6255932278,-1.3841978454,-2.5455788594,2.3019330557,1.0324119795,0.0113767486,0.0349481635
2.8972,1.3101223404,-0.6255932278,-1.3841978454,-2.5455788594,2.3019330557,1.0324119795,0.0113767486,0.0349481635
2.8972,1.3101223404,-0.6255932278,-1.3841978454,-2.5455788594,2.3019330557,1.0324119795,0.0113767486,0.0349481635
2.8972,1.3101223404,-0.6255932278,-1.3841978454,-2.5455788594,2.3019330557,1.0324119795,0.0113767486,0.0349481635
2.8972,1.3101223404,-0.6255932278,-1.3841978454,-2.5455788594,2.3019330557,1.0324119795,0.0113767486,0.0349481635
2.8972,1.3101223404,-0.6255932278,-1.3841978454,-2.5455788594,2.3019330557,1.0324119795,0.0113767486,0.0349481635
2.8972,1.3101223404,-0.6255932278,-1.3841978454,-2.5455788594,2.3019330557,1.0324119795,0.0113767486,0.0349481635
2.8972,1.3101223404,-0.6255932278,-1.3841978454,-2.5455788594,2.3019330557,1.0324119795,0.0113767486,0.0349481635
2.8972,1.3101223404,-0.6255932278,-1.3841978454,-2.5455788594,2.3019330557,1.0324119795,0.0113767486,0.0349481635
2.8972,1.3101223404,-0.6255932278,-1.3841978454,-2.5455788594,2.3019330557,1.0324119795,0.0113767486,0.0349481635
2.8972,1.3101223404,-0.6255932278,-1.3841978454,-2.5455788594,2.3019330557,1.0324119795,0.0113767486,0.0349481635
2.8972,1.3101223404,-0.6255932278,-1.3841978454,-2.5455788594,2.3019330557,1.0324119795,0.0113767486,0.0349481635
2.8972,1.3101223404,-0.6255932278,-1.3841978454,-2.5455788594,2.3019330557,1.0324119795,0.0113767486,0.0349481635
2.8972,1.3101223404,-0.6255932278,-1.3841978454,-2.5455788594,2.3019330557,1.0324119795,0.0113767486,0.0349481635
2.8972,1.3101223404,-0.6255932278,-1.3841978454,-2.5455788594,2.3019330557,1.0324119795,0.0113767486,0.0349481635
2.8972,1.3101223373,-0.6255932253,-1.3841978503,-2.5455788611,2.3019330525,1.0324119788,0.0113767486,0.0349481635
2.8972,1.3101222592,-0.625593162,-1.3841979739,-2.5455789042,2.3019329722,1.0324119616,0.0113767486,0.0349481635
2.8972,1.3101219985,-0.6255929508,-1.3841983864,-2.5455790479,2.3019327042,1.0324119039,0.0113767486,0.0349481635
2.8972,1.3101214435,-0.6255925012,-1.3841992646,-2.5455793539,2.3019321337,1.0324117813,0.0113767486,0.0349481635
2.8972,1.3101204805,-0.6255917212,-1.3842007886,-2.5455798848,2.3019311436,1.0324115684,0.0113767486,0.0349481635
2.8972,1.3101190092,-0.6255905294,-1.3842031169,-2.5455806959,2.301929631,1.0324112432,0.0113767486,0.0349481635
2.8972,1.3101169228,-0.6255888394,-1.3842064187,-2.5455818459,2.3019274859,1.032410782,0.0113767486,0.0349481635
2.8972,1.3101141021,-0.6255865548,-1.3842108826,-2.5455834006,2.3019245859,1.0324101585,0.0113767486,0.0349481635
2.8972,1.3101104308,-0.6255835813,-1.3842166928,-2.5455854239,2.3019208113,1.032409347,0.0113767486,0.0349481635
2.8972,1.3101057977,-0.6255798289,-1.3842240252,-2.5455879772,2.3019160477,1.0324083229,0.0113767486,0.0349481635
2.8972,1.3101000909,-0.6255752071,-1.3842330571,-2.545591122,2.3019101802,1.0324070615,0.0113767486,0.0349481635
2.8972,1.3100931965,-0.6255696236,-1.3842439686,-2.5455949209,2.3019030915,1.0324055375,0.0113767486,0.0349481635
2.8972,1.310085,-0.6255629857,-1.3842569413,-2.545599437,2.3018946638,1.0324037258,0.0113767486,0.0349481635
2.8972,1.3100753868,-0.6255552008,-1.3842721564,-2.5456047334,2.3018847794,1.0324016009,0.0113767486,0.0349481635
2.8972,1.3100642424,-0.6255461762,-1.3842897952,-2.5456108729,2.3018733205,1.0323991376,0.0113767486,0.0349481635
2.8972,1.3100514521,-0.625535819,-1.3843100394,-2.5456179188,2.3018601691,1.0323963104,0.0113767486,0.0349481635
2.8972,1.3100369008,-0.6255240361,-1.3843330713,-2.5456259343,2.3018452066,1.032393094,0.0113767486,0.0349481635
2.8972,1.310020473,-0.6255107341,-1.3843590737,-2.5456349828,2.3018283146,1.0323894629,0.0113767486,0.0349481635
2.8972,1.3100020534,-0.6254958197,-1.3843882293,-2.5456451277,2.3018093742,1.0323853915,0.0113767486,0.0349481635
2.8972,1.3099815263,-0.6254791993,-1.3844207213,-2.5456564328,2.3017882664,1.0323808542,0.0113767486,0.0349481635
2.8972,1.3099587759,-0.6254607792,-1.384456733,-2.5456689615,2.3017648721,1.0323758255,0.0113767486,0.0349481635
2.8972,1.3099336863,-0.6254404657,-1.3844964483,-2.5456827775,2.3017390721,1.0323702798,0.0113767486,0.0349481635
2.8972,1.3099061414,-0.6254181649,-1.3845400508,-2.5456979446,2.3017107469,1.0323641914,0.0113767486,0.0349481635
2.8972,1.3098760249,-0.6253937828,-1.3845877247,-2.5457145267,2.3016797769,1.0323575346,0.0113767486,0.0349481635
2.8972,1.3098432207,-0.6253672255,-1.3846396542,-2.5457325874,2.3016460426,1.0323502837,0.0113767486,0.0349481635
2.8972,1.3098076122,-0.6253383987,-1.3846960238,-2.5457521909,2.301609424,1.032342413,0.0113767486,0.0349481635
2.8972,1.3097690829,-0.6253072083,-1.384757018,-2.545773401,2.3015698013,1.0323338966,0.0113767486,0.0349481635
2.8972,1.3097275163,-0.62527356,-1.3848228217,-2.5457962816,2.3015270544,1.032324709,0.0113767486,0.0349481635
2.8972,1.3096827956,-0.6252373594,-1.3848936198,-2.5458208968,2.3014810634,1.0323148242,0.0113767486,0.0349481635
2.8972,1.309634804,-0.6251985123,-1.3849695973,-2.5458473106,2.3014317079,1.0323042164,0.0113767486,0.0349481635
2.8972,1.3095834247,-0.6251569242,-1.3850509394,-2.5458755872,2.3013788677,1.0322928598,0.0113767486,0.0349481635
2.8972,1.3095285408,-0.6251125005,-1.3851378315,-2.5459057905,2.3013224225,1.0322807287,0.0113767486,0.0349481635
2.8972,1.3094700352,-0.6250651468,-1.385230459,-2.5459379847,2.3012622518,1.032267797,0.0113767486,0.0349481635
2.8972,1.3094077908,-0.6250147684,-1.3853290074,-2.545972234,2.3011982351,1.0322540389,0.0113767486,0.0349481635
2.8972,1.3093416907,-0.6249612709,-1.3854336624,-2.5460086024,2.3011302518,1.0322394286,0.0113767486,0.0349481635
2.8972,1.3092716174,-0.6249045595,-1.3855446098,-2.5460471542,2.3010581813,1.0322239402,0.0113767486,0.0349481635
2.8972,1.309197454,-0.6248445396,-1.3856620354,-2.5460879534,2.300981903,1.0322075477,0.0113767486,0.0349481635
2.8972,1.309119083,-0.6247811164,-1.3857861251,-2.5461310644,2.300901296,1.0321902252,0.0113767486,0.0349481635
2.8972,1.3090363872,-0.6247141954,-1.3859170651,-2.5461765511,2.3008162395,1.0321719469,0.0113767486,0.0349481635
2.8972,1.3089492491,-0.6246436817,-1.3860550413,-2.5462244779,2.3007266128,1.0321526866,0.0113767486,0.0349481635
2.8972,1.3088575515,-0.6245694805,-1.3862002399,-2.546274909,2.3006322949,1.0321324187,0.0113767486,0.0349481635
2.8972,1.3087611768,-0.6244914972,-1.3863528473,-2.5463279084,2.3005331649,1.0321111169,0.0113767486,0.0349481635
2.8972,1.3086600076,-0.624409637,-1.3865130497,-2.5463835403,2.3004291018,1.0320887555,0.0113767486,0.0349481635
2.8972,1.3085539265,-0.624323805,-1.3866810335,-2.546441869,2.3003199845,1.0320653084,0.0113767486,0.0349481635
2.8972,1.3084428158,-0.6242339065,-1.386856985,-2.5465029586,2.3002056922,1.0320407497,0.0113767486,0.0349481635
2.8972,1.3083265581,-0.6241398466,-1.3870410909,-2.5465668732,2.3000861035,1.0320150534,0.0113767486,0.0349481635
2.8972,1.3082050359,-0.6240415307,-1.3872335375,-2.546633677,2.2999610976,1.0319881935,0.0113767486,0.0349481635
2.8972,1.3080781315,-0.6239388638,-1.3874345116,-2.546703434,2.2998305531,1.031960144,0.0113767486,0.0349481635
2.8972,1.3079457273,-0.6238317512,-1.3876441996,-2.5467762085,2.299694349,1.031930879,0.0113767486,0.0349481635
2.8972,1.3078077058,-0.6237200982,-1.3878627884,-2.5468520644,2.2995523641,1.0319003724,0.0113767486,0.0349481635
2.8972,1.3076639525,-0.6236038124,-1.3880904595,-2.5469310641,2.2994044804,1.031868599,0.0113767486,0.0349481635
2.8972,1.3075144215,-0.6234828573,-1.3883272861,-2.547013232,2.2992506504,1.0318355487,0.0113767486,0.0349481635
2.8972,1.307359103,-0.6233572254,-1.3885732844,-2.5470985728,2.2990908638,1.0318012192,0.0113767486,0.0349481635
2.8972,1.307197991,-0.6232269124,-1.3888284647,-2.5471870889,2.298925114,1.0317656092,0.0113767486,0.0349481635
2.8972,1.3070310816,-0.6230919158,-1.3890928336,-2.5472787816,2.2987533966,1.031728718,0.0113767486,0.0349481635
2.8972,1.3068583574,-0.6229522219,-1.3893664194,-2.5473736595,2.2985756936,1.0316905416,0.0113767486,0.0349481635
2.8972,1.3066798077,-0.6228078227,-1.3896492397,-2.5474717277,2.2983919935,1.0316510777,0.0113767486,0.0349481635
2.8972,1.306495434,-0.6226587199,-1.3899412928,-2.5475729845,2.2982022975,1.0316103266,0.0113767486,0.0349481635
2.8972,1.306305235,-0.6225049133,-1.3902425813,-2.5476774294,2.298006604,1.0315682881,0.0113767486,0.0349481635
2.8972,1.3061092044,-0.6223463982,-1.3905531162,-2.5477850652,2.2978049061,1.0315249608,0.0113767486,0.0349481635
2.8972,1.3059073364,-0.6221831706,-1.3908729072,-2.5478958939,2.2975971974,1.0314803433,0.0113767486,0.0349481635
2.8972,1.3056996275,-0.6220152283,-1.3912019608,-2.5480099165,2.2973834739,1.031434435,0.0113767486,0.0349481635
2.8972,1.3054860746,-0.6218425695,-1.3915402826,-2.5481271336,2.2971637322,1.0313872352,0.0113767486,0.0349481635
2.8972,1.3052666747,-0.6216651924,-1.3918878781,-2.5482475458,2.2969379686,1.0313387432,0.0113767486,0.0349481635
2.8972,1.3050414247,-0.6214830954,-1.3922447529,-2.5483711536,2.2967061797,1.0312889583,0.0113767486,0.0349481635
2.8972,1.3048103221,-0.6212962769,-1.3926109122,-2.5484979573,2.2964683622,1.03123788,0.0113767486,0.0349481635
2.8972,1.3045733644,-0.6211047358,-1.3929863606,-2.5486279571,2.2962245133,1.0311855077,0.0113767486,0.0349481635
2.8972,1.3043305495,-0.6209084713,-1.3933711022,-2.5487611529,2.2959746304,1.031131841,0.0113767486,0.0349481635
2.8972,1.3040818756,-0.6207074824,-1.3937651411,-2.5488975444,2.2957187111,1.0310768796,0.0113767486,0.0349481635
2.8972,1.3038273409,-0.6205017687,-1.394168481,-2.5490371315,2.295456753,1.0310206229,0.0113767486,0.0349481635
2.8972,1.3035669438,-0.6202913297,-1.3945811253,-2.5491799135,2.295188754,1.0309630707,0.0113767486,0.0349481635
2.8972,1.3033006829,-0.6200761652,-1.3950030772,-2.5493258899,2.2949147123,1.0309042227,0.0113767486,0.0349481635
2.8972,1.3030285571,-0.6198562751,-1.3954343396,-2.5494750599,2.2946346261,1.0308440787,0.0113767486,0.0349481635
2.8972,1.3027505654,-0.6196316595,-1.3958749153,-2.5496274227,2.2943484937,1.0307826384,0.0113767486,0.0349481635
2.8972,1.3024667067,-0.6194023186,-1.3963248069,-2.5497829771,2.2940563137,1.0307199016,0.0113767486,0.0349481635
2.8972,1.3021769805,-0.6191682528,-1.3967840166,-2.5499417222,2.2937580847,1.0306558682,0.0113767486,0.0349481635
2.8972,1.301881386,-0.6189294627,-1.3972525466,-2.5501036565,2.2934538054,1.030590538,0.0113767486,0.0349481635
2.8972,1.3015799229,-0.6186859488,-1.3977303988,-2.5502687788,2.2931434749,1.0305239111,0.0113767486,0.0349481635
2.8972,1.3012725907,-0.618437712,-1.3982175751,-2.5504370875,2.292827092,1.0304559872,0.0113767486,0.0349481635
2.8972,1.3009593893,-0.6181847533,-1.3987140771,-2.5506085809,2.292504656,1.0303867665,0.0113767486,0.0349481635
2.8972,1.3006403186,-0.6179270736,-1.3992199063,-2.5507832574,2.292176166,1.0303162488,0.0113767486,0.0349481635
2.8972,1.3003153786,-0.6176646743,-1.3997350641,-2.5509611149,2.2918416213,1.0302444343,0.0113767486,0.0349481635
2.8972,1.2999845694,-0.6173975567,-1.4002595516,-2.5511421515,2.2915010214,1.0301713229,0.0113767486,0.0349481635
2.8972,1.2996478914,-0.6171257222,-1.40079337,-2.551326365,2.2911543658,1.0300969147,0.0113767486,0.0349481635
2.8972,1.2993053448,-0.6168491725,-1.4013365203,-2.5515137531,2.290801654,1.0300212098,0.0113767486,0.0349481635
2.8972,1.2989569301,-0.6165679092,-1.4018890032,-2.5517043136,2.2904428857,1.0299442084,0.0113767486,0.0349481635
2.8972,1.298602648,-0.6162819343,-1.4024508197,-2.5518980437,2.2900780606,1.0298659106,0.0113767486,0.0349481635
2.8972,1.2982424989,-0.6159912497,-1.4030219702,-2.552094941,2.2897071786,1.0297863166,0.0113767486,0.0349481635
2.8972,1.2978764838,-0.6156958574,-1.4036024555,-2.5522950025,2.2893302396,1.0297054265,0.0113767486,0.0349481635
2.8972,1.2975046034,-0.6153957599,-1.404192276,-2.5524982254,2.2889472434,1.0296232405,0.0113767486,0.0349481635
2.8972,1.2971268586,-0.6150909593,-1.4047914321,-2.5527046066,2.28855819,1.029539759,0.0113767486,0.0349481635
2.8972,1.2967432505,-0.6147814582,-1.4053999242,-2.5529141429,2.2881630796,1.029454982,0.0113767486,0.0349481635
2.8972,1.2963537802,-0.6144672593,-1.4060177526,-2.553126831,2.2877619121,1.02936891,0.0113767486,0.0349481635
2.8972,1.2959584489,-0.6141483651,-1.4066449175,-2.5533426675,2.2873546878,1.0292815432,0.0113767486,0.0349481635
2.8972,1.2955572577,-0.6138247786,-1.4072814192,-2.5535616486,2.2869414067,1.0291928818,0.0113767486,0.0349481635
2.8972,1.2951502081,-0.6134965027,-1.4079272577,-2.5537837708,2.2865220692,1.0291029262,0.0113767486,0.0349481635
2.8972,1.2947373014,-0.6131635407,-1.4085824333,-2.5540090299,2.2860966754,1.0290116768,0.0113767486,0.0349481635
2.8972,1.2943185391,-0.6128258956,-1.409246946,-2.5542374221,2.2856652256,1.0289191339,0.0113767486,0.0349481635
2.8972,1.2938939227,-0.6124835708,-1.4099207958,-2.5544689431,2.2852277201,1.0288252978,0.0113767486,0.0349481635
2.8972,1.2934634538,-0.6121365699,-1.410603983,-2.5547035885,2.2847841593,1.0287301691,0.0113767486,0.0349481635
2.8972,1.2930271341,-0.6117848965,-1.4112965075,-2.5549413538,2.2843345435,1.0286337479,0.0113767486,0.0349481635
2.8972,1.2925849653,-0.6114285543,-1.4119983693,-2.5551822342,2.283878873,1.0285360349,0.0113767486,0.0349481635
2.8972,1.2921369492,-0.6110675473,-1.4127095687,-2.555426225,2.2834171482,1.0284370303,0.0113767486,0.0349481635
2.8972,1.2916830877,-0.6107018794,-1.4134301055,-2.5556733209,2.2829493694,1.0283367347,0.0113767486,0.0349481635
2.8972,1.2912233828,-0.610331555,-1.4141599798,-2.5559235169,2.2824755371,1.0282351486,0.0113767486,0.0349481635
2.8972,1.2907578364,-0.6099565782,-1.4148991918,-2.5561768073,2.2819956517,1.0281322723,0.0113767486,0.0349481635
2.8972,1.2902864506,-0.6095769538,-1.4156477414,-2.5564331866,2.2815097137,1.0280281065,0.0113767486,0.0349481635
2.8972,1.2898092276,-0.6091926863,-1.4164056286,-2.5566926489,2.2810177234,1.0279226517,0.0113767486,0.0349481635
2.8972,1.2893261698,-0.6088037808,-1.4171728536,-2.556955188,2.2805196813,1.0278159083,0.0113767486,0.0349481635
2.8972,1.2888372794,-0.6084102421,-1.4179494163,-2.5572207977,2.2800155881,1.027707877,0.0113767486,0.0349481635
2.8972,1.288342559,-0.6080120758,-1.4187353166,-2.5574894712,2.2795054442,1.0275985584,0.0113767486,0.0349481635
2.8972,1.2878420113,-0.6076092874,-1.4195305543,-2.5577612017,2.2789892504,1.0274879531,0.0113767486,0.0349481635
2.8972,1.2873356392,-0.6072018826,-1.4203351292,-2.5580359819,2.2784670073,1.0273760619,0.0113767486,0.0349481635
2.8972,1.2868234455,-0.6067898677,-1.421149041,-2.5583138043,2.2779387159,1.0272628854,0.0113767486,0.0349481635
2.8972,1.2863054337,-0.6063732491,-1.4219722888,-2.558594661,2.2774043772,1.0271484244,0.0113767486,0.0349481635
2.8972,1.2857816073,-0.6059520337,-1.4228048721,-2.5588785436,2.2768639923,1.0270326798,0.0113767486,0.0349481635
2.8972,1.2852519701,-0.6055262288,-1.4236467895,-2.5591654434,2.2763175627,1.0269156524,0.0113767486,0.0349481635
2.8972,1.2847165264,-0.6050958421,-1.4244980394,-2.559455351,2.2757650901,1.0267973434,0.0113767486,0.0349481635
2.8972,1.284175281,-0.604660882,-1.4253586198,-2.5597482568,2.2752065767,1.0266777538,0.0113767486,0.0349481635
2.8972,1.2836282391,-0.6042213575,-1.426228528,-2.5600441501,2.274642025,1.0265568849,0.0113767486,0.0349481635
2.8972,1.2830754067,-0.6037772783,-1.4271077604,-2.5603430199,2.2740714379,1.0264347381,0.0113767486,0.0349481635
2.8972,1.2825167905,-0.603328655,-1.4279963127,-2.5606448541,2.2734948193,1.0263113149,0.0113767486,0.0349481635
2.8972,1.2819523982,-0.6028754994,-1.4288941789,-2.5609496398,2.2729121738,1.0261866171,0.0113767486,0.0349481635
2.8972,1.2813822387,-0.6024178241,-1.4298013521,-2.5612573631,2.2723235069,1.0260606468,0.0113767486,0.0349481635
2.8972,1.2808063217,-0.6019556431,-1.4307178241,-2.5615680089,2.2717288248,1.0259334062,0.0113767486,0.0349481635
2.8972,1.2802246578,-0.6014889714,-1.4316435857,-2.5618815612,2.2711281346,1.0258048979,0.0113767486,0.0349481635
2.8972,1.2796372578,-0.6010178245,-1.4325786276,-2.5621980032,2.2705214433,1.0256751242,0.0113767486,0.0349481635
2.8972,1.279044133,-0.6005422184,-1.433522941,-2.5625173174,2.2699087579,1.0255440878,0.0113767486,0.0349481635
2.8972,1.278445295,-0.6000621701,-1.4344765164,-2.5628394853,2.2692900857,1.0254117914,0.0113767486,0.0349481635
2.8972,1.2778407559,-0.5995776974,-1.4354393441,-2.5631644872,2.2686654343,1.0252782379,0.0113767486,0.0349481635
2.8972,1.2772305288,-0.5990888194,-1.4364114137,-2.5634923025,2.2680348117,1.0251434301,0.0113767486,0.0349481635
2.8972,1.2766146275,-0.5985955561,-1.4373927142,-2.5638229091,2.2673982266,1.0250073714,0.0113767486,0.0349481635
2.8972,1.2759930668,-0.5980979291,-1.4383832336,-2.5641562834,2.2667556882,1.0248700653,0.0113767486,0.0349481635
2.8972,1.2753658624,-0.5975959613,-1.4393829595,-2.5644924005,2.2661072064,1.0247315152,0.0113767486,0.0349481635
2.8972,1.2747330311,-0.5970896768,-1.4403918782,-2.5648312337,2.2654527915,1.0245917252,0.0113767486,0.0349481635
2.8972,1.2740945907,-0.5965791018,-1.4414099756,-2.5651727546,2.2647924547,1.0244506994,0.0113767486,0.0349481635
2.8972,1.2734505602,-0.5960642638,-1.4424372363,-2.565516933,2.2641262079,1.0243084422,0.0113767486,0.0349481635
2.8972,1.2728009601,-0.5955451923,-1.4434736441,-2.5658637364,2.2634540636,1.0241649584,0.0113767486,0.0349481635
2.8972,1.2721458119,-0.5950219189,-1.4445191817,-2.5662131302,2.2627760353,1.024020253,0.0113767486,0.0349481635
2.8972,1.2714851388,-0.5944944772,-1.4455738308,-2.5665650775,2.2620921373,1.0238743313,0.0113767486,0.0349481635
2.8972,1.2708189656,-0.5939629034,-1.4466375717,-2.5669195385,2.2614023848,1.0237271992,0.0113767486,0.0349481635
2.8972,1.2701473186,-0.5934272361,-1.4477103838,-2.5672764707,2.260706794,1.0235788629,0.0113767486,0.0349481635
2.8972,1.2694702262,-0.5928875166,-1.4487922451,-2.5676358283,2.2600053821,1.0234293288,0.0113767486,0.0349481635
2.8972,1.2687877185,-0.5923437893,-1.4498831321,-2.5679975622,2.2592981673,1.0232786042,0.0113767486,0.0349481635
2.8972,1.2680998278,-0.591796102,-1.4509830202,-2.5683616195,2.258585169,1.0231266964,0.0113767486,0.0349481635
2.8972,1.2674065889,-0.5912445058,-1.4520918833,-2.5687279432,2.2578664079,1.0229736138,0.0113767486,0.0349481635
2.8972,1.2667080386,-0.590689056,-1.4532096938,-2.5690964717,2.2571419058,1.0228193648,0.0113767486,0.0349481635
2.8972,1.2660042166,-0.5901298119,-1.4543364226,-2.5694671383,2.2564116857,1.022663959,0.0113767486,0.0349481635
2.8972,1.2652951656,-0.5895668376,-1.4554720392,-2.5698398711,2.255675772,1.0225074061,0.0113767486,0.0349481635
2.8972,1.2645809309,-0.5890002023,-1.4566165115,-2.570214592,2.2549341905,1.0223497171,0.0113767486,0.0349481635
2.8972,1.2638615615,-0.5884299805,-1.4577698062,-2.5705912162,2.2541869683,1.0221909034,0.0113767486,0.0349481635
2.8972,1.2631371095,-0.5878562531,-1.4589318884,-2.5709696515,2.2534341338,1.0220309773,0.0113767486,0.0349481635
2.8972,1.2624076308,-0.5872791075,-1.4601027224,-2.5713497976,2.2526757167,1.0218699521,0.0113767486,0.0349481635
2.8972,1.2616731852,-0.586698638,-1.4612822713,-2.5717315453,2.2519117478,1.0217078421,0.0113767486,0.0349481635
2.8972,1.2609338363,-0.5861149468,-1.4624704979,-2.5721147756,2.2511422588,1.0215446624,0.0113767486,0.0349481635
2.8972,1.260189652,-0.5855281445,-1.4636673652,-2.5724993588,2.2503672823,1.0213804293,0.0113767486,0.0349481635
2.8972,1.2594407038,-0.58493835,-1.464872837,-2.5728851536,2.2495868507,1.0212151599,0.0113767486,0.0349481635
2.8972,1.2586870671,-0.5843456914,-1.4660868791,-2.5732720068,2.2488009961,1.0210488727,0.0113767486,0.0349481635
2.8972,1.2579288205,-0.5837503056,-1.4673094609,-2.5736597519,2.2480097493,1.0208815866,0.0113767486,0.0349481635
2.8972,1.2571660445,-0.5831523379,-1.468540557,-2.5740482101,2.247213138,1.0207133214,0.0113767486,0.0349481635
2.8972,1.2563988206,-0.5825519406,-1.4697801504,-2.5744371905,2.2464111861,1.0205440974,0.0113767486,0.0349481635
2.8972,1.2556272285,-0.581949271,-1.4710282348,-2.5748264921,2.2456039107,1.0203739346,0.0113767486,0.0349481635
2.8972,1.2548513434,-0.5813444873,-1.4722848184,-2.5752159074,2.2447913201,1.0202028523,0.0113767486,0.0349481635
2.8972,1.2540712319,-0.5807377431,-1.4735499274,-2.5756052282,2.2439734108,1.020030868,0.0113767486,0.0349481635
2.8972,1.2532869474,-0.5801291805,-1.4748236093,-2.5759942541,2.2431501656,1.0198579966,0.0113767486,0.0349481635
2.8972,1.2524985256,-0.5795189211,-1.4761059331,-2.5763828028,2.2423215515,1.0196842488,0.0113767486,0.0349481635
2.8972,1.2517059806,-0.5789070574,-1.4773969891,-2.5767707218,2.2414875197,1.0195096308,0.0113767486,0.0349481635
2.8972,1.2509093316,-0.5782936651,-1.4786968349,-2.577157889,2.2406480395,1.0193341493,0.0113767486,0.0349481635
2.8972,1.2501086882,-0.577678859,-1.4800053423,-2.5775441891,2.2398031957,1.0191578303,0.0113767486,0.0349481635
2.8972,1.2493041735,-0.5770627384,-1.4813223275,-2.5779295434,2.238953105,1.0189807024,0.0113767486,0.0349481635
2.8972,1.2484958935,-0.5764453685,-1.4826476091,-2.5783139163,2.2380978797,1.0188027896,0.0113767486,0.0349481635
2.8972,1.2476839407,-0.5758267894,-1.4839810073,-2.5786973045,2.2372376293,1.0186241127,0.0113767486,0.0349481635
2.8972,1.2468683995,-0.5752070249,-1.4853223427,-2.5790797259,2.2363724616,1.0184446904,0.0113767486,0.0349481635
2.8972,1.2460493487,-0.5745860892,-1.4866714366,-2.5794612107,2.2355024833,1.0182645399,0.0113767486,0.0349481635
2.8972,1.2452268642,-0.5739639913,-1.4880281117,-2.5798417965,2.2346278003,1.0180836776,0.0113767486,0.0349481635
2.8972,1.2444010199,-0.5733407384,-1.4893921911,-2.5802215234,2.233748518,1.0179021194,0.0113767486,0.0349481635
2.8972,1.2435718901,-0.5727163384,-1.4907634979,-2.5806004312,2.2328647422,1.0177198813,0.0113767486,0.0349481635
2.8972,1.2427395502,-0.5720908012,-1.4921418547,-2.5809785572,2.2319765793,1.0175369792,0.0113767486,0.0349481635
2.8972,1.2419040765,-0.5714641399,-1.4935270845,-2.5813559355,2.2310841358,1.0173534295,0.0113767486,0.0349481635
2.8972,1.2410655465,-0.5708363707,-1.4949190106,-2.5817325963,2.2301875186,1.0171692488,0.0113767486,0.0349481635
2.8972,1.240224039,-0.5702075128,-1.4963174567,-2.5821085656,2.2292868346,1.0169844539,0.0113767486,0.0349481635
2.8972,1.239379634,-0.5695775889,-1.4977222473,-2.5824838656,2.2283821906,1.016799062,0.0113767486,0.0349481635
2.8972,1.2385324126,-0.5689466245,-1.4991332076,-2.5828585144,2.2274736934,1.0166130906,0.0113767486,0.0349481635
2.8972,1.2376824567,-0.5683146478,-1.5005501636,-2.5832325266,2.2265614495,1.0164265572,0.0113767486,0.0349481635
2.8972,1.236829849,-0.5676816894,-1.5019729419,-2.5836059137,2.2256455653,1.0162394796,0.0113767486,0.0349481635
2.8972,1.2359746731,-0.5670477822,-1.5034013703,-2.5839786842,2.2247261468,1.016051876,0.0113767486,0.0349481635
2.8972,1.2351170129,-0.5664129607,-1.5048352772,-2.584350844,2.2238032998,1.0158637644,0.0113767486,0.0349481635
2.8972,1.2342569525,-0.5657772609,-1.5062744922,-2.584722397,2.2228771293,1.0156751631,0.0113767486,0.0349481635
2.8972,1.2333945762,-0.5651407198,-1.5077188458,-2.5850933455,2.2219477402,1.0154860903,0.0113767486,0.0349481635
2.8972,1.2325299683,-0.5645033752,-1.5091681698,-2.5854636905,2.2210152365,1.0152965643,0.0113767486,0.0349481635
2.8972,1.2316632129,-0.5638652654,-1.5106222969,-2.5858334318,2.2200797216,1.0151066033,0.0113767486,0.0349481635
2.8972,1.2307943935,-0.5632264287,-1.5120810613,-2.5862025693,2.2191412982,1.0149162256,0.0113767486,0.0349481635
2.8972,1.229923593,-0.5625869029,-1.5135442982,-2.5865711023,2.2182000682,1.0147254491,0.0113767486,0.0349481635
2.8972,1.2290508937,-0.5619467255,-1.5150118442,-2.5869390308,2.2172561328,1.0145342916,0.0113767486,0.0349481635
2.8972,1.2281763767,-0.5613059328,-1.5164835374,-2.5873063557,2.2163095918,1.0143427709,0.0113767486,0.0349481635
2.8972,1.2273001221,-0.5606645597,-1.5179592171,-2.5876730788,2.2153605446,1.0141509042,0.0113767486,0.0349481635
2.8972,1.2264222085,-0.5600226392,-1.5194387241,-2.5880392042,2.214409089,1.0139587088,0.0113767486,0.0349481635
2.8972,1.2255427128,-0.5593802024,-1.5209219009,-2.5884047381,2.2134553221,1.0137662012,0.0113767486,0.0349481635
2.8972,1.2246617103,-0.5587372773,-1.5224085911,-2.5887696895,2.2124993396,1.0135733977,0.0113767486,0.0349481635
2.8972,1.2237792741,-0.558093889,-1.5238986399,-2.5891340712,2.2115412361,1.0133803142,0.0113767486,0.0349481635
2.8972,1.2228954749,-0.5574500589,-1.5253918941,-2.5894979,2.210581105,1.0131869659,0.0113767486,0.0349481635
2.8972,1.2220103813,-0.5568058042,-1.5268882015,-2.5898611976,2.2096190385,1.0129933675,0.0113767486,0.0349481635
2.8972,1.2211240589,-0.5561611371,-1.5283874111,-2.5902239916,2.2086551277,1.012799533,0.0113767486,0.0349481635
2.8972,1.2202365704,-0.5555160647,-1.5298893728,-2.5905863159,2.2076894626,1.0126054758,0.0113767486,0.0349481635
2.8972,1.2193479755,-0.5548705882,-1.5313939369,-2.5909482119,2.2067221326,1.0124112084,0.0113767486,0.0349481635
2.8972,1.2184583311,-0.5542247021,-1.5329009535,-2.5913097293,2.2057532263,1.0122167427,0.0113767486,0.0349481635
2.8972,1.2175676906,-0.5535783941,-1.5344102719,-2.591670927,2.2047828325,1.0120220898,0.0113767486,0.0349481635
2.8972,1.2166761052,-0.5529316447,-1.5359217394,-2.5920318736,2.2038110403,1.0118272599,0.0113767486,0.0349481635
2.8972,1.2157836235,-0.5522844273,-1.5374351996,-2.5923926481,2.2028379406,1.0116322629,0.0113767486,0.0349481635
2.8972,1.2148902931,-0.5516367087,-1.5389504908,-2.5927533398,2.2018636268,1.0114371079,0.0113767486,0.0349481635
2.8972,1.2139961618,-0.55098845,-1.5404674435,-2.5931140476,2.2008881969,1.0112418042,0.0113767486,0.0349481635
2.8972,1.2131012797,-0.5503396095,-1.5419858771,-2.593474878,2.1999117552,1.0110463613,0.0113767486,0.0349481635
2.8972,1.2122057028,-0.5496901462,-1.5435055965,-2.5938359417,2.1989344151,1.0108507898,0.0113767486,0.0349481635
2.8972,1.2113094964,-0.5490400249,-1.5450263889,-2.5941973474,2.1979563014,1.0106551024,0.0113767486,0.0349481635
2.8972,1.2104127398,-0.5483892239,-1.5465480208,-2.5945591942,2.196977553,1.0104593146,0.0113767486,0.0349481635
2.8972,1.2095155307,-0.5477377433,-1.5480702366,-2.5949215605,2.1959983242,1.0102634462,0.0113767486,0.0349481635
2.8972,1.2086179894,-0.5470856137,-1.5495927605,-2.5952844926,2.1950187847,1.0100675221,0.0113767486,0.0349481635
2.8972,1.2077202315,-0.5464328836,-1.5511153493,-2.5956480047,2.1940390863,1.0098715666,0.0113767486,0.0349481635
2.8972,1.2068222831,-0.5457795639,-1.5526379466,-2.5960121018,2.1930592647,1.0096755848,0.0113767486,0.0349481635
2.8972,1.2059241567,-0.5451256816,-1.5541605518,-2.5963767506,2.1920793233,1.0094795799,0.0113767486,0.0349481635
2.8972,1.205025883,-0.544471299,-1.5556831627,-2.5967418732,2.1910992694,1.0092835594,0.0113767486,0.0349481635
2.8972,1.2041275056,-0.5438165039,-1.5572057769,-2.5971073576,2.1901191122,1.0090875341,0.0113767486,0.0349481635
2.8972,1.2032290767,-0.5431614008,-1.5587283926,-2.5974730694,2.1891388621,1.0088915172,0.0113767486,0.0349481635
2.8972,1.2023306536,-0.5425061039,-1.5602510083,-2.5978388609,2.1881585294,1.0086955233,0.0113767486,0.0349481635
2.8972,1.2014322967,-0.5418507328,-1.5617736229,-2.598204576,2.1871781243,1.008499568,0.0113767486,0.0349481635
2.8972,1.2005340677,-0.5411954088,-1.5632962355,-2.5985700557,2.186197657,1.0083036672,0.0113767486,0.0349481635
2.8972,1.1996360287,-0.5405402526,-1.5648188454,-2.5989351402,2.1852171368,1.0081078371,0.0113767486,0.0349481635
2.8972,1.1987382411,-0.539885383,-1.5663414519,-2.5992996718,2.1842365725,1.0079120938,0.0113767486,0.0349481635
2.8972,1.1978407652,-0.5392309151,-1.5678640547,-2.5996634961,2.1832559725,1.0077164535,0.0113767486,0.0349481635
2.8972,1.1969436595,-0.5385769603,-1.5693866533,-2.6000264632,2.1822753441,1.0075209316,0.0113767486,0.0349481635
2.8972,1.196046981,-0.5379236253,-1.5709092476,-2.600388428,2.181294694,1.0073255436,0.0113767486,0.0349481635
2.8972,1.1951507845,-0.537271012,-1.5724318373,-2.6007492511,2.1803140285,1.0071303043,0.0113767486,0.0349481635
2.8972,1.1942551228,-0.5366192174,-1.5739544224,-2.6011087989,2.1793333527,1.0069352282,0.0113767486,0.0349481635
2.8972,1.1933600463,-0.535968333,-1.5754770028,-2.601466944,2.1783526715,1.0067403293,0.0113767486,0.0349481635
2.8972,1.192465603,-0.5353184451,-1.5769995783,-2.6018235654,2.1773719888,1.0065456209,0.0113767486,0.0349481635
2.8972,1.1915718385,-0.5346696346,-1.5785221491,-2.6021785488,2.1763913082,1.0063511158,0.0113767486,0.0349481635
2.8972,1.1906787959,-0.5340219766,-1.5800447151,-2.6025317868,2.1754106324,1.0061568263,0.0113767486,0.0349481635
2.8972,1.1897865154,-0.5333755406,-1.5815672764,-2.6028831792,2.1744299637,1.005962764,0.0113767486,0.0349481635
2.8972,1.1888950345,-0.5327303903,-1.5830898331,-2.603232633,2.1734493037,1.0057689397,0.0113767486,0.0349481635
2.8972,1.1880043881,-0.5320865832,-1.5846123852,-2.6035800628,2.1724686536,1.0055753636,0.0113767486,0.0349481635
2.8972,1.1871146076,-0.5314441714,-1.5861349328,-2.6039253908,2.1714880139,1.0053820451,0.0113767486,0.0349481635
2.8972,1.1862257219,-0.5308032004,-1.5876574762,-2.6042685473,2.1705073849,1.0051889929,0.0113767486,0.0349481635
2.8972,1.1853377567,-0.5301637102,-1.5891800153,-2.60460947,2.1695267662,1.004996215,0.0113767486,0.0349481635
2.8972,1.1844507346,-0.5295257348,-1.5907025504,-2.6049481049,2.168546157,1.0048037182,0.0113767486,0.0349481635
2.8972,1.183564675,-0.5288893022,-1.5922250816,-2.6052844054,2.1675655563,1.004611509,0.0113767486,0.0349481635
2.8972,1.1826795947,-0.528254435,-1.5937476092,-2.6056183329,2.1665849625,1.0044195927,0.0113767486,0.0349481635
2.8972,1.1817955071,-0.5276211501,-1.5952701332,-2.6059498561,2.1656043739,1.004227974,0.0113767486,0.0349481635
2.8972,1.1809124231,-0.5269894595,-1.596792654,-2.6062789509,2.1646237885,1.0040366568,0.0113767486,0.0349481635
2.8972,1.1800303507,-0.52635937,-1.5983151717,-2.6066056004,2.1636432039,1.0038456441,0.0113767486,0.0349481635
2.8972,1.1791492951,-0.5257308837,-1.5998376865,-2.6069297939,2.1626626176,1.0036549382,0.0113767486,0.0349481635
2.8972,1.1782692592,-0.5251039987,-1.6013601987,-2.6072515273,2.1616820269,1.0034645409,0.0113767486,0.0349481635
2.8972,1.1773902437,-0.5244787086,-1.6028827084,-2.6075708019,2.1607014293,1.0032744531,0.0113767486,0.0349481635
2.8972,1.1765122469,-0.5238550038,-1.6044052158,-2.6078876248,2.1597208216,1.003084675,0.0113767486,0.0349481635
2.8972,1.1756352651,-0.5232328709,-1.6059277212,-2.6082020078,2.1587402012,1.0028952066,0.0113767486,0.0349481635
2.8972,1.1747592926,-0.5226122935,-1.6074502246,-2.6085139678,2.1577595649,1.0027060469,0.0113767486,0.0349481635
2.8972,1.1738843221,-0.5219932522,-1.6089727261,-2.6088235259,2.1567789099,1.0025171945,0.0113767486,0.0349481635
2.8972,1.1730103443,-0.5213757249,-1.610495226,-2.6091307076,2.1557982331,1.0023286476,0.0113767486,0.0349481635
2.8972,1.1721373486,-0.5207596869,-1.6120177244,-2.609435542,2.1548175316,1.0021404037,0.0113767486,0.0349481635
2.8972,1.1712653226,-0.5201451112,-1.6135402214,-2.6097380622,2.1538368024,1.00195246,0.0113767486,0.0349481635
2.8972,1.1703942526,-0.5195319685,-1.615062717,-2.6100383047,2.1528560426,1.0017648132,0.0113767486,0.0349481635
2.8972,1.1695241235,-0.5189202275,-1.6165852115,-2.6103363091,2.1518752492,1.0015774597,0.0113767486,0.0349481635
2.8972,1.1686549188,-0.5183098548,-1.6181077048,-2.6106321184,2.1508944193,1.0013903951,0.0113767486,0.0349481635
2.8972,1.167786621,-0.5177008152,-1.6196301973,-2.6109257784,2.1499135501,1.0012036152,0.0113767486,0.0349481635
2.8972,1.1669192112,-0.517093072,-1.6211526889,-2.6112173378,2.1489326388,1.0010171148,0.0113767486,0.0349481635
2.8972,1.1660526695,-0.5164865866,-1.6226751798,-2.6115068478,2.1479516827,1.0008308889,0.0113767486,0.0349481635
2.8972,1.1651869749,-0.5158813191,-1.6241976701,-2.6117943621,2.146970679,1.0006449317,0.0113767486,0.0349481635
2.8972,1.1643221054,-0.5152772283,-1.62572016,-2.6120799364,2.1459896251,1.0004592375,0.0113767486,0.0349481635
2.8972,1.1634580384,-0.5146742717,-1.6272426496,-2.612363629,2.1450085186,1.0002738001,0.0113767486,0.0349481635
2.8972,1.16259475,-0.5140724058,-1.628765139,-2.6126454996,2.1440273569,1.000088613,0.0113767486,0.0349481635
2.8972,1.161732216,-0.5134715862,-1.6302876282,-2.6129256098,2.1430461378,0.9999036694,0.0113767486,0.0349481635
2.8972,1.1608704112,-0.5128717675,-1.6318101175,-2.613204023,2.1420648588,0.9997189625,0.0113767486,0.0349481635
2.8972,1.16000931,-0.5122729036,-1.6333326069,-2.6134808037,2.1410835179,0.999534485,0.0113767486,0.0349481635
2.8972,1.1591488862,-0.5116749481,-1.6348550965,-2.6137560175,2.140102113,0.9993502297,0.0113767486,0.0349481635
2.8972,1.1582891131,-0.5110778541,-1.6363775865,-2.614029731,2.1391206421,0.999166189,0.0113767486,0.0349481635
2.8972,1.1574299638,-0.5104815745,-1.6379000769,-2.6143020113,2.1381391033,0.9989823552,0.0113767486,0.0349481635
2.8972,1.1565714113,-0.5098860622,-1.6394225679,-2.614572926,2.1371574951,0.9987987207,0.0113767486,0.0349481635
2.8972,1.1557134284,-0.5092912706,-1.6409450595,-2.6148425423,2.1361758156,0.9986152777,0.0113767486,0.0349481635
2.8972,1.1548559881,-0.5086971534,-1.6424675518,-2.6151109274,2.1351940636,0.9984320184,0.0113767486,0.0349481635
2.8972,1.1539990636,-0.5081036651,-1.6439900451,-2.6153781474,2.1342122376,0.998248935,0.0113767486,0.0349481635
2.8972,1.1531426287,-0.5075107615,-1.6455125392,-2.6156442671,2.1332303365,0.99806602,0.0113767486,0.0349481635
2.8972,1.1522866578,-0.5069183995,-1.6470350343,-2.6159093498,2.1322483592,0.9978832658,0.0113767486,0.0349481635
2.8972,1.1514311261,-0.5063265381,-1.6485575305,-2.6161734562,2.1312663049,0.9977006652,0.0113767486,0.0349481635
2.8972,1.15057601,-0.5057351379,-1.6500800278,-2.6164366446,2.1302841727,0.9975182113,0.0113767486,0.0349481635
2.8972,1.1497212873,-0.5051441624,-1.6516025262,-2.6166989695,2.1293019621,0.9973358975,0.0113767486,0.0349481635
2.8972,1.1488669372,-0.5045535774,-1.6531250257,-2.6169604817,2.1283196725,0.9971537176,0.0113767486,0.0349481635
2.8972,1.148012941,-0.5039633521,-1.6546475262,-2.6172212276,2.1273373035,0.9969716661,0.0113767486,0.0349481635
2.8972,1.1471592817,-0.503373459,-1.6561700278,-2.6174812484,2.1263548547,0.996789738,0.0113767486,0.0349481635
2.8972,1.1463059449,-0.5027838741,-1.6576925304,-2.6177405799,2.1253723258,0.996607929,0.0113767486,0.0349481635
2.8972,1.1454529184,-0.5021945773,-1.6592150338,-2.6179992517,2.1243897165,0.9964262355,0.0113767486,0.0349481635
2.8972,1.144600193,-0.5016055527,-1.660737538,-2.6182572874,2.1234070264,0.9962446548,0.0113767486,0.0349481635
2.8972,1.1437477619,-0.5010167884,-1.662260043,-2.6185147035,2.1224242552,0.9960631851,0.0113767486,0.0349481635
2.8972,1.1428956216,-0.500428277,-1.6637825485,-2.6187715099,2.1214414023,0.9958818254,0.0113767486,0.0349481635
2.8972,1.1420437712,-0.4998400149,-1.6653050545,-2.6190277094,2.1204584671,0.9957005758,0.0113767486,0.0349481635
2.8972,1.141192213,-0.4992520033,-1.6668275608,-2.6192832976,2.1194754487,0.9955194372,0.0113767486,0.0349481635
2.8972,1.1403409522,-0.4986642468,-1.6683500673,-2.6195382637,2.1184923462,0.9953384116,0.0113767486,0.0349481635
2.8972,1.1394899969,-0.4980767544,-1.6698725739,-2.6197925896,2.1175091583,0.9951575019,0.0113767486,0.0349481635
2.8972,1.1386393579,-0.4974895384,-1.6713950804,-2.6200462513,2.1165258834,0.9949767118,0.0113767486,0.0349481635
2.8972,1.1377890485,-0.4969026145,-1.6729175867,-2.6202992189,2.1155425198,0.9947960461,0.0113767486,0.0349481635
2.8972,1.1369390844,-0.496316001,-1.6744400926,-2.6205514568,2.1145590654,0.9946155102,0.0113767486,0.0349481635
2.8972,1.1360894835,-0.495729719,-1.675962598,-2.6208029249,2.1135755178,0.9944351103,0.0113767486,0.0349481635
2.8972,1.1352402653,-0.4951437914,-1.6774851028,-2.621053579,2.1125918743,0.9942548534,0.0113767486,0.0349481635
2.8972,1.1343914512,-0.494558243,-1.6790076069,-2.6213033714,2.1116081319,0.9940747468,0.0113767486,0.0349481635
2.8972,1.1335430635,-0.4939730993,-1.6805301102,-2.6215522517,2.1106242872,0.9938947986,0.0113767486,0.0349481635
2.8972,1.1326951258,-0.4933883871,-1.6820526127,-2.6218001672,2.1096403367,0.9937150169,0.0113767486,0.0349481635
2.8972,1.1318476621,-0.4928041333,-1.6835751143,-2.622047064,2.1086562764,0.9935354104,0.0113767486,0.0349481635
2.8972,1.1310006971,-0.4922203651,-1.685097615,-2.622292887,2.1076721021,0.9933559881,0.0113767486,0.0349481635
2.8972,1.1301542559,-0.4916371093,-1.6866201149,-2.6225375809,2.1066878096,0.9931767588,0.0113767486,0.0349481635
2.8972,1.1293083632,-0.4910543926,-1.688142614,-2.6227810904,2.1057033943,0.9929977316,0.0113767486,0.0349481635
2.8972,1.1284630438,-0.4904722409,-1.6896651122,-2.6230233608,2.1047188514,0.9928189156,0.0113767486,0.0349481635
2.8972,1.1276183223,-0.4898906792,-1.6911876098,-2.6232643382,2.1037341763,0.9926403197,0.0113767486,0.0349481635
2.8972,1.1267742224,-0.4893097315,-1.6927101066,-2.6235039702,2.102749364,0.9924619528,0.0113767486,0.0349481635
2.8972,1.1259307676,-0.4887294209,-1.6942326029,-2.6237422059,2.1017644096,0.9922838236,0.0113767486,0.0349481635
2.8972,1.1250879802,-0.4881497689,-1.6957550987,-2.6239789962,2.1007793081,0.9921059404,0.0113767486,0.0349481635
2.8972,1.1242458819,-0.487570796,-1.697277594,-2.6242142943,2.0997940547,0.9919283116,0.0113767486,0.0349481635
2.8972,1.1234044934,-0.4869925211,-1.698800089,-2.6244480555,2.0988086444,0.9917509448,0.0113767486,0.0349481635
2.8972,1.1225638342,-0.4864149616,-1.7003225838,-2.6246802378,2.0978230724,0.9915738477,0.0113767486,0.0349481635
2.8972,1.1217239227,-0.4858381333,-1.7018450785,-2.6249108016,2.096837334,0.9913970274,0.0113767486,0.0349481635
2.8972,1.1208847761,-0.4852620508,-1.7033675731,-2.6251397103,2.0958514246,0.9912204906,0.0113767486,0.0349481635
2.8972,1.1200464106,-0.4846867267,-1.7048900679,-2.62536693,2.0948653397,0.9910442435,0.0113767486,0.0349481635
2.8972,1.1192088406,-0.4841121721,-1.706412563,-2.62559243,2.0938790749,0.9908682922,0.0113767486,0.0349481635
2.8972,1.1183720795,-0.4835383967,-1.7079350584,-2.6258161825,2.0928926262,0.9906926418,0.0113767486,0.0349481635
2.8972,1.1175361392,-0.4829654083,-1.7094575543,-2.626038163,2.0919059895,0.9905172974,0.0113767486,0.0349481635
2.8972,1.1167010301,-0.482393213,-1.7109800508,-2.62625835,2.0909191614,0.9903422634,0.0113767486,0.0349481635
2.8972,1.1158667612,-0.4818218156,-1.712502548,-2.6264767257,2.0899321381,0.9901675435,0.0113767486,0.0349481635
2.8972,1.1150333401,-0.4812512188,-1.714025046,-2.6266932752,2.0889449167,0.9899931411,0.0113767486,0.0349481635
2.8972,1.1142007726,-0.480681424,-1.7155475449,-2.6269079874,2.087957494,0.989819059,0.0113767486,0.0349481635
2.8972,1.1133690633,-0.4801124307,-1.7170700448,-2.6271208542,2.0869698675,0.9896452994,0.0113767486,0.0349481635
2.8972,1.1125382148,-0.4795442366,-1.7185925458,-2.6273318716,2.0859820347,0.989471864,0.0113767486,0.0349481635
2.8972,1.1117082284,-0.478976838,-1.7201150481,-2.6275410388,2.0849939935,0.9892987538,0.0113767486,0.0349481635
2.8972,1.1108791034,-0.478410229,-1.7216375518,-2.627748359,2.0840057423,0.9891259692,0.0113767486,0.0349481635
2.8972,1.1100508376,-0.4778444025,-1.723160057,-2.627953839,2.0830172795,0.9889535099,0.0113767486,0.0349481635
2.8972,1.1092234268,-0.4772793491,-1.7246825639,-2.6281574896,2.0820286042,0.9887813751,0.0113767486,0.0349481635
2.8972,1.1083968652,-0.476715058,-1.7262050727,-2.6283593257,2.0810397158,0.9886095632,0.0113767486,0.0349481635
2.8972,1.1075711447,-0.4761515165,-1.7277275835,-2.6285593662,2.080050614,0.9884380718,0.0113767486,0.0349481635
2.8972,1.1067462557,-0.4755887102,-1.7292500965,-2.6287576343,2.0790612991,0.9882668979,0.0113767486,0.0349481635
2.8972,1.1059221862,-0.4750266229,-1.730772612,-2.6289541573,2.0780717719,0.9880960376,0.0113767486,0.0349481635
2.8972,1.1050989223,-0.4744652368,-1.7322951302,-2.629148967,2.0770820338,0.9879254863,0.0113767486,0.0349481635
2.8972,1.1042764479,-0.4739045323,-1.7338176512,-2.6293420998,2.0760920867,0.9877552384,0.0113767486,0.0349481635
2.8972,1.1034547447,-0.4733444885,-1.7353401755,-2.6295335963,2.0751019333,0.9875852876,0.0113767486,0.0349481635
2.8972,1.1026337926,-0.472785083,-1.7368627027,-2.629723502,2.0741115771,0.9874156266,0.0113767486,0.0349481635
2.8972,1.1018135754,-0.4722262964,-1.7383852207,-2.6299118651,2.0731210303,0.9872462485,0.0113767486,0.0349481635
2.8972,1.1009941417,-0.4716681534,-1.7399075916,-2.6300987251,2.0721303881,0.9870771592,0.0113767486,0.0349481635
2.8972,1.1001755827,-0.4711107084,-1.7414295934,-2.6302841161,2.0711398011,0.9869083728,0.0113767486,0.0349481635
2.8972,1.0993579857,-0.4705540131,-1.7429510075,-2.6304680765,2.0701494186,0.986739902,0.0113767486,0.0349481635
2.8972,1.0985414368,-0.4699981194,-1.7444716144,-2.6306506483,2.0691593913,0.9865717591,0.0113767486,0.0349481635
2.8972,1.0977260202,-0.4694430781,-1.7459911946,-2.6308318768,2.0681698706,0.9864039553,0.0113767486,0.0349481635
2.8972,1.0969118184,-0.4688889399,-1.7475095293,-2.6310118101,2.0671810083,0.9862365013,0.0113767486,0.0349481635
2.8972,1.0960989124,-0.468335755,-1.7490264002,-2.6311904988,2.0661929563,0.986069407,0.0113767486,0.0349481635
2.8972,1.0952873812,-0.4677835732,-1.7505415906,-2.631367995,2.0652058664,0.9859026816,0.0113767486,0.0349481635
2.8972,1.0944773022,-0.4672324442,-1.7520548861,-2.6315443519,2.0642198891,0.9857363339,0.0113767486,0.0349481635
2.8972,1.0936687511,-0.4666824173,-1.7535660752,-2.6317196231,2.0632351735,0.9855703721,0.0113767486,0.0349481635
2.8972,1.0928618018,-0.4661335415,-1.7550749512,-2.6318938606,2.0622518655,0.9854048041,0.0113767486,0.0349481635
2.8972,1.0920565265,-0.4655858653,-1.756581313,-2.6320671144,2.0612701074,0.9852396376,0.0113767486,0.0349481635
2.8972,1.0912529957,-0.4650394367,-1.7580849669,-2.63223943,2.0602900359,0.9850748805,0.0113767486,0.0349481635
2.8972,1.0904512781,-0.4644943026,-1.7595857294,-2.6324108469,2.0593117801,0.9849105407,0.0113767486,0.0349481635
2.8972,1.0896514392,-0.4639505075,-1.7610834319,-2.6325813962,2.0583354578,0.984746627,0.0113767486,0.0349481635
2.8972,1.0888535429,-0.4634080942,-1.7625779221,-2.6327510971,2.0573611737,0.9845831487,0.0113767486,0.0349481635
2.8972,1.0880576529,-0.4628671037,-1.7640690626,-2.6329199543,2.0563890197,0.9844201174,0.0113767486,0.0349481635
2.8972,1.0872638312,-0.4623275744,-1.7655567352,-2.6330879583,2.0554190719,0.984257546,0.0113767486,0.0349481635
2.8972,1.0864721399,-0.4617895427,-1.7670408363,-2.6332550854,2.0544513937,0.9840954493,0.0113767486,0.0349481635
2.8972,1.0856826446,-0.4612530458,-1.7685212684,-2.6334212995,2.0534860419,0.9839338444,0.0113767486,0.0349481635
2.8972,1.0848954168,-0.4607181233,-1.7699979317,-2.6335865551,2.0525230727,0.9837727506,0.0113767486,0.0349481635
2.8972,1.0841105355,-0.4601848195,-1.7714707175,-2.6337507999,2.0515625471,0.9836121897,0.0113767486,0.0349481635
2.8972,1.0833280881,-0.4596531834,-1.7729395032,-2.6339139788,2.0506045345,0.9834521851,0.0113767486,0.0349481635
2.8972,1.0825481698,-0.45912327,-1.7744041505,-2.6340760358,2.049649115,0.983292762,0.0113767486,0.0349481635
2.8972,1.0817708831,-0.4585951391,-1.7758645045,-2.6342369158,2.04869638,0.9831339465,0.0113767486,0.0349481635
2.8972,1.0809963367,-0.4580688558,-1.7773203948,-2.6343965664,2.0477464319,0.9829757656,0.0113767486,0.0349481635
2.8972,1.0802246443,-0.4575444892,-1.7787716369,-2.6345549379,2.0467993835,0.9828182466,0.0113767486,0.0349481635
2.8972,1.0794559241,-0.4570221122,-1.7802180339,-2.6347119841,2.0458553565,0.9826614174,0.0113767486,0.0349481635
2.8972,1.0786902971,-0.4565018008,-1.7816593787,-2.6348676618,2.0449144806,0.9825053057,0.0113767486,0.0349481635
2.8972,1.0779278873,-0.4559836335,-1.7830954553,-2.6350219307,2.0439768919,0.9823499393,0.0113767486,0.0349481635
2.8972,1.0771688206,-0.4554676911,-1.7845260406,-2.6351747533,2.0430427322,0.9821953459,0.0113767486,0.0349481635
2.8972,1.0764132243,-0.4549540559,-1.7859509055,-2.6353260942,2.0421121479,0.9820415534,0.0113767486,0.0349481635
2.8972,1.0756612272,-0.4544428119,-1.7873698162,-2.6354759202,2.041185289,0.9818885892,0.0113767486,0.0349481635
2.8972,1.0749129587,-0.4539340439,-1.7887825356,-2.6356241997,2.0402623084,0.9817364809,0.0113767486,0.0349481635
2.8972,1.0741685475,-0.453427837,-1.7901888256,-2.6357709025,2.0393433599,0.9815852556,0.0113767486,0.0349481635
2.8972,1.0734281217,-0.452924276,-1.791588449,-2.6359159998,2.038428597,0.9814349399,0.0113767486,0.0349481635
2.8972,1.0726918081,-0.4524234451,-1.7929811695,-2.6360594638,2.0375181731,0.9812855604,0.0113767486,0.0349481635
2.8972,1.0719597326,-0.4519254285,-1.7943667521,-2.6362012673,2.0366122409,0.9811371432,0.0113767486,0.0349481635
2.8972,1.0712320205,-0.4514303097,-1.7957449624,-2.6363413837,2.0357109525,0.980989714,0.0113767486,0.0349481635
2.8972,1.0705087963,-0.4509381721,-1.7971155675,-2.6364797866,2.0348144596,0.9808432988,0.0113767486,0.0349481635
2.8972,1.0697901838,-0.4504490989,-1.7984783355,-2.6366164497,2.0339229131,0.9806979229,0.0113767486,0.0349481635
2.8972,1.0690763065,-0.4499631727,-1.7998330355,-2.6367513468,2.0330364629,0.9805536119,0.0113767486,0.0349481635
2.8972,1.0683672874,-0.4494804762,-1.8011794379,-2.6368844511,2.0321552586,0.9804103913,0.0113767486,0.0349481635
2.8972,1.0676632493,-0.4490010917,-1.8025173139,-2.6370157356,2.0312794488,0.9802682864,0.0113767486,0.0349481635
2.8972,1.0669643145,-0.4485251013,-1.8038464357,-2.6371451728,2.0304091813,0.9801273227,0.0113767486,0.0349481635
2.8972,1.0662706056,-0.448052587,-1.8051665767,-2.6372727345,2.0295446032,0.9799875258,0.0113767486,0.0349481635
2.8972,1.065582245,-0.4475836305,-1.806477511,-2.6373983916,2.0286858608,0.9798489213,0.0113767486,0.0349481635
2.8972,1.0648993551,-0.4471183137,-1.8077790134,-2.6375221142,2.0278330996,0.9797115349,0.0113767486,0.0349481635
2.8972,1.0642220584,-0.446656718,-1.8090708601,-2.6376438714,2.0269864641,0.9795753927,0.0113767486,0.0349481635
2.8972,1.063550471,-0.4461989203,-1.8103528402,-2.6377636325,2.0261460902,0.9794405193,0.0113767486,0.0349481635
2.8972,1.0628846428,-0.4457449521,-1.8116248688,-2.6378813792,2.0253120308,0.9793069262,0.0113767486,0.0349481635
2.8972,1.0622245791,-0.4452948143,-1.8128869461,-2.6379971015,2.0244842835,0.9791746159,0.0113767486,0.0349481635
2.8972,1.0615702872,-0.444848509,-1.814139069,-2.638110788,2.0236628473,0.9790435915,0.0113767486,0.0349481635
2.8972,1.0609217743,-0.4444060375,-1.8153812364,-2.6382224264,2.0228477199,0.9789138562,0.0113767486,0.0349481635
2.8972,1.0602790474,-0.4439674011,-1.8166134479,-2.6383320038,2.0220388981,0.9787854133,0.0113767486,0.0349481635
2.8972,1.059642113,-0.4435326,-1.8178357052,-2.6384395066,2.0212363771,0.9786582661,0.0113767486,0.0349481635
2.8972,1.0590109775,-0.4431016339,-1.8190480109,-2.6385449207,2.0204401513,0.978532418,0.0113767486,0.0349481635
2.8972,1.0583856469,-0.4426745023,-1.8202503682,-2.6386482321,2.0196502145,0.9784078725,0.0113767486,0.0349481635
2.8972,1.0577661278,-0.4422512044,-1.8214427795,-2.6387494268,2.018866561,0.9782846332,0.0113767486,0.0349481635
2.8972,1.0571524273,-0.4418317394,-1.8226252448,-2.6388484919,2.0180891865,0.9781627036,0.0113767486,0.0349481635
2.8972,1.0565445537,-0.4414161072,-1.823797761,-2.6389454159,2.0173180891,0.9780420875,0.0113767486,0.0349481635
2.8972,1.055942516,-0.4410043081,-1.8249603197,-2.6390401902,2.016553271,0.9779227883,0.0113767486,0.0349481635
2.8972,1.0553463249,-0.4405963437,-1.8261129056,-2.6391328101,2.0157947394,0.9778048095,0.0113767486,0.0349481635
2.8972,1.0547559925,-0.4401922171,-1.8272554939,-2.6392232767,2.0150425091,0.977688154,0.0113767486,0.0349481635
2.8972,1.0541715341,-0.4397919343,-1.828388045,-2.6393115989,2.0142966064,0.9775728243,0.0113767486,0.0349481635
2.8972,1.0535929671,-0.4393955045,-1.8295105037,-2.6393977967,2.0135570703,0.9774588217,0.0113767486,0.0349481635
2.8972,1.0530203091,-0.4390029389,-1.8306227998,-2.6394819028,2.0128239528,0.9773461461,0.0113767486,0.0349481635
2.8972,1.0524535799,-0.4386142526,-1.8317248442,-2.6395639633,2.0120973215,0.9772347957,0.0113767486,0.0349481635
2.8972,1.0518927998,-0.4382294637,-1.8328165334,-2.6396440369,2.0113772565,0.9771247671,0.0113767486,0.0349481635
2.8972,1.0513379865,-0.4378485906,-1.8338977579,-2.6397221925,2.0106638446,0.9770160548,0.0113767486,0.0349481635
2.8972,1.0507891521,-0.4374716501,-1.8349684106,-2.6397985073,2.009957173,0.9769086513,0.0113767486,0.0349481635
2.8972,1.0502463021,-0.4370986557,-1.8360283935,-2.6398730627,2.0092573239,0.9768025471,0.0113767486,0.0349481635
2.8972,1.0497094347,-0.4367296169,-1.8370776225,-2.6399459413,2.0085643709,0.976697731,0.0113767486,0.0349481635
2.8972,1.0491785409,-0.4363645386,-1.8381160294,-2.6400172245,2.0078783769,0.9765941906,0.0113767486,0.0349481635
2.8972,1.0486536053,-0.4360034214,-1.8391435624,-2.6400869905,2.007199393,0.976491913,0.0113767486,0.0349481635
2.8972,1.0481346074,-0.4356462622,-1.8401601857,-2.6401553131,2.0065274591,0.9763908844,0.0113767486,0.0349481635
2.8972,1.0476215224,-0.4352930543,-1.8411658773,-2.6402222609,2.0058626047,0.9762910913,0.0113767486,0.0349481635
2.8972,1.0471143223,-0.4349437883,-1.8421606279,-2.6402878972,2.0052048498,0.97619252,0.0113767486,0.0349481635
2.8972,1.0466129767,-0.4345984524,-1.8431444383,-2.6403522801,2.0045542064,0.9760951572,0.0113767486,0.0349481635
2.8972,1.0461174536,-0.4342570331,-1.8441173185,-2.6404154627,2.0039106795,0.97599899,0.0113767486,0.0349481635
2.8972,1.0456277199,-0.4339195157,-1.8450792854,-2.6404774935,2.0032742683,0.9759040057,0.0113767486,0.0349481635
2.8972,1.0451437418,-0.4335858839,-1.8460303623,-2.6405384165,2.0026449669,0.9758101924,0.0113767486,0.0349481635
2.8972,1.0446654852,-0.4332561212,-1.8469705771,-2.6405982719,2.0020227654,0.9757175383,0.0113767486,0.0349481635
2.8972,1.0441929162,-0.4329302102,-1.8478999611,-2.6406570966,2.001407651,0.9756260324,0.0113767486,0.0349481635
2.8972,1.0437260021,-0.4326081341,-1.8488185467,-2.6407149239,2.0007996092,0.9755356641,0.0113767486,0.0349481635
2.8972,1.0432647122,-0.4322898769,-1.8497263654,-2.640771784,2.0001986257,0.9754464238,0.0113767486,0.0349481635
2.8972,1.0428090175,-0.4319754235,-1.8506234479,-2.6408277046,1.999604686,0.9753583025,0.0113767486,0.0349481635
2.8972,1.0423588909,-0.4316647596,-1.851509824,-2.6408827107,1.9990177757,0.9752712918,0.0113767486,0.0349481635
2.8972,1.0419143068,-0.4313578714,-1.8523855223,-2.6409368254,1.9984378807,0.975185384,0.0113767486,0.0349481635
2.8972,1.041475241,-0.4310547463,-1.8532505706,-2.6409900696,1.9978649873,0.9751005717,0.0113767486,0.0349481635
2.8972,1.0410416708,-0.430755372,-1.8541049953,-2.6410424626,1.9972990818,0.9750168482,0.0113767486,0.0349481635
2.8972,1.040613575,-0.430459737,-1.8549488222,-2.6410940222,1.9967401511,0.9749342073,0.0113767486,0.0349481635
2.8972,1.0401909333,-0.4301678302,-1.8557820757,-2.6411447646,1.9961881824,0.974852643,0.0113767486,0.0349481635
2.8972,1.0397737266,-0.4298796414,-1.8566047795,-2.6411947048,1.9956431633,0.9747721498,0.0113767486,0.0349481635
2.8972,1.0393619369,-0.4295951607,-1.8574169561,-2.6412438567,1.9951050817,0.9746927225,0.0113767486,0.0349481635
2.8972,1.0389555473,-0.4293143787,-1.8582186273,-2.6412922332,1.994573926,0.9746143563,0.0113767486,0.0349481635
2.8972,1.0385545414,-0.4290372865,-1.8590098139,-2.6413398462,1.9940496849,0.9745370465,0.0113767486,0.0349481635
2.8972,1.0381589041,-0.4287638755,-1.8597905361,-2.6413867067,1.9935323474,0.974460789,0.0113767486,0.0349481635
2.8972,1.0377686208,-0.4284941378,-1.860560813,-2.6414328249,1.993021903,0.9743855795,0.0113767486,0.0349481635
2.8972,1.0373836776,-0.4282280655,-1.8613206633,-2.6414782106,1.9925183413,0.9743114144,0.0113767486,0.0349481635
2.8972,1.0370040613,-0.4279656513,-1.8620701048,-2.6415228725,1.9920216525,0.9742382899,0.0113767486,0.0349481635
2.8972,1.0366297595,-0.427706888,-1.8628091548,-2.641566819,1.9915318267,0.9741662027,0.0113767486,0.0349481635
2.8972,1.0362607599,-0.4274517689,-1.8635378301,-2.6416100579,1.9910488546,0.9740951495,0.0113767486,0.0349481635
2.8972,1.0358970512,-0.4272002873,-1.8642561467,-2.6416525964,1.9905727271,0.9740251271,0.0113767486,0.0349481635
2.8972,1.0355386227,-0.4269524373,-1.8649641196,-2.6416944415,1.9901034356,0.9739561328,0.0113767486,0.0349481635
2.8972,1.0351854651,-0.4267082136,-1.8656617614,-2.6417355993,1.9896409731,0.9738881639,0.0113767486,0.0349481635
2.8972,1.0348375702,-0.4264676118,-1.8663490827,-2.6417760757,1.9891853339,0.9738212182,0.0113767486,0.0349481635
2.8972,1.034494931,-0.4262306282,-1.8670260924,-2.6418158762,1.9887365133,0.9737552936,0.0113767486,0.0349481635
2.8972,1.0341575415,-0.4259972596,-1.8676927975,-2.6418550056,1.9882945077,0.9736903884,0.0113767486,0.0349481635
2.8972,1.0338253963,-0.4257675032,-1.8683492043,-2.6418934689,1.9878593141,0.9736265008,0.0113767486,0.0349481635
2.8972,1.0334984905,-0.4255413569,-1.8689953178,-2.6419312705,1.9874309302,0.9735636293,0.0113767486,0.0349481635
2.8972,1.0331768199,-0.4253188184,-1.8696311424,-2.6419684145,1.987009354,0.9735017726,0.0113767486,0.0349481635
2.8972,1.0328603807,-0.4250998861,-1.8702566817,-2.6420049049,1.9865945841,0.9734409295,0.0113767486,0.0349481635
2.8972,1.0325491695,-0.4248845583,-1.8708719388,-2.6420407455,1.9861866192,0.9733810987,0.0113767486,0.0349481635
2.8972,1.032243183,-0.4246728339,-1.8714769163,-2.6420759399,1.9857854586,0.9733222792,0.0113767486,0.0349481635
2.8972,1.0319424186,-0.4244647115,-1.8720716163,-2.6421104913,1.9853911016,0.9732644699,0.0113767486,0.0349481635
2.8972,1.0316468737,-0.4242601902,-1.8726560406,-2.642144403,1.9850035478,0.97320767,0.0113767486,0.0349481635
2.8972,1.031356546,-0.4240592691,-1.8732301907,-2.6421776781,1.9846227969,0.9731518786,0.0113767486,0.0349481635
2.8972,1.0310714334,-0.4238619474,-1.8737940677,-2.6422103193,1.9842488489,0.9730970949,0.0113767486,0.0349481635
2.8972,1.0307915342,-0.4236682246,-1.8743476724,-2.6422423294,1.983881704,0.9730433182,0.0113767486,0.0349481635
2.8972,1.0305168467,-0.4234781002,-1.8748910052,-2.642273711,1.9835213625,0.9729905478,0.0113767486,0.0349481635
2.8972,1.0302473696,-0.4232915737,-1.8754240664,-2.6423044666,1.9831678248,0.972938783,0.0113767486,0.0349481635
2.8972,1.0299831016,-0.423108645,-1.8759468559,-2.6423345984,1.9828210916,0.9728880234,0.0113767486,0.0349481635
2.8972,1.0297240418,-0.422929314,-1.8764593731,-2.6423641087,1.9824811639,0.9728382685,0.0113767486,0.0349481635
2.8972,1.0294701896,-0.4227535806,-1.8769616172,-2.6423929996,1.9821480427,0.9727895177,0.0113767486,0.0349481635
2.8972,1.0292215445,-0.4225814452,-1.877453587,-2.6424212731,1.9818217293,0.9727417707,0.0113767486,0.0349481635
2.8972,1.0289781062,-0.4224129079,-1.8779352809,-2.6424489309,1.9815022253,0.9726950272,0.0113767486,0.0349481635
2.8972,1.0287398748,-0.4222479694,-1.8784066968,-2.6424759749,1.9811895325,0.9726492869,0.0113767486,0.0349481635
2.8972,1.0285068505,-0.4220866302,-1.8788678323,-2.6425024066,1.980883653,0.9726045497,0.0113767486,0.0349481635
2.8972,1.0282790342,-0.4219288913,-1.8793186843,-2.6425282277,1.9805845894,0.9725608154,0.0113767486,0.0349481635
2.8972,1.0280564266,-0.4217747537,-1.8797592491,-2.6425534395,1.9802923442,0.9725180839,0.0113767486,0.0349481635
2.8972,1.027839029,-0.4216242187,-1.8801895228,-2.6425780434,1.9800069209,0.9724763553,0.0113767486,0.0349481635
2.8972,1.0276268432,-0.4214772877,-1.8806095003,-2.6426020406,1.9797283228,0.9724356296,0.0113767486,0.0349481635
2.8972,1.0274198711,-0.4213339628,-1.8810191761,-2.6426254322,1.9794565542,0.9723959071,0.0113767486,0.0349481635
2.8972,1.0272181152,-0.4211942457,-1.8814185439,-2.6426482193,1.9791916196,0.9723571881,0.0113767486,0.0349481635
2.8972,1.0270215786,-0.4210581391,-1.8818075962,-2.6426704027,1.9789335241,0.9723194729,0.0113767486,0.0349481635
2.8972,1.0268302648,-0.4209256457,-1.882186325,-2.6426919832,1.9786822737,0.972282762,0.0113767486,0.0349481635
2.8972,1.0266441778,-0.4207967685,-1.8825547205,-2.6427129617,1.9784378749,0.972247056,0.0113767486,0.0349481635
2.8972,1.0264633224,-0.4206715113,-1.8829127723,-2.6427333385,1.978200335,0.9722123556,0.0113767486,0.0349481635
2.8972,1.0262877042,-0.4205498782,-1.8832604681,-2.6427531142,1.9779696625,0.9721786619,0.0113767486,0.0349481635
2.8972,1.0261173297,-0.4204318739,-1.8835977939,-2.642772289,1.9777458669,0.9721459757,0.0113767486,0.0349481635
2.8972,1.0259522063,-0.4203175038,-1.883924734,-2.6427908632,1.977528959,0.9721142985,0.0113767486,0.0349481635
2.8972,1.0257923425,-0.4202067742,-1.8842412703,-2.6428088366,1.9773189509,0.9720836318,0.0113767486,0.0349481635
2.8972,1.0256377484,-0.4200996923,-1.8845473819,-2.6428262092,1.9771158569,0.9720539772,0.0113767486,0.0349481635
2.8972,1.0254884353,-0.4199962661,-1.8848430454,-2.6428429805,1.9769196926,0.9720253368,0.0113767486,0.0349481635
2.8972,1.0253444157,-0.4198965046,-1.8851282349,-2.64285915,1.9767304755,0.9719977129,0.0113767486,0.0349481635
2.8972,1.0252057012,-0.419800416,-1.8854029267,-2.6428747172,1.9765482216,0.9719711077,0.0113767486,0.0349481635
2.8972,1.025072287,-0.4197079971,-1.8856671295,-2.6428896834,1.9763729253,0.9719455199,0.0113767486,0.0349481635
2.8972,1.0249441044,-0.4196192008,-1.8859209783,-2.6429040571,1.9762044972,0.9719209364,0.0113767486,0.0349481635
2.8972,1.0248210466,-0.419533953,-1.8861646843,-2.6429178508,1.9760427974,0.9718973367,0.0113767486,0.0349481635
2.8972,1.0247030118,-0.4194521835,-1.8863984482,-2.6429310763,1.9758876928,0.971874701,0.0113767486,0.0349481635
2.8972,1.0245898964,-0.4193738205,-1.8866224749,-2.6429437459,1.9757390476,0.9718530094,0.0113767486,0.0349481635
2.8972,1.0244815965,-0.4192987923,-1.8868369692,-2.6429558717,1.975596726,0.971832242,0.0113767486,0.0349481635
2.8972,1.0243780087,-0.4192270274,-1.8870421358,-2.6429674658,1.9754605925,0.9718123788,0.0113767486,0.0349481635
2.8972,1.0242790291,-0.4191584539,-1.8872381795,-2.6429785401,1.9753305111,0.9717933999,0.0113767486,0.0349481635
2.8972,1.0241845543,-0.4190930002,-1.8874253052,-2.6429891068,1.9752063461,0.9717752853,0.0113767486,0.0349481635
2.8972,1.0240944805,-0.4190305947,-1.8876037177,-2.6429991778,1.9750879617,0.9717580151,0.0113767486,0.0349481635
2.8972,1.0240087041,-0.4189711656,-1.8877736217,-2.6430087651,1.9749752221,0.9717415693,0.0113767486,0.0349481635
2.8972,1.0239271214,-0.4189146411,-1.8879352224,-2.6430178806,1.9748679914,0.9717259281,0.0113767486,0.0349481635
2.8972,1.0238496287,-0.4188609497,-1.8880887245,-2.6430265364,1.9747661337,0.9717110714,0.0113767486,0.0349481635
2.8972,1.0237761224,-0.4188100195,-1.8882343331,-2.6430347442,1.9746695131,0.9716969795,0.0113767486,0.0349481635
2.8972,1.0237064988,-0.4187617787,-1.8883722533,-2.6430425161,1.9745779936,0.9716836322,0.0113767486,0.0349481635
2.8972,1.0236406541,-0.4187161557,-1.8885026902,-2.6430498639,1.9744914391,0.9716710098,0.0113767486,0.0349481635
2.8972,1.0235784845,-0.4186730785,-1.8886258492,-2.6430567994,1.9744097135,0.9716590922,0.0113767486,0.0349481635
2.8972,1.0235198863,-0.4186324752,-1.8887419355,-2.6430633346,1.9743326805,0.9716478595,0.0113767486,0.0349481635
2.8972,1.0234647555,-0.4185942741,-1.8888511547,-2.6430694812,1.9742602041,0.9716372918,0.0113767486,0.0349481635
2.8972,1.0234129882,-0.4185584031,-1.8889537123,-2.6430752512,1.9741921476,0.9716273691,0.0113767486,0.0349481635
2.8972,1.0233644805,-0.4185247903,-1.8890498141,-2.6430806563,1.9741283748,0.9716180714,0.0113767486,0.0349481635
2.8972,1.0233191283,-0.4184933637,-1.889139666,-2.6430857083,1.974068749,0.9716093787,0.0113767486,0.0349481635
2.8972,1.0232768274,-0.4184640511,-1.889223474,-2.6430904191,1.9740131335,0.9716012712,0.0113767486,0.0349481635
2.8972,1.0232374737,-0.4184367803,-1.8893014444,-2.6430948005,1.9739613916,0.9715937286,0.0113767486,0.0349481635
2.8972,1.0232009628,-0.4184114792,-1.8893737836,-2.6430988643,1.9739133862,0.9715867311,0.0113767486,0.0349481635
2.8972,1.0231671902,-0.4183880755,-1.8894406984,-2.6431026223,1.9738689803,0.9715802586,0.0113767486,0.0349481635
2.8972,1.0231360516,-0.4183664967,-1.8895023957,-2.6431060862,1.9738280366,0.9715742911,0.0113767486,0.0349481635
2.8972,1.0231074421,-0.4183466703,-1.8895590827,-2.643109268,1.9737904175,0.9715688083,0.0113767486,0.0349481635
2.8972,1.023081257,-0.4183285238,-1.889610967,-2.6431121793,1.9737559855,0.9715637903,0.0113767486,0.0349481635
2.8972,1.0230573912,-0.4183119844,-1.8896582562,-2.6431148321,1.9737246027,0.9715592169,0.0113767486,0.0349481635
2.8972,1.0230357398,-0.4182969794,-1.8897011588,-2.6431172381,1.9736961309,0.9715550679,0.0113767486,0.0349481635
2.8972,1.0230161972,-0.4182834357,-1.8897398831,-2.6431194092,1.9736704317,0.9715513231,0.0113767486,0.0349481635
2.8972,1.0229986579,-0.4182712803,-1.8897746384,-2.6431213573,1.9736473665,0.9715479622,0.0113767486,0.0349481635
2.8972,1.0229830162,-0.4182604398,-1.889805634,-2.6431230941,1.9736267962,0.9715449651,0.0113767486,0.0349481635
2.8972,1.022969166,-0.4182508408,-1.88983308,-2.6431246317,1.9736085815,0.9715423113,0.0113767486,0.0349481635
2.8972,1.022957001,-0.4182424096,-1.8898571871,-2.6431259818,1.9735925826,0.9715399804,0.0113767486,0.0349481635
2.8972,1.0229464144,-0.4182350723,-1.8898781665,-2.6431271564,1.9735786593,0.971537952,0.0113767486,0.0349481635
2.8972,1.0229372993,-0.4182287547,-1.8898962302,-2.6431281675,1.973566671,0.9715362056,0.0113767486,0.0349481635
2.8972,1.0229295481,-0.4182233824,-1.8899115911,-2.6431290271,1.9735564764,0.9715347205,0.0113767486,0.0349481635
2.8972,1.0229230531,-0.4182188807,-1.889924463,-2.6431297472,1.9735479337,0.9715334762,0.0113767486,0.0349481635
2.8972,1.0229177056,-0.4182151743,-1.8899350607,-2.6431303399,1.9735409002,0.9715324517,0.0113767486,0.0349481635
2.8972,1.0229133968,-0.4182121878,-1.8899436003,-2.6431308173,1.9735352326,0.9715316262,0.0113767486,0.0349481635
2.8972,1.0229100167,-0.418209845,-1.8899502993,-2.6431311918,1.9735307866,0.9715309787,0.0113767486,0.0349481635
2.8972,1.0229074549,-0.4182080692,-1.8899553766,-2.6431314755,1.9735274167,0.9715304879,0.0113767486,0.0349481635
2.8972,1.0229055997,-0.4182067834,-1.8899590535,-2.6431316809,1.9735249764,0.9715301325,0.0113767486,0.0349481635
2.8972,1.0229043386,-0.4182059092,-1.889961553,-2.6431318204,1.9735233175,0.971529891,0.0113767486,0.0349481635
2.8972,1.0229035576,-0.4182053679,-1.8899631009,-2.6431319069,1.9735222901,0.9715297414,0.0113767486,0.0349481635
2.8972,1.0229031415,-0.4182050794,-1.8899639258,-2.6431319529,1.9735217426,0.9715296617,0.0113767486,0.0349481635
2.8972,1.0229029736,-0.4182049631,-1.8899642585,-2.6431319714,1.9735215219,0.9715296295,0.0113767486,0.0349481635
2.8972,1.0229029389,-0.4182049389,-1.8899643274,-2.6431319753,1.9735214761,0.9715296228,0.0113767486,0.0349481635
2.8972,1.0229029381,-0.4182049384,-1.889964329,-2.6431319754,1.973521475,0.9715296227,0.0113767486,0.0349481635
2.8972,1.0229029361,-0.418204937,-1.8899643329,-2.6431319756,1.9735214724,0.9715296223,0.0113767486,0.0349481635
2.8972,1.0229029361,-0.418204937,-1.8899643329,-2.6431319756,1.9735214724,0.9715296223,0.0113767486,0.0349481635
2.8972,1.0229029361,-0.418204937,-1.8899643329,-2.6431319756,1.9735214724,0.9715296223,0.0113767486,0.0349481635
2.8972,1.0229029361,-0.418204937,-1.8899643329,-2.6431319756,1.9735214724,0.9715296223,0.0113767486,0.0349481635
2.8972,1.0229029361,-0.418204937,-1.8899643329,-2.6431319756,1.9735214724,0.9715296223,0.0113767486,0.0349481635
2.8972,1.0229029361,-0.418204937,-1.8899643329,-2.6431319756,1.9735214724,0.9715296223,0.0113767486,0.0349481635
2.8972,1.0229029361,-0.418204937,-1.8899643329,-2.6431319756,1.9735214724,0.9715296223,0.0113767486,0.0349481635
2.8972,1.0229029361,-0.418204937,-1.8899643329,-2.6431319756,1.9735214724,0.9715296223,0.0113767486,0.0349481635
2.8972,1.0229029361,-0.418204937,-1.8899643329,-2.6431319756,1.9735214724,0.9715296223,0.0113767486,0.0349481635
2.8972,1.0229029361,-0.418204937,-1.8899643329,-2.6431319756,1.9735214724,0.9715296223,0.0113767486,0.0349481635
2.8972,1.0229029361,-0.418204937,-1.8899643329,-2.6431319756,1.9735214724,0.9715296223,0.0113767486,0.0349481635
2.8972,1.0229029361,-0.418204937,-1.8899643329,-2.6431319756,1.9735214724,0.9715296223,0.0113767486,0.0349481635
2.8972,1.0229029361,-0.418204937,-1.8899643329,-2.6431319756,1.9735214724,0.9715296223,0.0113767486,0.0349481635
2.8972,1.0229029361,-0.418204937,-1.8899643329,-2.6431319756,1.9735214724,0.9715296223,0.0113767486,0.0349481635
2.8972,1.0229029361,-0.418204937,-1.8899643329,-2.6431319756,1.9735214724,0.9715296223,0.0113767486,0.0349481635
2.8972,1.0229029361,-0.418204937,-1.8899643329,-2.6431319756,1.9735214724,0.9715296223,0.0113767486,0.0349481635
2.8972,1.0229029361,-0.418204937,-1.8899643329,-2.6431319756,1.9735214724,0.9715296223,0.0113767486,0.0349481635
2.8972,1.0229029361,-0.418204937,-1.8899643329,-2.6431319756,1.9735214724,0.9715296223,0.0113767486,0.0349481635
2.8972,1.0229029361,-0.418204937,-1.8899643329,-2.6431319756,1.9735214724,0.9715296223,0.0113767486,0.0349481635
2.8972,1.0229029361,-0.418204937,-1.8899643329,-2.6431319756,1.9735214724,0.9715296223,0.0113767486,0.0349481635
2.8972,1.0229029361,-0.418204937,-1.8899643329,-2.6431319756,1.9735214724,0.9715296223,0.0113767486,0.0349481635
2.8972,1.0229029361,-0.418204937,-1.8899643329,-2.6431319756,1.9735214724,0.9715296223,0.0113767486,0.0349481635
2.8972,1.0229029361,-0.418204937,-1.8899643329,-2.6431319756,1.9735214724,0.9715296223,0.0113767486,0.0349481635
2.8972,1.0229029361,-0.418204937,-1.8899643329,-2.6431319756,1.9735214724,0.9715296223,0.0113767486,0.0349481635
2.8972,1.0229029361,-0.418204937,-1.8899643329,-2.6431319756,1.9735214724,0.9715296223,0.0113767486,0.0349481635
2.8972,1.0229029361,-0.418204937,-1.8899643329,-2.6431319756,1.9735214724,0.9715296223,0.0113767486,0.0349481635
2.8972,1.0229029361,-0.418204937,-1.8899643329,-2.6431319756,1.9735214724,0.9715296223,0.0113767486,0.0349481635
2.8972,1.0229029361,-0.418204937,-1.8899643329,-2.6431319756,1.9735214724,0.9715296223,0.0113767486,0.0349481635
2.8972,1.0229029361,-0.418204937,-1.8899643329,-2.6431319756,1.9735214724,0.9715296223,0.0113767486,0.0349481635
