-1.9547726698,-1.2931260602,1.2927168283,-1.6889859209,2.3313236731,2.6789940939,2.8972,0.0109290806,0.0211562749
-1.9547726698,-1.2931260602,1.2927168283,-1.6889859209,2.3313236731,2.6789940939,2.8972,0.0109290806,0.0211562749
-1.9547726698,-1.2931260602,1.2927168283,-1.6889859209,2.3313236731,2.6789940939,2.8972,0.0109290806,0.0211562749
-1.9547726698,-1.2931260602,1.2927168283,-1.6889859209,2.3313236731,2.6789940939,2.8972,0.0109290806,0.0211562749
-1.9547726698,-1.2931260602,1.2927168283,-1.6889859209,2.3313236731,2.6789940939,2.8972,0.0109290806,0.0211562749
-1.9547726698,-1.2931260602,1.2927168283,-1.6889859209,2.3313236731,2.6789940939,2.8972,0.0109290806,0.0211562749
-1.9547726698,-1.2931260602,1.2927168283,-1.6889859209,2.3313236731,2.6789940939,2.8972,0.0109290806,0.0211562749
-1.9547726698,-1.2931260602,1.2927168283,-1.6889859209,2.3313236731,2.6789940939,2.8972,0.0109290806,0.0211562749
-1.9547726698,-1.2931260602,1.2927168283,-1.6889859209,2.3313236731,2.6789940939,2.8972,0.0109290806,0.0211562749
-1.9547726698,-1.2931260602,1.2927168283,-1.6889859209,2.3313236731,2.6789940939,2.8972,0.0109290806,0.0211562749
-1.9547726698,-1.2931260602,1.2927168283,-1.6889859209,2.3313236731,2.6789940939,2.8972,0.0109290806,0.0211562749
-1.9547726698,-1.2931260602,1.2927168283,-1.6889859209,2.3313236731,2.6789940939,2.8972,0.0109290806,0.0211562749
-1.9547726698,-1.2931260602,1.2927168283,-1.6889859209,2.3313236731,2.6789940939,2.8972,0.0109290806,0.0211562749
-1.9547726698,-1.2931260602,1.2927168283,-1.6889859209,2.3313236731,2.6789940939,2.8972,0.0109290806,0.0211562749
-1.9547726698,-1.2931260602,1.2927168283,-1.6889859209,2.3313236731,2.6789940939,2.8972,0.0109290806,0.0211562749
-1.9547726698,-1.2931260602,1.2927168283,-1.6889859209,2.3313236731,2.6789940939,2.8972,0.0109290806,0.0211562749
-1.9547726698,-1.2931260602,1.2927168283,-1.6889859209,2.3313236731,2.6789940939,2.8972,0.0109290806,0.0211562749
-1.9547726698,-1.2931260602,1.2927168283,-1.6889859209,2.3313236731,2.6789940939,2.8972,0.0109290806,0.0211562749
-1.9547726698,-1.2931260602,1.2927168283,-1.6889859209,2.3313236731,2.6789940939,2.8972,0.0109290806,0.0211562749
-1.9547726698,-1.2931260602,1.2927168283,-1.6889859209,2.3313236731,2.6789940939,2.8972,0.0109290806,0.0211562749
-1.9547726698,-1.2931260602,1.2927168283,-1.6889859209,2.3313236731,2.6789940939,2.8972,0.0109290806,0.0211562749
-1.9547726698,-1.2931260602,1.2927168283,-1.6889859209,2.3313236731,2.6789940939,2.8972,0.0109290806,0.0211562749
-1.9547726698,-1.2931260602,1.2927168283,-1.6889859209,2.3313236731,2.6789940939,2.8972,0.0109290806,0.0211562749
-1.9547726698,-1.2931260602,1.2927168283,-1.6889859209,2.3313236731,2.6789940939,2.8972,0.0109290806,0.0211562749
-1.9547726698,-1.2931260602,1.2927168283,-1.6889859209,2.3313236731,2.6789940939,2.8972,0.0109290806,0.0211562749
-1.9547726698,-1.2931260602,1.2927168283,-1.6889859209,2.3313236731,2.6789940939,2.8972,0.0109290806,0.0211562749
-1.9547726698,-1.2931260602,1.2927168283,-1.6889859209,2.3313236731,2.6789940939,2.8972,0.0109290806,0.0211562749
-1.9547726698,-1.2931260602,1.2927168283,-1.6889859209,2.3313236731,2.6789940939,2.8972,0.0109290806,0.0211562749
-1.9547726698,-1.2931260602,1.2927168283,-1.6889859209,2.3313236731,2.6789940939,2.8972,0.0109290806,0.0211562749
-1.9547726698,-1.2931260602,1.2927168283,-1.6889859209,2.3313236731,2.6789940939,2.8972,0.0109290806,0.0211562749
-1.9547726698,-1.2931260534,1.2927168294,-1.6889859173,2.3313236667,2.6789940965,2.8972,0.0109290806,0.0211562749
-1.9547726692,-1.2931259598,1.2927168444,-1.688985868,2.331323579,2.6789941317,2.8972,0.0109290806,0.0211562749
-1.9547726673,-1.2931256695,1.292716891,-1.6889857151,2.3313233066,2.6789942409,2.8972,0.0109290806,0.0211562749
-1.9547726635,-1.2931250824,1.2927169853,-1.6889854059,2.3313227559,2.6789944618,2.8972,0.0109290806,0.0211562749
-1.9547726573,-1.2931241189,1.29271714,-1.6889848985,2.3313218522,2.6789948243,2.8972,0.0109290806,0.0211562749
-1.9547726479,-1.293122657,1.2927173747,-1.6889841286,2.3313204809,2.6789953744,2.8972,0.0109290806,0.0211562749
-1.9547726344,-1.2931205732,1.2927177094,-1.6889830311,2.3313185264,2.6789961584,2.8972,0.0109290806,0.0211562749
-1.9547726162,-1.2931177518,1.2927181625,-1.6889815452,2.33131588,2.6789972201,2.8972,0.0109290806,0.0211562749
-1.9547725925,-1.293114076,1.2927187528,-1.6889796093,2.3313124321,2.6789986032,2.8972,0.0109290806,0.0211562749
-1.9547725625,-1.2931094296,1.2927194992,-1.6889771622,2.3313080738,2.6790003517,2.8972,0.0109290806,0.0211562749
-1.9547725254,-1.2931036961,1.2927204202,-1.6889741425,2.3313026959,2.6790025092,2.8972,0.0109290806,0.0211562749
-1.9547724806,-1.2930967589,1.2927215346,-1.688970489,2.3312961888,2.6790051197,2.8972,0.0109290806,0.0211562749
-1.9547724273,-1.2930885013,1.2927228613,-1.68896614,2.3312884433,2.6790082273,2.8972,0.0109290806,0.0211562749
-1.9547723646,-1.2930788063,1.292724419,-1.6889610339,2.3312793494,2.6790118758,2.8972,0.0109290806,0.0211562749
-1.9547722919,-1.2930675569,1.2927262266,-1.6889551092,2.3312687975,2.6790161094,2.8972,0.0109290806,0.0211562749
-1.9547722083,-1.2930546358,1.292728303,-1.6889483041,2.3312566776,2.6790209722,2.8972,0.0109290806,0.0211562749
-1.9547721132,-1.2930399258,1.292730667,-1.6889405568,2.3312428798,2.6790265084,2.8972,0.0109290806,0.0211562749
-1.9547720057,-1.2930233095,1.2927333377,-1.6889318056,2.3312272938,2.6790327622,2.8972,0.0109290806,0.0211562749
-1.954771885,-1.2930046694,1.2927363339,-1.6889219884,2.3312098094,2.6790397778,2.8972,0.0109290806,0.0211562749
-1.9547717505,-1.292983888,1.2927396746,-1.6889110435,2.3311903165,2.6790475996,2.8972,0.0109290806,0.0211562749
-1.9547716012,-1.2929608477,1.2927433787,-1.6888989088,2.3311687048,2.6790562719,2.8972,0.0109290806,0.0211562749
-1.9547714366,-1.2929354308,1.2927474653,-1.6888855225,2.3311448638,2.6790658389,2.8972,0.0109290806,0.0211562749
-1.9547712557,-1.2929075198,1.2927519534,-1.6888708226,2.3311186832,2.6790763451,2.8972,0.0109290806,0.0211562749
-1.9547710579,-1.2928769969,1.2927568619,-1.688854747,2.3310900528,2.6790878347,2.8972,0.0109290806,0.0211562749
-1.9547708422,-1.2928437445,1.29276221,-1.6888372339,2.331058862,2.6791003522,2.8972,0.0109290806,0.0211562749
-1.954770608,-1.292807645,1.2927680166,-1.6888182213,2.3310250006,2.6791139419,2.8972,0.0109290806,0.0211562749
-1.9547703545,-1.2927685807,1.2927743008,-1.6887976471,2.3309883582,2.6791286481,2.8972,0.0109290806,0.0211562749
-1.9547700809,-1.292726434,1.2927810816,-1.6887754496,2.3309488245,2.6791445152,2.8972,0.0109290806,0.0211562749
-1.9547697864,-1.2926810875,1.2927883781,-1.6887515667,2.3309062892,2.6791615877,2.8972,0.0109290806,0.0211562749
-1.9547694702,-1.2926324235,1.2927962094,-1.6887259366,2.3308606421,2.6791799097,2.8972,0.0109290806,0.0211562749
-1.9547691316,-1.2925803247,1.2928045946,-1.6886984974,2.3308117731,2.6791995258,2.8972,0.0109290806,0.0211562749
-1.9547687697,-1.2925246737,1.2928135526,-1.6886691873,2.330759572,2.6792204801,2.8972,0.0109290806,0.0211562749
-1.9547683837,-1.2924653532,1.2928231028,-1.6886379445,2.3307039288,2.679242817,2.8972,0.0109290806,0.0211562749
-1.954767973,-1.2924022459,1.292833264,-1.6886047072,2.3306447335,2.6792665808,2.8972,0.0109290806,0.0211562749
-1.9547675366,-1.2923352348,1.2928440555,-1.6885694138,2.3305818762,2.6792918158,2.8972,0.0109290806,0.0211562749
-1.9547670737,-1.2922642028,1.2928554963,-1.6885320026,2.3305152472,2.6793185662,2.8972,0.0109290806,0.0211562749
-1.9547665837,-1.2921890329,1.2928676057,-1.688492412,2.3304447368,2.6793468763,2.8972,0.0109290806,0.0211562749
-1.9547660655,-1.2921096084,1.2928804027,-1.6884505805,2.3303702352,2.6793767903,2.8972,0.0109290806,0.0211562749
-1.9547655186,-1.2920258123,1.2928939066,-1.6884064465,2.330291633,2.6794083525,2.8972,0.0109290806,0.0211562749
-1.954764942,-1.2919375282,1.2929081365,-1.6883599486,2.3302088207,2.679441607,2.8972,0.0109290806,0.0211562749
-1.9547643349,-1.2918446393,1.2929231117,-1.6883110254,2.3301216889,2.679476598,2.8972,0.0109290806,0.0211562749
-1.9547636965,-1.2917470293,1.2929388513,-1.6882596154,2.3300301284,2.6795133698,2.8972,0.0109290806,0.0211562749
-1.9547630259,-1.2916445816,1.2929553748,-1.6882056575,2.3299340299,2.6795519665,2.8972,0.0109290806,0.0211562749
-1.9547623224,-1.2915371802,1.2929727013,-1.6881490902,2.3298332844,2.6795924324,2.8972,0.0109290806,0.0211562749
-1.9547615851,-1.2914247086,1.2929908504,-1.6880898525,2.3297277827,2.6796348116,2.8972,0.0109290806,0.0211562749
-1.9547608131,-1.291307051,1.2930098413,-1.6880278831,2.329617416,2.6796791483,2.8972,0.0109290806,0.0211562749
-1.9547600056,-1.2911840913,1.2930296935,-1.687963121,2.3295020756,2.6797254867,2.8972,0.0109290806,0.0211562749
-1.9547591617,-1.291055714,1.2930504265,-1.6878955052,2.3293816529,2.6797738709,2.8972,0.0109290806,0.0211562749
-1.9547582805,-1.2909218036,1.2930720598,-1.687824975,2.3292560396,2.679824345,2.8972,0.0109290806,0.0211562749
-1.9547573612,-1.2907822453,1.293094613,-1.6877514697,2.3291251279,2.679876953,2.8972,0.0109290806,0.0211562749
-1.9547564029,-1.2906369316,1.2931181045,-1.6876749329,2.3289888169,2.6799317361,2.8972,0.0109290806,0.0211562749
-1.9547554051,-1.2904858294,1.2931425409,-1.6875953468,2.3288470755,2.6799887077,2.8972,0.0109290806,0.0211562749
-1.9547543679,-1.2903289369,1.293167924,-1.6875127108,2.3286999021,2.6800478694,2.8972,0.0109290806,0.0211562749
-1.9547532907,-1.2901662448,1.2931942569,-1.6874270196,2.3285472876,2.6801092257,2.8972,0.0109290806,0.0211562749
-1.9547521732,-1.2899977244,1.2932215459,-1.6873382582,2.3283892051,2.6801727888,2.8972,0.0109290806,0.0211562749
-1.9547510153,-1.2898233904,1.2932497909,-1.6872464342,2.3282256684,2.6802385545,2.8972,0.0109290806,0.0211562749
-1.9547498168,-1.2896432594,1.2932789913,-1.6871515564,2.3280566927,2.680306518,2.8972,0.0109290806,0.0211562749
-1.9547485772,-1.2894573409,1.2933091484,-1.6870536296,2.327882287,2.6803766777,2.8972,0.0109290806,0.0211562749
-1.9547472965,-1.2892656466,1.2933402633,-1.6869526599,2.3277024619,2.6804490311,2.8972,0.0109290806,0.0211562749
-1.954745974,-1.2890681884,1.2933723375,-1.6868486534,2.3275172285,2.6805235761,2.8972,0.0109290806,0.0211562749
-1.9547446095,-1.2888649794,1.2934053729,-1.686741617,2.3273265989,2.6806003104,2.8972,0.0109290806,0.0211562749
-1.9547432024,-1.2886560342,1.2934393718,-1.6866315582,2.3271305863,2.6806792318,2.8972,0.0109290806,0.0211562749
-1.954741752,-1.2884413685,1.2934743372,-1.6865184851,2.3269292053,2.6807603379,2.8972,0.0109290806,0.0211562749
-1.9547402577,-1.2882209991,1.2935102727,-1.6864024064,2.3267224714,2.6808436267,2.8972,0.0109290806,0.0211562749
-1.9547387186,-1.2879949443,1.293547183,-1.6862833314,2.3265104011,2.6809290966,2.8972,0.0109290806,0.0211562749
-1.9547371336,-1.2877632229,1.2935850742,-1.6861612699,2.3262930116,2.6810167466,2.8972,0.0109290806,0.0211562749
-1.9547355014,-1.2875258539,1.2936239541,-1.6860362315,2.32607032,2.6811065768,2.8972,0.0109290806,0.0211562749
-1.9547338205,-1.2872828552,1.2936638329,-1.6859082253,2.3258423425,2.6811985893,2.8972,0.0109290806,0.0211562749
-1.9547320888,-1.2870342414,1.293704724,-1.6857772587,2.3256090918,2.6812927892,2.8972,0.0109290806,0.0211562749
-1.954730304,-1.2867800209,1.2937466446,-1.6856433356,2.3253705747,2.6813891859,2.8972,0.0109290806,0.0211562749
-1.9547284634,-1.2865201908,1.2937896161,-1.6855064539,2.3251267872,2.6814877945,2.8972,0.0109290806,0.0211562749
-1.954726564,-1.2862547329,1.2938336637,-1.6853666037,2.3248777109,2.6815886368,2.8972,0.0109290806,0.0211562749
-1.954724603,-1.2859836127,1.2938788134,-1.6852237664,2.3246233123,2.6816917396,2.8972,0.0109290806,0.0211562749
-1.9547225782,-1.2857067871,1.2939250873,-1.685077919,2.3243635498,2.6817971291,2.8972,0.0109290806,0.0211562749
-1.9547204884,-1.2854242185,1.2939724993,-1.6849290417,2.3240983877,2.6819048248,2.8972,0.0109290806,0.0211562749
-1.9547183332,-1.2851358869,1.2940210542,-1.6847771242,2.3238278071,2.6820148352,2.8972,0.0109290806,0.0211562749
-1.9547161129,-1.2848417865,1.294070751,-1.6846221635,2.3235518025,2.6821271611,2.8972,0.0109290806,0.0211562749
-1.9547138281,-1.2845419198,1.2941215861,-1.6844641613,2.3232703766,2.6822417994,2.8972,0.0109290806,0.0211562749
-1.9547114792,-1.2842362939,1.2941735547,-1.6843031214,2.3229835361,2.6823587448,2.8972,0.0109290806,0.0211562749
-1.9547090669,-1.2839249183,1.2942266521,-1.684139049,2.32269129,2.6824779917,2.8972,0.0109290806,0.0211562749
-1.9547065913,-1.2836078027,1.2942808741,-1.6839719493,2.3223936477,2.6825995346,2.8972,0.0109290806,0.0211562749
-1.954704053,-1.2832849568,1.2943362176,-1.6838018277,2.3220906182,2.6827233688,2.8972,0.0109290806,0.0211562749
-1.954701452,-1.2829563899,1.2943926802,-1.6836286889,2.3217822103,2.6828494901,2.8972,0.0109290806,0.0211562749
-1.9546987884,-1.2826221104,1.2944502609,-1.6834525376,2.3214684319,2.6829778957,2.8972,0.0109290806,0.0211562749
-1.9546960621,-1.2822821261,1.2945089594,-1.6832733777,2.3211492901,2.6831085831,2.8972,0.0109290806,0.0211562749
-1.9546932729,-1.2819364439,1.2945687767,-1.6830912131,2.3208247914,2.6832415512,2.8972,0.0109290806,0.0211562749
-1.9546904206,-1.2815850706,1.2946297146,-1.6829060472,2.3204949419,2.6833767993,2.8972,0.0109290806,0.0211562749
-1.9546875045,-1.2812280122,1.2946917762,-1.6827178832,2.3201597469,2.683514328,2.8972,0.0109290806,0.0211562749
-1.9546845242,-1.2808652744,1.2947549657,-1.682526724,2.3198192114,2.6836541384,2.8972,0.0109290806,0.0211562749
-1.9546814789,-1.2804968624,1.2948192884,-1.6823325723,2.31947334,2.6837962328,2.8972,0.0109290806,0.0211562749
-1.9546783677,-1.2801227811,1.2948847509,-1.6821354306,2.3191221368,2.6839406141,2.8972,0.0109290806,0.0211562749
-1.9546751895,-1.2797430348,1.2949513613,-1.6819353011,2.3187656053,2.6840872867,2.8972,0.0109290806,0.0211562749
-1.954671943,-1.2793576273,1.2950191293,-1.6817321856,2.3184037482,2.6842362559,2.8972,0.0109290806,0.0211562749
-1.9546686268,-1.2789665613,1.2950880662,-1.6815260855,2.3180365674,2.6843875286,2.8972,0.0109290806,0.0211562749
-1.9546652393,-1.278569838,1.2951581852,-1.6813170013,2.3176640631,2.6845411134,2.8972,0.0109290806,0.0211562749
-1.9546617785,-1.2781674572,1.2952295017,-1.6811049329,2.3172862341,2.6846970204,2.8972,0.0109290806,0.0211562749
-1.9546582424,-1.2777594171,1.2953020328,-1.6808898791,2.3169030775,2.6848552615,2.8972,0.0109290806,0.0211562749
-1.9546546287,-1.2773457139,1.2953757975,-1.680671838,2.3165145885,2.6850158504,2.8972,0.0109290806,0.0211562749
-1.9546509349,-1.2769263413,1.295450817,-1.6804508063,2.3161207599,2.6851788027,2.8972,0.0109290806,0.0211562749
-1.9546471583,-1.2765012911,1.2955271134,-1.6802267797,2.3157215822,2.6853441355,2.8972,0.0109290806,0.0211562749
-1.9546432964,-1.2760705521,1.2956047105,-1.6799997524,2.3153170437,2.6855118673,2.8972,0.0109290806,0.0211562749
-1.9546393465,-1.2756341109,1.295683632,-1.6797697176,2.3149071299,2.6856820175,2.8972,0.0109290806,0.0211562749
-1.9546353059,-1.2751919514,1.2957639017,-1.6795366671,2.3144918242,2.6858546061,2.8972,0.0109290806,0.0211562749
-1.9546311722,-1.2747440553,1.2958455423,-1.6793005914,2.3140711079,2.6860296529,2.8972,0.0109290806,0.0211562749
-1.9546269434,-1.2742904033,1.2959285745,-1.679061481,2.3136449616,2.6862071768,2.8972,0.0109290806,0.0211562749
-1.9546226174,-1.2738309771,1.2960130168,-1.6788193264,2.3132133668,2.6863871948,2.8972,0.0109290806,0.0211562749
-1.9546181929,-1.2733657599,1.2960988846,-1.6785741193,2.3127763065,2.6865697214,2.8972,0.0109290806,0.0211562749
-1.9546136685,-1.2728947364,1.2961861906,-1.678325852,2.3123337657,2.6867547691,2.8972,0.0109290806,0.0211562749
-1.9546090434,-1.2724178928,1.296274945,-1.6780745176,2.3118857307,2.6869423481,2.8972,0.0109290806,0.0211562749
-1.9546043168,-1.2719352161,1.2963651557,-1.6778201096,2.3114321886,2.6871324671,2.8972,0.0109290806,0.0211562749
-1.9545994883,-1.2714466935,1.2964568286,-1.6775626216,2.310973127,2.6873251334,2.8972,0.0109290806,0.0211562749
-1.9545945576,-1.2709523121,1.2965499681,-1.6773020469,2.3105085336,2.6875203534,2.8972,0.0109290806,0.0211562749
-1.9545895245,-1.2704520584,1.2966445774,-1.6770383787,2.3100383957,2.6877181324,2.8972,0.0109290806,0.0211562749
-1.9545843891,-1.2699459182,1.2967406582,-1.6767716097,2.3095626997,2.6879184757,2.8972,0.0109290806,0.0211562749
-1.9545791515,-1.2694338765,1.2968382115,-1.676501732,2.3090814318,2.6881213877,2.8972,0.0109290806,0.0211562749
-1.9545738119,-1.2689159175,1.2969372373,-1.6762287376,2.3085945772,2.6883268728,2.8972,0.0109290806,0.0211562749
-1.954568371,-1.268392052,1.2970377293,-1.6759526322,2.3081021461,2.6885349237,2.8972,0.0109290806,0.0211562749
-1.9545628316,-1.267862466,1.2971396446,-1.6756735142,2.3076043141,2.6887454616,2.8972,0.0109290806,0.0211562749
-1.9545571973,-1.2673273829,1.2972429318,-1.6753915015,2.3071012914,2.6889583921,2.8972,0.0109290806,0.0211562749
-1.9545514715,-1.2667870299,1.2973475388,-1.6751067142,2.306593292,2.6891736192,2.8972,0.0109290806,0.0211562749
-1.9545456578,-1.266241642,1.2974534127,-1.6748192771,2.3060805371,2.689391044,2.8972,0.0109290806,0.0211562749
-1.9545397598,-1.2656914673,1.2975605004,-1.6745293214,2.30556326,2.6896105642,2.8972,0.0109290806,0.0211562749
-1.9545337804,-1.2651367688,1.2976687514,-1.6742369868,2.3050417073,2.6898320747,2.8972,0.0109290806,0.0211562749
-1.9545277219,-1.2645778176,1.2977781211,-1.6739424171,2.3045161332,2.6900554726,2.8972,0.0109290806,0.0211562749
-1.9545215854,-1.2640148801,1.297888575,-1.6736457536,2.3039867863,2.6902806626,2.8972,0.0109290806,0.0211562749
-1.954515371,-1.2634482071,1.2980000873,-1.6733471292,2.3034539005,2.6905075597,2.8972,0.0109290806,0.0211562749
-1.9545090785,-1.2628780372,1.2981126375,-1.6730466705,2.3029176977,2.6907360854,2.8972,0.0109290806,0.0211562749
-1.9545027074,-1.2623046032,1.298226206,-1.6727445012,2.3023783949,2.6909661637,2.8972,0.0109290806,0.0211562749
-1.9544962576,-1.2617281359,1.2983407722,-1.6724407436,2.3018362069,2.6911977182,2.8972,0.0109290806,0.0211562749
-1.9544897291,-1.2611488663,1.2984563127,-1.6721355203,2.3012913489,2.6914306708,2.8972,0.0109290806,0.0211562749
-1.9544831226,-1.2605670267,1.2985728009,-1.6718289542,2.3007440377,2.6916649409,2.8972,0.0109290806,0.0211562749
-1.9544764387,-1.2599828509,1.2986902067,-1.6715211695,2.300194492,2.691900445,2.8972,0.0109290806,0.0211562749
-1.9544696788,-1.2593965751,1.2988084965,-1.6712122909,2.2996429326,2.6921370971,2.8972,0.0109290806,0.0211562749
-1.9544628443,-1.258808437,1.2989276332,-1.6709024441,2.2990895821,2.6923748081,2.8972,0.0109290806,0.0211562749
-1.9544559372,-1.2582186757,1.2990475766,-1.6705917556,2.2985346648,2.6926134868,2.8972,0.0109290806,0.0211562749
-1.9544489597,-1.2576275313,1.2991682835,-1.670280352,2.297978406,2.6928530397,2.8972,0.0109290806,0.0211562749
-1.9544419143,-1.2570352445,1.2992897081,-1.6699683603,2.2974210321,2.6930933712,2.8972,0.0109290806,0.0211562749
-1.9544348038,-1.2564420569,1.2994118015,-1.6696559078,2.2968627701,2.6933343838,2.8972,0.0109290806,0.0211562749
-1.9544276313,-1.2558482104,1.2995345126,-1.6693431222,2.2963038479,2.6935759783,2.8972,0.0109290806,0.0211562749
-1.9544204002,-1.255253948,1.2996577873,-1.6690301311,2.2957444944,2.6938180533,2.8972,0.0109290806,0.0211562749
-1.9544131141,-1.2546595133,1.2997815691,-1.6687170629,2.2951849395,2.6940605056,2.8972,0.0109290806,0.0211562749
-1.954405777,-1.2540651509,1.2999057982,-1.6684040461,2.2946254141,2.6943032298,2.8972,0.0109290806,0.0211562749
-1.9543983932,-1.253471107,1.3000304121,-1.66809121,2.2940661508,2.694546118,2.8972,0.0109290806,0.0211562749
-1.9543909673,-1.2528776291,1.300155345,-1.6677786848,2.293507384,2.6947890599,2.8972,0.0109290806,0.0211562749
-1.9543835044,-1.2522849669,1.3002805276,-1.6674666011,2.2929493499,2.6950319427,2.8972,0.0109290806,0.0211562749
-1.9543760096,-1.251693371,1.3004058877,-1.6671550906,2.2923922864,2.6952746508,2.8972,0.0109290806,0.0211562749
-1.9543684886,-1.2511030927,1.3005313503,-1.6668442847,2.2918364318,2.6955170672,2.8972,0.0109290806,0.0211562749
-1.9543609472,-1.2505143816,1.3006568388,-1.6665343141,2.2912820231,2.695759074,2.8972,0.0109290806,0.0211562749
-1.954353391,-1.2499274819,1.3007822771,-1.6662253065,2.2907292925,2.6960005552,2.8972,0.0109290806,0.0211562749
-1.9543458256,-1.2493426274,1.3009075933,-1.6659173844,2.2901784619,2.6962414004,2.8972,0.0109290806,0.0211562749
-1.9543382555,-1.2487600314,1.3010327263,-1.66561066,2.2896297334,2.6964815115,2.8972,0.0109290806,0.0211562749
-1.9543306842,-1.2481798912,1.3011576286,-1.6653052377,2.2890832929,2.6967208036,2.8972,0.0109290806,0.0211562749
-1.954323114,-1.2476024078,1.3012822623,-1.6650012247,2.2885393287,2.6969591968,2.8972,0.0109290806,0.0211562749
-1.9543155472,-1.2470278017,1.301406591,-1.6646987388,2.287998047,2.6971966068,2.8972,0.0109290806,0.0211562749
-1.9543079859,-1.2464563162,1.3015305741,-1.6643979098,2.2874596753,2.6974329404,2.8972,0.0109290806,0.0211562749
-1.954300433,-1.2458882107,1.3016541657,-1.6640988756,2.2869244565,2.6976680967,2.8972,0.0109290806,0.0211562749
-1.9542928914,-1.2453237522,1.3017773162,-1.6638017779,2.2863926413,2.6979019703,2.8972,0.0109290806,0.0211562749
-1.954285364,-1.24476321,1.3018999734,-1.6635067592,2.2858644823,2.6981344537,2.8972,0.0109290806,0.0211562749
-1.9542778541,-1.2442068524,1.3020220841,-1.6632139614,2.2853402318,2.698365439,2.8972,0.0109290806,0.0211562749
-1.9542703649,-1.2436549452,1.3021435942,-1.6629235248,2.2848201398,2.6985948185,2.8972,0.0109290806,0.0211562749
-1.9542628996,-1.243107752,1.3022644498,-1.6626355885,2.2843044541,2.6988224851,2.8972,0.0109290806,0.0211562749
-1.9542554615,-1.2425655332,1.3023845967,-1.6623502899,2.2837934198,2.6990483327,2.8972,0.0109290806,0.0211562749
-1.9542480539,-1.2420285473,1.3025039806,-1.6620677652,2.2832872802,2.6992722555,2.8972,0.0109290806,0.0211562749
-1.9542406801,-1.2414970503,1.302622547,-1.6617881494,2.2827862763,2.6994941482,2.8972,0.0109290806,0.0211562749
-1.9542333435,-1.2409712965,1.3027402411,-1.6615115766,2.2822906476,2.6997139057,2.8972,0.0109290806,0.0211562749
-1.9542260476,-1.2404515392,1.3028570069,-1.6612381802,2.2818006325,2.6999314226,2.8972,0.0109290806,0.0211562749
-1.9542187959,-1.2399380033,1.3029727931,-1.6609680788,2.2813164433,2.7001466041,2.8972,0.0109290806,0.0211562749
-1.9542115897,-1.2394307386,1.3030875821,-1.6607012986,2.2808381271,2.7003594253,2.8972,0.0109290806,0.0211562749
-1.9542044303,-1.2389297598,1.3032013616,-1.6604378472,2.2803656985,2.7005698739,2.8972,0.0109290806,0.0211562749
-1.9541973195,-1.2384350833,1.3033141162,-1.6601777332,2.2798991741,2.7007779353,2.8972,0.0109290806,0.0211562749
-1.954190259,-1.2379467281,1.3034258267,-1.659920966,2.2794385729,2.7009835921,2.8972,0.0109290806,0.0211562749
-1.9541832512,-1.2374647142,1.3035364706,-1.6596675556,2.2789839151,2.7011868239,2.8972,0.0109290806,0.0211562749
-1.9541762987,-1.2369890607,1.3036460226,-1.6594175113,2.2785352207,2.7013876093,2.8972,0.0109290806,0.0211562749
-1.9541694043,-1.2365197851,1.303754455,-1.6591708414,2.2780925085,2.7015859255,2.8972,0.0109290806,0.0211562749
-1.9541625707,-1.236056903,1.3038617393,-1.6589275529,2.2776557952,2.7017817499,2.8972,0.0109290806,0.0211562749
-1.9541558011,-1.2356004273,1.3039678466,-1.6586876511,2.2772250954,2.7019750603,2.8972,0.0109290806,0.0211562749
-1.9541490981,-1.2351503679,1.304072749,-1.6584511401,2.276800421,2.7021658362,2.8972,0.0109290806,0.0211562749
-1.9541424643,-1.2347067318,1.3041764203,-1.6582180222,2.2763817809,2.7023540587,2.8972,0.0109290806,0.0211562749
-1.9541359023,-1.2342695232,1.3042788364,-1.6579882982,2.2759691813,2.7025397114,2.8972,0.0109290806,0.0211562749
-1.9541294142,-1.2338387438,1.304379976,-1.6577619677,2.2755626258,2.7027227801,2.8972,0.0109290806,0.0211562749
-1.9541230018,-1.2334143931,1.30447982,-1.6575390295,2.2751621158,2.7029032528,2.8972,0.0109290806,0.0211562749
-1.9541166669,-1.2329964687,1.3045783523,-1.6573194811,2.2747676507,2.7030811198,2.8972,0.0109290806,0.0211562749
-1.9541104109,-1.2325849668,1.3046755591,-1.6571033197,2.2743792285,2.7032563733,2.8972,0.0109290806,0.0211562749
-1.9541042349,-1.2321798823,1.3047714288,-1.6568905417,2.2739968454,2.7034290074,2.8972,0.0109290806,0.0211562749
-1.9540981399,-1.2317812091,1.3048659521,-1.6566811433,2.2736204969,2.7035990179,2.8972,0.0109290806,0.0211562749
-1.9540921267,-1.2313889409,1.3049591217,-1.6564751206,2.2732501779,2.7037664018,2.8972,0.0109290806,0.0211562749
-1.9540861961,-1.2310030709,1.3050509316,-1.6562724695,2.2728858826,2.7039311571,2.8972,0.0109290806,0.0211562749
-1.9540803483,-1.2306235918,1.3051413778,-1.6560731858,2.2725276049,2.7040932833,2.8972,0.0109290806,0.0211562749
-1.9540745839,-1.2302504962,1.3052304574,-1.6558772654,2.2721753381,2.7042527807,2.8972,0.0109290806,0.0211562749
-1.9540689029,-1.2298837758,1.3053181693,-1.6556847038,2.2718290747,2.7044096506,2.8972,0.0109290806,0.0211562749
-1.9540633056,-1.2295234219,1.3054045134,-1.6554954963,2.2714888067,2.7045638956,2.8972,0.0109290806,0.0211562749
-1.9540577917,-1.2291694253,1.3054894915,-1.655309638,2.2711545254,2.7047155192,2.8972,0.0109290806,0.0211562749
-1.9540523613,-1.2288217755,1.3055731065,-1.6551271237,2.2708262208,2.704864526,2.8972,0.0109290806,0.0211562749
-1.9540470139,-1.2284804616,1.3056553627,-1.6549479478,2.2705038824,2.705010922,2.8972,0.0109290806,0.0211562749
-1.9540417491,-1.2281454719,1.305736266,-1.6547721045,2.2701874989,2.7051547138,2.8972,0.0109290806,0.0211562749
-1.9540365664,-1.2278167948,1.3058158234,-1.6545995882,2.2698770587,2.7052959092,2.8972,0.0109290806,0.0211562749
-1.9540314651,-1.2274944199,1.3058940423,-1.6544303938,2.2695725513,2.7054345157,2.8972,0.0109290806,0.0211562749
-1.9540264448,-1.2271783399,1.3059709302,-1.6542645182,2.2692739694,2.7055705399,2.8972,0.0109290806,0.0211562749
-1.9540215051,-1.2268685548,1.3060464918,-1.6541019619,2.2689813123,2.7057039847,2.8972,0.0109290806,0.0211562749
-1.9540166459,-1.2265650772,1.3061207262,-1.6539427319,2.2686945915,2.7058348461,2.8972,0.0109290806,0.0211562749
-1.9540118683,-1.2262679418,1.3061936208,-1.6537868463,2.2684138402,2.7059631063,2.8972,0.0109290806,0.0211562749
-1.9540071746,-1.2259772009,1.3062651488,-1.6536343316,2.2681391093,2.7060887339,2.8972,0.0109290806,0.0211562749
-1.9540025678,-1.2256929044,1.3063352741,-1.6534852123,2.2678704482,2.7062116923,2.8972,0.0109290806,0.0211562749
-1.9539980512,-1.2254150824,1.3064039606,-1.6533395019,2.2676078887,2.7063319502,2.8972,0.0109290806,0.0211562749
-1.9539936276,-1.2251437422,1.3064711777,-1.653197202,2.2673514404,2.7064494863,2.8972,0.0109290806,0.0211562749
-1.9539892992,-1.2248788737,1.3065369027,-1.6530583053,2.2671010966,2.7065642891,2.8972,0.0109290806,0.0211562749
-1.9539850677,-1.2246204567,1.3066011193,-1.6529227995,2.2668568405,2.7066763538,2.8972,0.0109290806,0.0211562749
-1.9539809343,-1.224368467,1.3066638163,-1.6527906705,2.266618651,2.7067856802,2.8972,0.0109290806,0.0211562749
-1.9539768998,-1.224122879,1.3067249857,-1.6526619038,2.2663865056,2.7068922702,2.8972,0.0109290806,0.0211562749
-1.953972965,-1.2238836682,1.3067846221,-1.6525364854,2.2661603823,2.7069961272,2.8972,0.0109290806,0.0211562749
-1.9539691304,-1.2236508114,1.3068427218,-1.6524144025,2.2659402602,2.7070972554,2.8972,0.0109290806,0.0211562749
-1.9539653963,-1.2234242878,1.3068992822,-1.6522956434,2.2657261204,2.7071956588,2.8972,0.0109290806,0.0211562749
-1.9539617631,-1.2232040785,1.3069543011,-1.6521801978,2.2655179459,2.7072913413,2.8972,0.0109290806,0.0211562749
-1.953958231,-1.2229901669,1.3070077773,-1.6520680564,2.2653157216,2.7073843068,2.8972,0.0109290806,0.0211562749
-1.9539548002,-1.2227825386,1.3070597095,-1.6519592113,2.2651194343,2.7074745584,2.8972,0.0109290806,0.0211562749
-1.9539514708,-1.2225811811,1.3071100967,-1.6518536555,2.2649290727,2.707562099,2.8972,0.0109290806,0.0211562749
-1.9539482431,-1.2223860843,1.3071589379,-1.6517513836,2.2647446277,2.7076469307,2.8972,0.0109290806,0.0211562749
-1.9539451172,-1.22219724,1.3072062321,-1.6516523909,2.2645660918,2.7077290552,2.8972,0.0109290806,0.0211562749
-1.9539420931,-1.2220146423,1.3072519781,-1.651556674,2.2643934597,2.7078084734,2.8972,0.0109290806,0.0211562749
-1.9539391712,-1.2218382874,1.3072961744,-1.6514642308,2.2642267281,2.7078851854,2.8972,0.0109290806,0.0211562749
-1.9539363515,-1.2216681739,1.3073388194,-1.6513750605,2.264065896,2.7079591904,2.8972,0.0109290806,0.0211562749
-1.9539336342,-1.2215043026,1.3073799108,-1.6512891631,2.2639109642,2.708030487,2.8972,0.0109290806,0.0211562749
-1.9539310195,-1.2213466717,1.3074194475,-1.6512065378,2.2637619313,2.7080990749,2.8972,0.0109290806,0.0211562749
-1.9539285067,-1.2211952313,1.3074574406,-1.651127158,2.2636187502,2.7081649749,2.8972,0.0109290806,0.0211562749
-1.9539260937,-1.2210498523,1.3074939212,-1.6510509562,2.263481299,2.7082282425,2.8972,0.0109290806,0.0211562749
-1.9539237785,-1.2209104127,1.3075289188,-1.6509778682,2.2633494626,2.7082889299,2.8972,0.0109290806,0.0211562749
-1.9539215594,-1.2207767872,1.3075624639,-1.6509078284,2.2632231225,2.708347091,2.8972,0.0109290806,0.0211562749
-1.9539194341,-1.2206488512,1.3075945869,-1.6508407711,2.2631021609,2.7084027797,2.8972,0.0109290806,0.0211562749
-1.9539174008,-1.2205264798,1.3076253181,-1.6507766311,2.2629864602,2.7084560496,2.8972,0.0109290806,0.0211562749
-1.9539154574,-1.220409549,1.3076546882,-1.6507153431,2.2628759027,2.7085069544,2.8972,0.0109290806,0.0211562749
-1.953913602,-1.2202979343,1.3076827275,-1.650656842,2.2627703711,2.7085555477,2.8972,0.0109290806,0.0211562749
-1.9539118324,-1.2201915117,1.3077094666,-1.6506010626,2.2626697483,2.7086018831,2.8972,0.0109290806,0.0211562749
-1.9539101469,-1.2200901573,1.307734936,-1.6505479398,2.262573917,2.7086460142,2.8972,0.0109290806,0.0211562749
-1.9539085432,-1.2199937472,1.3077591664,-1.6504974089,2.2624827602,2.7086879947,2.8972,0.0109290806,0.0211562749
-1.9539070195,-1.2199021576,1.3077821883,-1.6504494047,2.2623961609,2.708727878,2.8972,0.0109290806,0.0211562749
-1.9539055736,-1.2198152648,1.3078040324,-1.6504038625,2.2623140022,2.7087657179,2.8972,0.0109290806,0.0211562749
-1.9539042036,-1.2197329453,1.3078247294,-1.6503607175,2.2622361672,2.7088015677,2.8972,0.0109290806,0.0211562749
-1.9539029075,-1.2196550755,1.3078443098,-1.6503199048,2.2621625394,2.7088354812,2.8972,0.0109290806,0.0211562749
-1.9539016831,-1.219581532,1.3078628045,-1.6502813598,2.2620930019,2.7088675117,2.8972,0.0109290806,0.0211562749
-1.9539005286,-1.2195121915,1.3078802441,-1.6502450178,2.2620274383,2.7088977129,2.8972,0.0109290806,0.0211562749
-1.9538994419,-1.2194469307,1.3078966592,-1.6502108142,2.2619657321,2.7089261382,2.8972,0.0109290806,0.0211562749
-1.9538984209,-1.2193856265,1.3079120806,-1.6501786844,2.2619077667,2.7089528412,2.8972,0.0109290806,0.0211562749
-1.9538974636,-1.2193281558,1.3079265391,-1.6501485638,2.2618534259,2.7089778751,2.8972,0.0109290806,0.0211562749
-1.9538965681,-1.2192743956,1.3079400653,-1.650120388,2.2618025934,2.7090012936,2.8972,0.0109290806,0.0211562749
-1.9538957321,-1.2192242228,1.30795269,-1.6500940926,2.2617551529,2.70902315,2.8972,0.0109290806,0.0211562749
-1.9538949539,-1.2191775146,1.3079644439,-1.650069613,2.2617109881,2.7090434978,2.8972,0.0109290806,0.0211562749
-1.9538942312,-1.2191341481,1.3079753577,-1.6500468848,2.2616699829,2.7090623904,2.8972,0.0109290806,0.0211562749
-1.9538935621,-1.2190940004,1.3079854623,-1.6500258436,2.2616320212,2.7090798812,2.8972,0.0109290806,0.0211562749
-1.9538929445,-1.2190569485,1.3079947884,-1.6500064251,2.2615969867,2.7090960237,2.8972,0.0109290806,0.0211562749
-1.9538923764,-1.2190228697,1.3080033668,-1.6499885647,2.2615647633,2.7091108713,2.8972,0.0109290806,0.0211562749
-1.9538918558,-1.218991641,1.3080112283,-1.6499721981,2.2615352349,2.7091244776,2.8972,0.0109290806,0.0211562749
-1.9538913806,-1.2189631396,1.3080184038,-1.6499572609,2.261508285,2.7091368958,2.8972,0.0109290806,0.0211562749
-1.9538909488,-1.2189372423,1.308024924,-1.6499436885,2.2614837976,2.7091481797,2.8972,0.0109290806,0.0211562749
-1.9538905583,-1.2189138263,1.30803082,-1.6499314165,2.2614616563,2.7091583827,2.8972,0.0109290806,0.0211562749
-1.9538902071,-1.2188927682,1.3080361225,-1.6499203804,2.2614417445,2.7091675585,2.8972,0.0109290806,0.0211562749
-1.9538898932,-1.2188739449,1.3080408627,-1.6499105154,2.2614239458,2.7091757607,2.8972,0.0109290806,0.0211562749
-1.9538896144,-1.2188572329,1.3080450713,-1.649901757,2.2614081435,2.7091830431,2.8972,0.0109290806,0.0211562749
-1.9538893688,-1.2188425087,1.3080487797,-1.6498940404,2.2613942208,2.7091894594,2.8972,0.0109290806,0.0211562749
-1.9538891543,-1.2188296485,1.3080520187,-1.6498873006,2.2613820605,2.7091950636,2.8972,0.0109290806,0.0211562749
-1.9538889687,-1.2188185283,1.3080548197,-1.6498814728,2.2613715456,2.7091999096,2.8972,0.0109290806,0.0211562749
-1.9538888101,-1.2188090238,1.3080572138,-1.6498764917,2.2613625584,2.7092040515,2.8972,0.0109290806,0.0211562749
-1.9538886764,-1.2188010105,1.3080592324,-1.6498722922,2.2613549812,2.7092075438,2.8972,0.0109290806,0.0211562749
-1.9538885655,-1.2187943633,1.308060907,-1.6498688086,2.2613486958,2.7092104407,2.8972,0.0109290806,0.0211562749
-1.9538884753,-1.2187889569,1.308062269,-1.6498659752,2.2613435836,2.7092127969,2.8972,0.0109290806,0.0211562749
-1.9538884037,-1.2187846654,1.3080633503,-1.6498637262,2.2613395256,2.7092146672,2.8972,0.0109290806,0.0211562749
-1.9538883485,-1.2187813621,1.3080641826,-1.649861995,2.2613364021,2.7092161069,2.8972,0.0109290806,0.0211562749
-1.9538883078,-1.2187789198,1.3080647979,-1.6498607151,2.2613340927,2.7092171714,2.8972,0.0109290806,0.0211562749
-1.9538882792,-1.2187772104,1.3080652287,-1.6498598192,2.2613324763,2.7092179164,2.8972,0.0109290806,0.0211562749
-1.9538882608,-1.2187761043,1.3080655074,-1.6498592396,2.2613314304,2.7092183985,2.8972,0.0109290806,0.0211562749
-1.9538882502,-1.2187754712,1.308065667,-1.6498589078,2.2613308317,2.7092186745,2.8972,0.0109290806,0.0211562749
-1.9538882453,-1.2187751787,1.3080657407,-1.6498587545,2.2613305552,2.709218802,2.8972,0.0109290806,0.0211562749
-1.9538882439,-1.2187750938,1.3080657621,-1.64985871,2.2613304749,2.709218839,2.8972,0.0109290806,0.0211562749
-1.9538882438,-1.2187750885,1.3080657635,-1.6498587072,2.2613304698,2.7092188413,2.8972,0.0109290806,0.0211562749
-1.9538882437,-1.2187750847,1.3080657644,-1.6498587052,2.2613304662,2.709218843,2.8972,0.0109290806,0.0211562749
-1.9538882437,-1.2187750847,1.3080657644,-1.6498587052,2.2613304662,2.709218843,2.8972,0.0109290806,0.0211562749
-1.9538882437,-1.2187750847,1.3080657644,-1.6498587052,2.2613304662,2.709218843,2.8972,0.0109290806,0.0211562749
-1.9538882437,-1.2187750847,1.3080657644,-1.6498587052,2.2613304662,2.709218843,2.8972,0.0109290806,0.0211562749
-1.9538882437,-1.2187750847,1.3080657644,-1.6498587052,2.2613304662,2.709218843,2.8972,0.0109290806,0.0211562749
-1.9538882437,-1.2187750847,1.3080657644,-1.6498587052,2.2613304662,2.709218843,2.8972,0.0109290806,0.0211562749
-1.9538882437,-1.2187750847,1.3080657644,-1.6498587052,2.2613304662,2.709218843,2.8972,0.0109290806,0.0211562749
-1.9538882437,-1.2187750847,1.3080657644,-1.6498587052,2.2613304662,2.709218843,2.8972,0.0109290806,0.0211562749
-1.9538882437,-1.2187750847,1.3080657644,-1.6498587052,2.2613304662,2.709218843,2.8972,0.0109290806,0.0211562749
-1.9538882437,-1.2187750847,1.3080657644,-1.6498587052,2.2613304662,2.709218843,2.8972,0.0109290806,0.0211562749
-1.9538882437,-1.2187750847,1.3080657644,-1.6498587052,2.2613304662,2.709218843,2.8972,0.0109290806,0.0211562749
-1.9538882437,-1.2187750847,1.3080657644,-1.6498587052,2.2613304662,2.709218843,2.8972,0.0109290806,0.0211562749
-1.9538882437,-1.2187750847,1.3080657644,-1.6498587052,2.2613304662,2.709218843,2.8972,0.0109290806,0.0211562749
-1.9538882437,-1.2187750847,1.3080657644,-1.6498587052,2.2613304662,2.709218843,2.8972,0.0109290806,0.0211562749
-1.9538882437,-1.2187750847,1.3080657644,-1.6498587052,2.2613304662,2.709218843,2.8972,0.0109290806,0.0211562749
-1.9538882437,-1.2187750847,1.3080657644,-1.6498587052,2.2613304662,2.709218843,2.8972,0.0109290806,0.0211562749
-1.9538882437,-1.2187750847,1.3080657644,-1.6498587052,2.2613304662,2.709218843,2.8972,0.0109290806,0.0211562749
-1.9538882437,-1.2187750847,1.3080657644,-1.6498587052,2.2613304662,2.709218843,2.8972,0.0109290806,0.0211562749
-1.9538882437,-1.2187750847,1.3080657644,-1.6498587052,2.2613304662,2.709218843,2.8972,0.0109290806,0.0211562749
-1.9538882437,-1.2187750847,1.3080657644,-1.6498587052,2.2613304662,2.709218843,2.8972,0.0109290806,0.0211562749
-1.9538882437,-1.2187750847,1.3080657644,-1.6498587052,2.2613304662,2.709218843,2.8972,0.0109290806,0.0211562749
-1.9538882437,-1.2187750847,1.3080657644,-1.6498587052,2.2613304662,2.709218843,2.8972,0.0109290806,0.0211562749
-1.9538882437,-1.2187750847,1.3080657644,-1.6498587052,2.2613304662,2.709218843,2.8972,0.0109290806,0.0211562749
-1.9538882437,-1.2187750847,1.3080657644,-1.6498587052,2.2613304662,2.709218843,2.8972,0.0109290806,0.0211562749
-1.9538882437,-1.2187750847,1.3080657644,-1.6498587052,2.2613304662,2.709218843,2.8972,0.0109290806,0.0211562749
-1.9538882437,-1.2187750847,1.3080657644,-1.6498587052,2.2613304662,2.709218843,2.8972,0.0109290806,0.0211562749
-1.9538882437,-1.2187750847,1.3080657644,-1.6498587052,2.2613304662,2.709218843,2.8972,0.0109290806,0.0211562749
-1.9538882437,-1.2187750847,1.3080657644,-1.6498587052,2.2613304662,2.709218843,2.8972,0.0109290806,0.0211562749
-1.9538882437,-1.2187750847,1.3080657644,-1.6498587052,2.2613304662,2.709218843,2.8972,0.0109290806,0.0211562749
-1.9538882437,-1.2187750847,1.3080657644,-1.6498587052,2.2613304662,2.709218843,2.8972,0.0109290806,0.0211562749
-1.9538882437,-1.2187750847,1.3080657644,-1.6498587052,2.2613304662,2.709218843,2.8972,0.0109290806,0.0211562749
-1.9538882437,-1.2187750847,1.3080657644,-1.6498587052,2.2613304662,2.709218843,2.8972,0.0109290806,0.0211562749
-1.9538882437,-1.2187750847,1.3080657644,-1.6498587052,2.2613304662,2.709218843,2.8972,0.0109290806,0.0211562749
-1.9538882437,-1.2187750847,1.3080657644,-1.6498587052,2.2613304662,2.709218843,2.8972,0.0109290806,0.0211562749
-1.9538882437,-1.2187750847,1.3080657644,-1.6498587052,2.2613304662,2.709218843,2.8972,0.0109290806,0.0211562749
-1.9538882437,-1.2187750847,1.3080657644,-1.6498587052,2.2613304662,2.709218843,2.8972,0.0109290806,0.0211562749
-1.9538882437,-1.2187750847,1.3080657644,-1.6498587052,2.2613304662,2.709218843,2.8972,0.0109290806,0.0211562749
-1.9538882437,-1.2187750847,1.3080657644,-1.6498587052,2.2613304662,2.709218843,2.8972,0.0109290806,0.0211562749
-1.9538882437,-1.2187750847,1.3080657644,-1.6498587052,2.2613304662,2.709218843,2.8972,0.0109290806,0.0211562749
-1.9538882437,-1.2187750847,1.3080657644,-1.6498587052,2.2613304662,2.709218843,2.8972,0.0109290806,0.0211562749
-1.9538882437,-1.2187750847,1.3080657644,-1.6498587052,2.2613304662,2.709218843,2.8972,0.0109290806,0.0211562749
-1.9538882437,-1.2187750847,1.3080657644,-1.6498587052,2.2613304662,2.709218843,2.8972,0.0109290806,0.0211562749
-1.9538882437,-1.2187750847,1.3080657644,-1.6498587052,2.2613304662,2.709218843,2.8972,0.0109290806,0.0211562749
-1.9538882437,-1.2187750847,1.3080657644,-1.6498587052,2.2613304662,2.709218843,2.8972,0.0109290806,0.0211562749
-1.9538882437,-1.2187750847,1.3080657644,-1.6498587052,2.2613304662,2.709218843,2.8972,0.0109290806,0.0211562749
-1.9538882437,-1.2187750847,1.3080657644,-1.6498587052,2.2613304662,2.709218843,2.8972,0.0109290806,0.0211562749
-1.9538882437,-1.2187750847,1.3080657644,-1.6498587052,2.2613304662,2.709218843,2.8972,0.0109290806,0.0211562749
-1.9538882437,-1.2187750847,1.3080657644,-1.6498587052,2.2613304662,2.709218843,2.8972,0.0109290806,0.0211562749
-1.9538882437,-1.2187750847,1.3080657644,-1.6498587052,2.2613304662,2.709218843,2.8972,0.0109290806,0.0211562749
-1.9538882437,-1.2187750847,1.3080657644,-1.6498587052,2.2613304662,2.709218843,2.8972,0.0109290806,0.0211562749
-1.9538882437,-1.2187750847,1.3080657644,-1.6498587052,2.2613304662,2.709218843,2.8972,0.0109290806,0.0211562749
-1.9538882437,-1.2187750847,1.3080657644,-1.6498587052,2.2613304662,2.709218843,2.8972,0.0109290806,0.0211562749
-1.9538882437,-1.2187750847,1.3080657644,-1.6498587052,2.2613304662,2.709218843,2.8972,0.0109290806,0.0211562749
-1.9538882437,-1.2187750847,1.3080657644,-1.6498587052,2.2613304662,2.709218843,2.8972,0.0109290806,0.0211562749
-1.9538882437,-1.2187750847,1.3080657644,-1.6498587052,2.2613304662,2.709218843,2.8972,0.0109290806,0.0211562749
-1.9538882437,-1.2187750847,1.3080657644,-1.6498587052,2.2613304662,2.709218843,2.8972,0.0109290806,0.0211562749
-1.9538882437,-1.2187750847,1.3080657644,-1.6498587052,2.2613304662,2.709218843,2.8972,0.0109290806,0.0211562749
-1.9538882437,-1.2187750847,1.3080657644,-1.6498587052,2.2613304662,2.709218843,2.8972,0.0109290806,0.0211562749
-1.9538882437,-1.2187750847,1.3080657644,-1.6498587052,2.2613304662,2.709218843,2.8972,0.0109290806,0.0211562749
-1.9538882394,-1.2187750846,1.3080657627,-1.6498587102,2.2613304667,2.7092188422,2.8971999982,0.0109290806,0.0211562749
-1.9538881462,-1.2187750833,1.3080657256,-1.6498588178,2.2613304775,2.7092188251,2.8971999587,0.0109290806,0.0211562749
-1.9538878132,-1.2187750783,1.308065593,-1.6498592026,2.2613305162,2.709218764,2.8971998178,0.0109290806,0.0211562749
-1.9538870599,-1.2187750672,1.308065293,-1.649860073,2.2613306037,2.7092186258,2.897199499,0.0109290806,0.0211562749
-1.9538857786,-1.2187750482,1.3080647829,-1.6498615533,2.2613307525,2.7092183908,2.8971989569,0.0109290806,0.0211562749
-1.9538838779,-1.2187750201,1.308064026,-1.6498637492,2.2613309731,2.7092180422,2.8971981527,0.0109290806,0.0211562749
-1.9538811958,-1.2187749805,1.308062958,-1.6498668479,2.2613312844,2.7092175502,2.8971970179,0.0109290806,0.0211562749
-1.9538775479,-1.2187749267,1.3080615054,-1.6498710624,2.2613317076,2.7092168811,2.8971954746,0.0109290806,0.0211562749
-1.9538727492,-1.218774856,1.3080595944,-1.6498766064,2.2613322643,2.709216001,2.8971934447,0.0109290806,0.0211562749
-1.9538666284,-1.2187747658,1.308057157,-1.6498836777,2.2613329741,2.7092148784,2.8971908556,0.0109290806,0.0211562749
-1.9538590224,-1.2187746539,1.308054128,-1.6498924648,2.261333856,2.7092134835,2.8971876385,0.0109290806,0.0211562749
-1.9538497659,-1.2187745177,1.3080504417,-1.6499031585,2.2613349291,2.709211786,2.8971837235,0.0109290806,0.0211562749
-1.9538386921,-1.218774355,1.3080460315,-1.6499159516,2.2613362125,2.7092097553,2.8971790402,0.0109290806,0.0211562749
-1.9538256344,-1.2187741632,1.3080408312,-1.6499310364,2.2613377255,2.7092073609,2.8971735182,0.0109290806,0.0211562749
-1.9538104267,-1.21877394,1.3080347745,-1.6499486049,2.2613394873,2.7092045723,2.8971670874,0.0109290806,0.0211562749
-1.9537929022,-1.218773683,1.3080277949,-1.6499688496,2.261341517,2.709201359,2.8971596774,0.0109290806,0.0211562749
-1.9537728938,-1.2187733898,1.3080198259,-1.6499919635,2.2613438339,2.7091976904,2.8971512177,0.0109290806,0.0211562749
-1.9537502341,-1.2187730579,1.3080108008,-1.6500181399,2.2613464572,2.7091935358,2.8971416376,0.0109290806,0.0211562749
-1.9537247558,-1.2187726851,1.3080006528,-1.6500475722,2.2613494063,2.7091888647,2.8971308664,0.0109290806,0.0211562749
-1.953696291,-1.2187722688,1.3079893151,-1.650080454,2.2613527003,2.7091836461,2.8971188335,0.0109290806,0.0211562749
-1.9536646718,-1.2187718068,1.3079767207,-1.6501169794,2.2613563585,2.7091778495,2.897105468,0.0109290806,0.0211562749
-1.9536297302,-1.2187712966,1.3079628026,-1.6501573424,2.2613604002,2.709171444,2.897090699,0.0109290806,0.0211562749
-1.9535912977,-1.2187707358,1.3079474938,-1.6502017373,2.2613648447,2.7091643989,2.8970744555,0.0109290806,0.0211562749
-1.9535492059,-1.2187701221,1.307930727,-1.6502503588,2.2613697113,2.7091566833,2.8970566666,0.0109290806,0.0211562749
-1.9535032863,-1.2187694531,1.307912435,-1.6503034014,2.2613750193,2.7091482663,2.8970372613,0.0109290806,0.0211562749
-1.95345337,-1.2187687265,1.3078925506,-1.65036106,2.261380788,2.7091391171,2.8970161683,0.0109290806,0.0211562749
-1.9533992881,-1.2187679398,1.3078710063,-1.6504235296,2.2613870367,2.7091292048,2.8969933167,0.0109290806,0.0211562749
-1.9533408718,-1.2187670907,1.3078477348,-1.6504910052,2.2613937846,2.7091184984,2.8969686352,0.0109290806,0.0211562749
-1.9532779518,-1.2187661768,1.3078226687,-1.6505636822,2.261401051,2.7091069671,2.8969420527,0.0109290806,0.0211562749
-1.9532103589,-1.2187651959,1.3077957404,-1.6506417557,2.2614088552,2.7090945799,2.8969134979,0.0109290806,0.0211562749
-1.9531379239,-1.2187641456,1.3077668823,-1.6507254214,2.2614172165,2.7090813059,2.8968828997,0.0109290806,0.0211562749
-1.9530604773,-1.2187630235,1.307736027,-1.6508148747,2.2614261542,2.709067114,2.8968501868,0.0109290806,0.0211562749
-1.9529778496,-1.2187618273,1.3077031068,-1.6509103112,2.2614356874,2.7090519734,2.8968152879,0.0109290806,0.0211562749
-1.9528898712,-1.2187605547,1.3076680539,-1.6510119266,2.2614458355,2.709035853,2.8967781318,0.0109290806,0.0211562749
-1.9527963727,-1.2187592035,1.3076308008,-1.6511199167,2.2614566175,2.7090187219,2.8967386472,0.0109290806,0.0211562749
-1.9526971842,-1.2187577712,1.3075912797,-1.6512344772,2.2614680528,2.709000549,2.8966967628,0.0109290806,0.0211562749
-1.952592136,-1.2187562557,1.3075494229,-1.6513558042,2.2614801606,2.7089813034,2.8966524073,0.0109290806,0.0211562749
-1.9524810583,-1.2187546546,1.3075051625,-1.6514840934,2.2614929599,2.708960954,2.8966055096,0.0109290806,0.0211562749
-1.9523637814,-1.2187529657,1.3074584308,-1.6516195409,2.2615064699,2.7089394699,2.8965559983,0.0109290806,0.0211562749
-1.9522401352,-1.2187511867,1.3074091599,-1.6517623426,2.2615207098,2.7089168201,2.8965038022,0.0109290806,0.0211562749
-1.95210995,-1.2187493154,1.3073572819,-1.6519126945,2.2615356986,2.7088929736,2.8964488501,0.0109290806,0.0211562749
-1.9519730557,-1.2187473495,1.3073027291,-1.6520707928,2.2615514555,2.7088678993,2.8963910707,0.0109290806,0.0211562749
-1.9518292824,-1.2187452868,1.3072454334,-1.6522368334,2.2615679994,2.7088415663,2.8963303929,0.0109290806,0.0211562749
-1.9516784602,-1.2187431251,1.3071853271,-1.6524110124,2.2615853494,2.7088139437,2.8962667455,0.0109290806,0.0211562749
-1.951520419,-1.2187408622,1.3071223421,-1.6525935259,2.2616035246,2.7087850003,2.8962000573,0.0109290806,0.0211562749
-1.9513549887,-1.218738496,1.3070564105,-1.6527845699,2.2616225437,2.7087547053,2.8961302573,0.0109290806,0.0211562749
-1.9511819995,-1.2187360242,1.3069874644,-1.6529843405,2.2616424259,2.7087230276,2.8960572743,0.0109290806,0.0211562749
-1.9510012813,-1.2187334447,1.3069154357,-1.6531930338,2.2616631899,2.7086899364,2.8959810374,0.0109290806,0.0211562749
-1.950812664,-1.2187307554,1.3068402566,-1.6534108457,2.2616848546,2.7086554007,2.8959014755,0.0109290806,0.0211562749
-1.9506159776,-1.2187279541,1.306761859,-1.6536379723,2.2617074388,2.7086193895,2.8958185177,0.0109290806,0.0211562749
-1.9504110565,-1.2187250388,1.3066801766,-1.6538746045,2.2617309609,2.7085818727,2.8957320948,0.0109290806,0.0211562749
-1.9501978151,-1.2187220087,1.3065951751,-1.6541208408,2.2617554296,2.7085428349,2.8956421719,0.0109290806,0.0211562749
-1.9499762346,-1.218718864,1.3065068465,-1.6543767023,2.2617808462,2.7085022729,2.895548742,0.0109290806,0.0211562749
-1.9497463254,-1.2187156052,1.3064151948,-1.6546421766,2.2618072083,2.7084601889,2.8954518106,0.0109290806,0.0211562749
-1.9495080251,-1.2187122319,1.3063201948,-1.6549173352,2.2618345221,2.7084165719,2.8953513527,0.0109290806,0.0211562749
-1.9492612554,-1.2187087435,1.3062218148,-1.655202268,2.2618627955,2.7083714077,2.8952473363,0.0109290806,0.0211562749
-1.9490060084,-1.2187051403,1.3061200513,-1.6554969838,2.2618920282,2.7083246952,2.8951397592,0.0109290806,0.0211562749
-1.9487422986,-1.2187014231,1.3060149098,-1.655801465,2.2619222172,2.7082764374,2.8950286291,0.0109290806,0.0211562749
-1.9484701411,-1.2186975927,1.3059063958,-1.6561156937,2.2619533596,2.7082266375,2.8949139535,0.0109290806,0.0211562749
-1.9481895375,-1.2186936496,1.3057945095,-1.6564396674,2.2619854538,2.7081752961,2.8947957347,0.0109290806,0.0211562749
-1.9479004811,-1.2186895943,1.3056792479,-1.6567733932,2.2620184992,2.7081224124,2.8946739713,0.0109290806,0.0211562749
-1.9476029675,-1.2186854275,1.3055606087,-1.6571168755,2.2620524949,2.7080679858,2.8945486629,0.0109290806,0.0211562749
-1.9472969938,-1.2186811496,1.3054385903,-1.6574701171,2.2620874397,2.7080120164,2.8944198098,0.0109290806,0.0211562749
-1.9469825569,-1.2186767613,1.305313191,-1.6578331207,2.2621233325,2.707954504,2.8942874125,0.0109290806,0.0211562749
-1.9466596534,-1.2186722633,1.3051844089,-1.6582058896,2.262160172,2.7078954483,2.8941514711,0.0109290806,0.0211562749
-1.9463282805,-1.2186676561,1.3050522424,-1.6585884262,2.2621979568,2.7078348494,2.8940119863,0.0109290806,0.0211562749
-1.9459884359,-1.2186629405,1.30491669,-1.6589807325,2.2622366856,2.7077727072,2.8938689589,0.0109290806,0.0211562749
-1.9456401172,-1.2186581173,1.3047777501,-1.6593828103,2.2622763567,2.7077090219,2.8937223899,0.0109290806,0.0211562749
-1.9452833226,-1.2186531871,1.3046354215,-1.6597946608,2.2623169685,2.7076437936,2.8935722805,0.0109290806,0.0211562749
-1.9449180505,-1.2186481509,1.3044897029,-1.660216285,2.2623585192,2.7075770225,2.893418632,0.0109290806,0.0211562749
-1.9445442993,-1.2186430095,1.3043405931,-1.6606476838,2.262401007,2.707508709,2.893261446,0.0109290806,0.0211562749
-1.944162068,-1.2186377637,1.3041880909,-1.6610888574,2.2624444298,2.7074388534,2.8931007243,0.0109290806,0.0211562749
-1.9437713555,-1.2186324144,1.3040321952,-1.661539806,2.2624887856,2.7073674561,2.8929364688,0.0109290806,0.0211562749
-1.9433721612,-1.2186269628,1.303872905,-1.6620005294,2.2625340722,2.7072945177,2.8927686816,0.0109290806,0.0211562749
-1.9429644842,-1.2186214097,1.3037102193,-1.6624710273,2.2625802871,2.7072200386,2.8925973651,0.0109290806,0.0211562749
-1.9425483243,-1.2186157562,1.3035441371,-1.6629512989,2.2626274279,2.7071440195,2.8924225217,0.0109290806,0.0211562749
-1.9421236812,-1.2186100035,1.3033746576,-1.6634413433,2.2626754921,2.7070664611,2.8922441541,0.0109290806,0.0211562749
-1.9416905548,-1.2186041527,1.3032017797,-1.6639411594,2.2627244769,2.7069873641,2.8920622651,0.0109290806,0.0211562749
-1.941248945,-1.218598205,1.3030255026,-1.664450746,2.2627743794,2.7069067293,2.8918768578,0.0109290806,0.0211562749
-1.940798852,-1.2185921618,1.3028458254,-1.6649701014,2.2628251967,2.7068245575,2.8916879353,0.0109290806,0.0211562749
-1.9403402761,-1.2185860242,1.3026627472,-1.6654992239,2.2628769256,2.7067408496,2.8914955012,0.0109290806,0.0211562749
-1.9398732176,-1.2185797938,1.3024762671,-1.6660381117,2.2629295628,2.7066556066,2.891299559,0.0109290806,0.0211562749
-1.939397677,-1.218573472,1.3022863843,-1.6665867625,2.2629831048,2.7065688295,2.8911001125,0.0109290806,0.0211562749
-1.9389136548,-1.2185670603,1.3020930979,-1.6671451742,2.2630375481,2.7064805195,2.8908971657,0.0109290806,0.0211562749
-1.9384211518,-1.2185605603,1.3018964069,-1.6677133443,2.2630928888,2.7063906775,2.8906907229,0.0109290806,0.0211562749
-1.9379201686,-1.2185539736,1.3016963104,-1.6682912701,2.2631491229,2.7062993049,2.8904807884,0.0109290806,0.0211562749
-1.9374107061,-1.2185473021,1.3014928075,-1.6688789487,2.2632062463,2.706206403,2.890267367,0.0109290806,0.0211562749
-1.9368927653,-1.2185405475,1.3012858973,-1.6694763771,2.2632642547,2.706111973,2.8900504635,0.0109290806,0.0211562749
-1.9363663472,-1.2185337117,1.3010755787,-1.670083552,2.2633231434,2.7060160164,2.8898300832,0.0109290806,0.0211562749
-1.9358314532,-1.2185267968,1.3008618508,-1.6707004697,2.2633829077,2.7059185348,2.8896062314,0.0109290806,0.0211562749
-1.9352880846,-1.2185198049,1.3006447126,-1.6713271264,2.2634435425,2.7058195297,2.889378914,0.0109290806,0.0211562749
-1.9347362431,-1.2185127381,1.3004241633,-1.6719635178,2.2635050424,2.7057190028,2.8891481371,0.0109290806,0.0211562749
-1.9341759306,-1.2185055988,1.3002002017,-1.6726096393,2.263567402,2.7056169561,2.8889139072,0.0109290806,0.0211562749
-1.9336071494,-1.2184983895,1.2999728272,-1.6732654855,2.2636306153,2.7055133914,2.8886762312,0.0109290806,0.0211562749
-1.9330299022,-1.2184911126,1.299742039,-1.6739310508,2.2636946761,2.7054083109,2.8884351164,0.0109290806,0.0211562749
-1.9324441922,-1.2184837709,1.2995078363,-1.6746063283,2.2637595778,2.7053017169,2.8881905709,0.0109290806,0.0211562749
-1.9318500233,-1.2184763673,1.2992702187,-1.6752913106,2.2638253134,2.7051936121,2.8879426033,0.0109290806,0.0211562749
-1.9312474005,-1.2184689047,1.2990291859,-1.6759859889,2.2638918754,2.705083999,2.8876912228,0.0109290806,0.0211562749
-1.9306363295,-1.2184613863,1.2987847381,-1.6766903531,2.2639592559,2.704972881,2.8874364398,0.0109290806,0.0211562749
-1.9300168178,-1.2184538157,1.2985368757,-1.6774043911,2.2640274463,2.7048602615,2.8871782654,0.0109290806,0.0211562749
-1.9293888741,-1.2184461963,1.2982855997,-1.6781280889,2.2640964374,2.7047461443,2.8869167121,0.0109290806,0.0211562749
-1.9287525088,-1.2184385321,1.2980309115,-1.6788614305,2.2641662192,2.7046305338,2.8866517935,0.0109290806,0.0211562749
-1.9281077329,-1.2184308273,1.2977728124,-1.6796043989,2.2642367812,2.7045134347,2.8863835241,0.0109290806,0.0211562749
-1.9274545574,-1.2184230862,1.2975113039,-1.6803569768,2.2643081119,2.7043948518,2.8861119193,0.0109290806,0.0211562749
-1.9267929934,-1.2184153137,1.297246387,-1.6811191464,2.2643801995,2.70427479,2.8858369949,0.0109290806,0.0211562749
-1.9261230524,-1.2184075148,1.2969780626,-1.681890889,2.2644530312,2.7041532548,2.8855587681,0.0109290806,0.0211562749
-1.9254447461,-1.2183996949,1.2967063317,-1.6826721855,2.2645265932,2.7040302516,2.8852772569,0.0109290806,0.0211562749
-1.9247580864,-1.21839186,1.2964311947,-1.683463016,2.2646008709,2.7039057865,2.8849924801,0.0109290806,0.0211562749
-1.9240630856,-1.2183840163,1.2961526522,-1.6842633597,2.2646758486,2.7037798657,2.8847044582,0.0109290806,0.0211562749
-1.923359756,-1.2183761705,1.2958707043,-1.6850731952,2.2647515096,2.7036524957,2.8844132126,0.0109290806,0.0211562749
-1.9226481105,-1.21836833,1.295585351,-1.6858925,2.2648278358,2.7035236836,2.8841187663,0.0109290806,0.0211562749
-1.9219281622,-1.2183605026,1.2952965919,-1.6867212506,2.2649048076,2.7033934369,2.8838211438,0.0109290806,0.0211562749
-1.9211999244,-1.2183526969,1.2950044263,-1.6875594226,2.2649824041,2.7032617634,2.8835203713,0.0109290806,0.0211562749
-1.9204634107,-1.2183449222,1.2947088531,-1.6884069906,2.2650606027,2.7031286717,2.8832164768,0.0109290806,0.0211562749
-1.9197186349,-1.2183371884,1.2944098706,-1.6892639279,2.2651393787,2.7029941707,2.8829094904,0.0109290806,0.0211562749
-1.918965611,-1.2183295066,1.2941074767,-1.6901302067,2.2652187057,2.7028582702,2.8825994446,0.0109290806,0.0211562749
-1.9182043534,-1.2183218886,1.2938016686,-1.691005798,2.2652985545,2.7027209804,2.882286374,0.0109290806,0.0211562749
-1.917434876,-1.2183143475,1.2934924429,-1.6918906714,2.2653788939,2.7025823125,2.8819703162,0.0109290806,0.0211562749
-1.9166571932,-1.2183068975,1.2931797949,-1.6927847953,2.2654596892,2.7024422784,2.8816513119,0.0109290806,0.0211562749
-1.9158713189,-1.2182995545,1.2928637193,-1.6936881368,2.2655409029,2.702300891,2.8813294049,0.0109290806,0.0211562749
-1.9150772668,-1.2182923355,1.2925442091,-1.6946006618,2.2656224938,2.702158164,2.881004643,0.0109290806,0.0211562749
-1.9142750498,-1.2182852599,1.2922212562,-1.6955223348,2.2657044165,2.7020141125,2.8806770779,0.0109290806,0.0211562749
-1.9134646799,-1.2182783485,1.2918948503,-1.6964531193,2.265786621,2.7018687525,2.8803467659,0.0109290806,0.0211562749
-1.9126461678,-1.2182716249,1.2915649792,-1.6973929777,2.2658690522,2.7017221016,2.8800137684,0.0109290806,0.0211562749
-1.9118195222,-1.218265115,1.2912316279,-1.6983418722,2.265951649,2.7015741787,2.8796781525,0.0109290806,0.0211562749
-1.910984749,-1.2182588478,1.2908947785,-1.6992997644,2.2660343438,2.7014250041,2.8793399911,0.0109290806,0.0211562749
-1.9101418507,-1.2182528556,1.2905544091,-1.7002666169,2.2661170619,2.7012746,2.878999364,0.0109290806,0.0211562749
-1.9092908246,-1.2182471744,1.2902104934,-1.7012423935,2.26619972,2.7011229902,2.8786563578,0.0109290806,0.0211562749
-1.9084316618,-1.2182418442,1.2898629994,-1.7022270611,2.2662822265,2.7009702,2.8783110666,0.0109290806,0.0211562749
-1.9075643449,-1.2182369096,1.289511889,-1.7032205914,2.2663644799,2.7008162567,2.8779635919,0.0109290806,0.0211562749
-1.9066888455,-1.2182324196,1.2891571165,-1.7042229634,2.2664463697,2.7006611885,2.8776140416,0.0109290806,0.0211562749
-1.9058051222,-1.2182284276,1.2887986277,-1.7052341666,2.2665277759,2.7005050247,2.8772625293,0.0109290806,0.0211562749
-1.9049131175,-1.218224991,1.2884363598,-1.7062542045,2.2666085717,2.7003477944,2.8769091711,0.0109290806,0.0211562749
-1.9040127558,-1.2182221696,1.2880702408,-1.7072830981,2.266688626,2.7001895257,2.8765540819,0.0109290806,0.0211562749
-1.9031039437,-1.2182200233,1.2877001919,-1.708320889,2.2667678093,2.7000302438,2.8761973696,0.0109290806,0.0211562749
-1.9021865721,-1.2182186091,1.2873261303,-1.7093676396,2.2668460008,2.6998699696,2.875839128,0.0109290806,0.0211562749
-1.9012605234,-1.218217977,1.2869479748,-1.7104234298,2.2669230965,2.6997087179,2.8754794302,0.0109290806,0.0211562749
-1.900325681,-1.2182181664,1.2865656526,-1.7114883493,2.2669990174,2.699546497,2.8751183234,0.0109290806,0.0211562749
-1.899381942,-1.2182192039,1.2861791056,-1.7125624867,2.2670737132,2.699383309,2.8747558288,0.0109290806,0.0211562749
-1.8984292268,-1.2182211028,1.2857882946,-1.7136459178,2.2671471621,2.699219151,2.8743919443,0.0109290806,0.0211562749
-1.8974674854,-1.2182238654,1.2853931999,-1.7147386971,2.2672193656,2.6990540177,2.8740266521,0.0109290806,0.0211562749
-1.896496695,-1.2182274858,1.2849938188,-1.7158408565,2.2672903414,2.6988879032,2.8736599259,0.0109290806,0.0211562749
-1.8955168506,-1.2182319534,1.2845901588,-1.7169524135,2.267360117,2.698720801,2.8732917342,0.0109290806,0.0211562749
-1.8945279593,-1.2182372542,1.2841822346,-1.7180733744,2.2674287259,2.6985527046,2.8729220433,0.0109290806,0.0211562749
-1.8935300367,-1.2182433729,1.2837700651,-1.7192037381,2.2674962041,2.6983836075,2.872550819,0.0109290806,0.0211562749
-1.8925231032,-1.2182502936,1.2833536713,-1.7203434983,2.267562588,2.698213504,2.8721780283,0.0109290806,0.0211562749
-1.8915071815,-1.2182580009,1.2829330748,-1.721492646,2.2676279133,2.6980423887,2.8718036402,0.0109290806,0.0211562749
-1.8904822945,-1.21826648,1.2825082966,-1.7226511706,2.2676922135,2.6978702566,2.8714276256,0.0109290806,0.0211562749
-1.8894484639,-1.2182757173,1.2820793563,-1.7238190622,2.2677555196,2.6976971033,2.8710499577,0.0109290806,0.0211562749
-1.888405709,-1.2182857002,1.2816462718,-1.7249963123,2.2678178601,2.6975229245,2.8706706119,0.0109290806,0.0211562749
-1.8873540459,-1.2182964177,1.2812090585,-1.7261829144,2.2678792608,2.6973477165,2.8702895654,0.0109290806,0.0211562749
-1.8862934876,-1.2183078597,1.2807677297,-1.7273788644,2.2679397448,2.6971714756,2.8699067974,0.0109290806,0.0211562749
-1.8852240442,-1.2183200176,1.2803222967,-1.72858416,2.2679993321,2.6969941984,2.8695222892,0.0109290806,0.0211562749
-1.8841457236,-1.218332884,1.2798727689,-1.7297988002,2.2680580405,2.6968158823,2.8691360244,0.0109290806,0.0211562749
-1.8830585314,-1.2183464527,1.2794191538,-1.7310227849,2.2681158848,2.6966365249,2.8687479883,0.0109290806,0.0211562749
-1.881962471,-1.2183607187,1.2789614574,-1.732256116,2.2681728775,2.696456124,2.8683581684,0.0109290806,0.0211562749
-1.8808575432,-1.218375678,1.2784996836,-1.7334987965,2.2682290288,2.696274678,2.8679665539,0.0109290806,0.0211562749
-1.8797437466,-1.2183913279,1.2780338351,-1.7347508309,2.2682843464,2.6960921856,2.8675731357,0.0109290806,0.0211562749
-1.8786210774,-1.2184076665,1.2775639125,-1.7360122253,2.2683388359,2.6959086458,2.8671779062,0.0109290806,0.0211562749
-1.87748953,-1.2184246931,1.2770899152,-1.7372829871,2.268392501,2.695724058,2.8667808596,0.0109290806,0.0211562749
-1.8763490959,-1.2184424078,1.2766118407,-1.7385631254,2.2684453432,2.6955384218,2.8663819911,0.0109290806,0.0211562749
-1.8751998148,-1.2184608107,1.2761297064,-1.7398525947,2.2684973602,2.695351745,2.8659813145,0.0109290806,0.0211562749
-1.874041827,-1.2184799007,1.2756435714,-1.7411512366,2.2685485447,2.695164052,2.8655788793,0.0109290806,0.0211562749
-1.872875282,-1.2184996771,1.2751534984,-1.7424588811,2.268598887,2.6949753694,2.8651747403,0.0109290806,0.0211562749
-1.8717003279,-1.21852014,1.2746595492,-1.7437753594,2.2686483764,2.6947857238,2.8647689527,0.0109290806,0.0211562749
-1.8705171108,-1.2185412899,1.2741617843,-1.7451005041,2.2686970008,2.694595142,2.8643615725,0.0109290806,0.0211562749
-1.8693257753,-1.2185631281,1.2736602633,-1.7464341492,2.2687447474,2.6944036509,2.8639526565,0.0109290806,0.0211562749
-1.8681264641,-1.2185856561,1.2731550449,-1.7477761302,2.2687916024,2.6942112776,2.8635422612,0.0109290806,0.0211562749
-1.8669193188,-1.2186088759,1.2726461873,-1.7491262837,2.2688375516,2.6940180492,2.8631304435,0.0109290806,0.0211562749
-1.8657044793,-1.2186327895,1.2721337478,-1.7504844478,2.2688825806,2.6938239927,2.8627172601,0.0109290806,0.0211562749
-1.8644820842,-1.2186573991,1.2716177836,-1.7518504621,2.2689266751,2.6936291351,2.8623027668,0.0109290806,0.0211562749
-1.8632522713,-1.2186827069,1.2710983514,-1.7532241672,2.2689698214,2.6934335034,2.8618870189,0.0109290806,0.0211562749
-1.8620151774,-1.2187087145,1.2705755083,-1.7546054052,2.2690120065,2.6932371241,2.8614700701,0.0109290806,0.0211562749
-1.8607709392,-1.218735423,1.2700493115,-1.7559940189,2.2690532193,2.6930400236,2.8610519724,0.0109290806,0.0211562749
-1.8595196934,-1.2187628329,1.2695198195,-1.7573898521,2.2690934506,2.6928422277,2.8606327756,0.0109290806,0.0211562749
-1.858261578,-1.2187909432,1.2689870921,-1.7587927486,2.2691326943,2.692643762,2.8602125263,0.0109290806,0.0211562749
-1.8569967326,-1.2188197512,1.2684511912,-1.7602025518,2.2691709482,2.6924446511,2.8597912679,0.0109290806,0.0211562749
-1.8557253002,-1.2188492524,1.2679121817,-1.7616191036,2.2692082147,2.6922449192,2.8593690396,0.0109290806,0.0211562749
-1.8544474287,-1.2188794398,1.2673701325,-1.763042243,2.2692445016,2.6920445898,2.8589458763,0.0109290806,0.0211562749
-1.8531632728,-1.2189103034,1.2668251173,-1.7644718045,2.2692798228,2.6918436858,2.8585218083,0.0109290806,0.0211562749
-1.8518729963,-1.2189418303,1.2662772161,-1.7659076151,2.269314199,2.6916422296,2.8580968619,0.0109290806,0.0211562749
-1.8505767754,-1.2189740043,1.2657265162,-1.7673494916,2.2693476572,2.6914402437,2.8576710603,0.0109290806,0.0211562749
-1.8492748007,-1.2190068069,1.2651731127,-1.768797237,2.269380229,2.6912377517,2.8572444256,0.0109290806,0.0211562749
-1.8479672799,-1.2190402176,1.2646171086,-1.7702506364,2.2694119486,2.6910347786,2.8568169833,0.0109290806,0.0211562749
-1.8466544379,-1.2190742168,1.2640586139,-1.7717094549,2.2694428472,2.6908313532,2.8563887664,0.0109290806,0.0211562749
-1.8453365146,-1.2191087884,1.2634977418,-1.7731734368,2.2694729465,2.6906275089,2.8559598228,0.0109290806,0.0211562749
-1.8440137583,-1.219143923,1.2629346043,-1.7746423091,2.2695022515,2.6904232853,2.8555302209,0.0109290806,0.0211562749
-1.8426864162,-1.2191796221,1.2623693053,-1.776115789,2.269530743,2.6902187286,2.8551000538,0.0109290806,0.0211562749
-1.8413547224,-1.2192158989,1.2618019349,-1.7775935953,2.2695583746,2.6900138911,2.8546694395,0.0109290806,0.0211562749
-1.8400188879,-1.2192527793,1.2612325655,-1.7790754598,2.2695850736,2.6898088297,2.8542385169,0.0109290806,0.0211562749
-1.8386790959,-1.2192902988,1.2606612512,-1.7805611356,2.2696107472,2.6896036027,2.8538074372,0.0109290806,0.0211562749
-1.8373355031,-1.219328499,1.2600880312,-1.782050399,2.2696352905,2.6893982684,2.8533763568,0.0109290806,0.0211562749
-1.8359882502,-1.2193674247,1.2595129364,-1.7835430415,2.2696585932,2.6891928847,2.8529454328,0.0109290806,0.0211562749
-1.8346374674,-1.2194071214,1.2589359929,-1.7850388656,2.2696805442,2.6889875078,2.8525148196,0.0109290806,0.0211562749
-1.8332832786,-1.2194476334,1.2583572249,-1.7865376824,2.2697010357,2.6887821925,2.8520846666,0.0109290806,0.0211562749
-1.8319258044,-1.219489003,1.2577766572,-1.7880393088,2.2697199649,2.6885769914,2.8516551167,0.0109290806,0.0211562749
-1.8305651652,-1.2195312691,1.2571943162,-1.7895435657,2.2697372366,2.6883719548,2.8512263049,0.0109290806,0.0211562749
-1.8292014827,-1.2195744671,1.2566102316,-1.7910502762,2.2697527635,2.6881671307,2.8507983584,0.0109290806,0.0211562749
-1.8278348812,-1.2196186285,1.2560244363,-1.7925592646,2.2697664666,2.6879625649,2.8503713962,0.0109290806,0.0211562749
-1.8264654884,-1.219663781,1.2554369673,-1.7940703558,2.2697782755,2.6877583008,2.8499455296,0.0109290806,0.0211562749
-1.8250934355,-1.2197099486,1.2548478651,-1.7955833744,2.2697881281,2.6875543799,2.8495208624,0.0109290806,0.0211562749
-1.8237188578,-1.2197571513,1.2542571743,-1.7970981446,2.2697959698,2.6873508415,2.8490974916,0.0109290806,0.0211562749
-1.8223418944,-1.219805406,1.2536649431,-1.7986144899,2.2698017535,2.687147723,2.8486755077,0.0109290806,0.0211562749
-1.820962688,-1.2198547262,1.253071223,-1.8001322331,2.2698054389,2.6869450602,2.8482549954,0.0109290806,0.0211562749
-1.8195813849,-1.2199051225,1.2524760686,-1.8016511962,2.2698069919,2.6867428869,2.8478360336,0.0109290806,0.0211562749
-1.8181981349,-1.2199566025,1.2518795378,-1.8031712004,2.2698063843,2.6865412357,2.8474186966,0.0109290806,0.0211562749
-1.8168130907,-1.2200091715,1.251281691,-1.8046920661,2.2698035936,2.6863401376,2.8470030536,0.0109290806,0.0211562749
-1.8154264082,-1.220062832,1.2506825911,-1.8062136131,2.269798602,2.6861396222,2.8465891697,0.0109290806,0.0211562749
-1.8140382455,-1.2201175847,1.2500823036,-1.8077356606,2.2697913965,2.6859397178,2.846177106,0.0109290806,0.0211562749
-1.8126487636,-1.2201734277,1.2494808958,-1.8092580271,2.2697819687,2.6857404516,2.8457669197,0.0109290806,0.0211562749
-1.8112581259,-1.2202303574,1.2488784375,-1.8107805306,2.2697703139,2.6855418496,2.8453586645,0.0109290806,0.0211562749
-1.8098664477,-1.2202883694,1.248274979,-1.8123030447,2.2697564336,2.6853439289,2.8449523739,0.0109290806,0.0211562749
-1.8084737436,-1.2203474596,1.2476705291,-1.8138255569,2.2697403358,2.6851466893,2.8445480436,0.0109290806,0.0211562749
-1.8070800186,-1.2204076227,1.2470650932,-1.8153480676,2.2697220328,2.6849501278,2.8441456625,0.0109290806,0.0211562749
-1.8056852789,-1.220468852,1.2464586782,-1.8168705769,2.2697015392,2.6847542406,2.8437452169,0.0109290806,0.0211562749
-1.804289532,-1.2205311395,1.2458512921,-1.818393085,2.2696788727,2.6845590232,2.8433466908,0.0109290806,0.0211562749
-1.8028927867,-1.2205944759,1.2452429442,-1.8199155918,2.2696540534,2.6843644704,2.842950066,0.0109290806,0.0211562749
-1.8014950526,-1.220658851,1.2446336446,-1.8214380976,2.2696271035,2.6841705764,2.8425553222,0.0109290806,0.0211562749
-1.8000963403,-1.2207242538,1.2440234044,-1.8229606022,2.2695980473,2.6839773347,2.8421624375,0.0109290806,0.0211562749
-1.7986966612,-1.2207906722,1.2434122356,-1.8244831059,2.2695669108,2.6837847386,2.841771388,0.0109290806,0.0211562749
-1.7972960272,-1.2208580935,1.2428001508,-1.8260056085,2.2695337216,2.6835927808,2.8413821489,0.0109290806,0.0211562749
-1.7958944511,-1.2209265046,1.2421871633,-1.8275281102,2.2694985086,2.6834014537,2.8409946937,0.0109290806,0.0211562749
-1.7944919457,-1.2209958917,1.241573287,-1.829050611,2.2694613016,2.6832107497,2.8406089954,0.0109290806,0.0211562749
-1.7930885243,-1.2210662409,1.240958536,-1.830573111,2.2694221312,2.683020661,2.8402250261,0.0109290806,0.0211562749
-1.7916842001,-1.2211375382,1.2403429247,-1.8320956102,2.269381028,2.6828311799,2.8398427578,0.0109290806,0.0211562749
-1.7902789863,-1.22120977,1.2397264676,-1.8336181086,2.2693380225,2.682642299,2.8394621624,0.0109290806,0.0211562749
-1.7888728957,-1.2212829228,1.2391091791,-1.8351406063,2.2692931449,2.6824540112,2.8390832123,0.0109290806,0.0211562749
-1.7874659406,-1.2213569837,1.2384910733,-1.8366631031,2.2692464239,2.6822663101,2.8387058808,0.0109290806,0.0211562749
-1.7860581324,-1.2214319408,1.2378721639,-1.8381855992,2.2691978871,2.6820791899,2.8383301421,0.0109290806,0.0211562749
-1.7846494817,-1.2215077833,1.237252464,-1.8397080945,2.2691475599,2.6818926458,2.8379559724,0.0109290806,0.0211562749
-1.7832399977,-1.2215845015,1.2366319859,-1.841230589,2.2690954656,2.6817066739,2.8375833495,0.0109290806,0.0211562749
-1.7818296883,-1.2216620873,1.2360107411,-1.8427530829,2.2690416246,2.6815212716,2.8372122534,0.0109290806,0.0211562749
-1.7804185599,-1.2217405341,1.2353887399,-1.844275576,2.2689860546,2.6813364375,2.8368426666,0.0109290806,0.0211562749
-1.7790066175,-1.221819837,1.2347659919,-1.8457980687,2.2689287699,2.6811521715,2.8364745743,0.0109290806,0.0211562749
-1.7775938642,-1.2218999927,1.2341425051,-1.8473205609,2.2688697817,2.6809684749,2.8361079644,0.0109290806,0.0211562749
-1.7761803015,-1.221981,1.2335182865,-1.8488430528,2.2688090976,2.6807853502,2.8357428277,0.0109290806,0.0211562749
-1.7747659293,-1.2220628591,1.2328933416,-1.8503655445,2.2687467217,2.6806028014,2.8353791583,0.0109290806,0.0211562749
-1.7733507457,-1.2221455725,1.2322676745,-1.8518880361,2.2686826544,2.6804208335,2.8350169532,0.0109290806,0.0211562749
-1.771934747,-1.222229144,1.2316412879,-1.8534105279,2.2686168926,2.6802394531,2.8346562125,0.0109290806,0.0211562749
-1.7705179281,-1.2223135796,1.2310141831,-1.8549330199,2.2685494294,2.6800586676,2.8342969399,0.0109290806,0.0211562749
-1.7691002821,-1.2223988867,1.2303863597,-1.8564555123,2.2684802543,2.6798784857,2.8339391419,0.0109290806,0.0211562749
-1.7676818005,-1.2224850746,1.2297578156,-1.8579780052,2.2684093535,2.679698917,2.8335828284,0.0109290806,0.0211562749
-1.7662624734,-1.2225721542,1.2291285475,-1.8595004987,2.2683367092,2.6795199722,2.8332280127,0.0109290806,0.0211562749
-1.7648422894,-1.2226601377,1.2284985501,-1.861022993,2.2682623006,2.6793416626,2.8328747109,0.0109290806,0.0211562749
-1.7634212356,-1.222749039,1.2278678167,-1.862545488,2.2681861036,2.6791640005,2.832522942,0.0109290806,0.0211562749
-1.7619992982,-1.2228388731,1.2272363393,-1.8640679839,2.2681080911,2.6789869986,2.8321727282,0.0109290806,0.0211562749
-1.760576462,-1.2229296564,1.2266041085,-1.8655904806,2.2680282335,2.6788106702,2.8318240936,0.0109290806,0.0211562749
-1.7591527111,-1.223021406,1.2259711135,-1.8671129783,2.2679464988,2.6786350292,2.8314770649,0.0109290806,0.0211562749
-1.7577280289,-1.2231141398,1.2253373429,-1.8686354767,2.2678628533,2.6784600895,2.8311316701,0.0109290806,0.0211562749
-1.7563023983,-1.2232078761,1.2247027843,-1.8701579761,2.2677772621,2.6782858653,2.8307879387,0.0109290806,0.0211562749
-1.754875802,-1.2233026336,1.2240674249,-1.8716804763,2.2676896898,2.6781123705,2.8304459008,0.0109290806,0.0211562749
-1.7534482228,-1.2233984307,1.2234312517,-1.8732029773,2.2676001006,2.6779396189,2.8301055867,0.0109290806,0.0211562749
-1.7520196437,-1.2234952856,1.2227942515,-1.8747254792,2.2675084594,2.677767624,2.8297670264,0.0109290806,0.0211562749
-1.7505900482,-1.2235932157,1.2221564117,-1.876247982,2.2674147321,2.6775963987,2.829430249,0.0109290806,0.0211562749
-1.7491594208,-1.2236922379,1.2215177199,-1.8777704859,2.267318886,2.677425955,2.8290952825,0.0109290806,0.0211562749
-1.7477277467,-1.2237923679,1.2208781644,-1.8792929905,2.2672208902,2.6772563044,2.8287621535,0.0109290806,0.0211562749
-1.7462950146,-1.22389362,1.2202377352,-1.8808154938,2.2671207163,2.6770874576,2.8284308871,0.0109290806,0.0211562749
-1.744861295,-1.2239959998,1.2195964602,-1.8823379095,2.2670183479,2.6769194321,2.828101521,0.0109290806,0.0211562749
-1.7434267724,-1.2240995004,1.2189544194,-1.8838600352,2.266913785,2.676752255,2.827774111,0.0109290806,0.0211562749
-1.7419916449,-1.2242041121,1.2183116997,-1.8853816558,2.2668070323,2.6765859533,2.8274487121,0.0109290806,0.0211562749
-1.7405561128,-1.2243098233,1.2176683896,-1.8869025557,2.2666980983,2.6764205526,2.8271253764,0.0109290806,0.0211562749
-1.7391203785,-1.2244166204,1.217024579,-1.8884225193,2.2665869952,2.6762560771,2.8268041527,0.0109290806,0.0211562749
-1.7376846463,-1.224524488,1.2163803594,-1.8899413307,2.2664737389,2.6760925499,2.8264850868,0.0109290806,0.0211562749
-1.7362491228,-1.2246334085,1.2157358241,-1.8914587733,2.2663583496,2.6759299923,2.826168221,0.0109290806,0.0211562749
-1.7348140173,-1.2247433622,1.2150910681,-1.8929746304,2.2662408513,2.6757684244,2.8258535944,0.0109290806,0.0211562749
-1.733379541,-1.2248543272,1.2144461883,-1.8944886847,2.2661212725,2.6756078646,2.8255412421,0.0109290806,0.0211562749
-1.7319459083,-1.2249662792,1.2138012835,-1.8960007186,2.2659996462,2.67544833,2.8252311959,0.0109290806,0.0211562749
-1.7305133359,-1.2250791918,1.2131564546,-1.8975105137,2.2658760103,2.6752898356,2.8249234833,0.0109290806,0.0211562749
-1.7290820437,-1.2251930355,1.2125118046,-1.8990178513,2.2657504076,2.6751323951,2.8246181278,0.0109290806,0.0211562749
-1.7276522545,-1.2253077785,1.2118674389,-1.9005225118,2.265622886,2.6749760201,2.8243151485,0.0109290806,0.0211562749
-1.7262241942,-1.225423386,1.2112234653,-1.9020242755,2.2654934992,2.6748207203,2.8240145599,0.0109290806,0.0211562749
-1.7247980922,-1.2255398203,1.2105799939,-1.9035229218,2.2653623066,2.6746665033,2.8237163717,0.0109290806,0.0211562749
-1.723374181,-1.2256570405,1.2099371373,-1.9050182298,2.2652293736,2.6745133746,2.8234205885,0.0109290806,0.0211562749
-1.7219526961,-1.2257750027,1.2092950107,-1.9065099786,2.2650947721,2.6743613373,2.8231272094,0.0109290806,0.0211562749
-1.7205338764,-1.2258936594,1.2086537316,-1.907997947,2.26495858,2.6742103923,2.8228362284,0.0109290806,0.0211562749
-1.719117963,-1.2260129602,1.2080134197,-1.909481915,2.2648208818,2.6740605379,2.8225476336,0.0109290806,0.0211562749
-1.7177051986,-1.2261328514,1.2073741964,-1.9109616633,2.2646817681,2.6739117697,2.8222614076,0.0109290806,0.0211562749
-1.7162958269,-1.2262532767,1.2067361844,-1.9124369754,2.2645413349,2.6737640813,2.8219775278,0.0109290806,0.0211562749
-1.7148900901,-1.2263741776,1.2060995064,-1.9139076381,2.2643996826,2.673617464,2.8216959669,0.0109290806,0.0211562749
-1.7134882268,-1.2264954943,1.2054642842,-1.9153734437,2.2642569141,2.6734719074,2.8214166938,0.0109290806,0.0211562749
-1.7120904689,-1.2266171677,1.2048306365,-1.9168341919,2.2641131322,2.6733274,2.8211396756,0.0109290806,0.0211562749
-1.7106970374,-1.2267391407,1.2041986767,-1.9182896923,2.263968436,2.6731839309,2.8208648798,0.0109290806,0.0211562749
-1.7093081351,-1.2268613617,1.2035685093,-1.9197397692,2.2638229152,2.6730414906,2.8205922774,0.0109290806,0.0211562749
-1.7079239379,-1.2269837886,1.2029402246,-1.9211842677,2.2636766428,2.672900074,2.8203218485,0.0109290806,0.0211562749
-1.7065445945,-1.2271063921,1.2023138979,-1.9226230502,2.2635296686,2.6727596828,2.8200535871,0.0109290806,0.0211562749
-1.705170232,-1.2272291565,1.201689592,-1.9240559891,2.2633820168,2.6726203281,2.8197875063,0.0109290806,0.0211562749
-1.7038009657,-1.2273520782,1.2010673617,-1.9254829573,2.263233689,2.6724820303,2.8195236379,0.0109290806,0.0211562749
-1.7024369115,-1.2274751621,1.2004472601,-1.9269038181,2.2630846704,2.6723448181,2.8192620301,0.0109290806,0.0211562749
-1.7010781957,-1.2275984164,1.1998293441,-1.9283184195,2.2629349386,2.6722087254,2.8190027414,0.0109290806,0.0211562749
-1.6997249621,-1.2277218484,1.1992136786,-1.9297265905,2.2627844716,2.6720737888,2.8187458351,0.0109290806,0.0211562749
-1.6983773742,-1.2278454615,1.1986003379,-1.9311281416,2.2626332543,2.6719400444,2.8184913739,0.0109290806,0.0211562749
-1.6970356153,-1.2279692527,1.1979894066,-1.9325228679,2.2624812817,2.6718075265,2.8182394163,0.0109290806,0.0211562749
-1.6956998856,-1.228093213,1.1973809781,-1.9339105517,2.2623285604,2.6716762662,2.8179900146,0.0109290806,0.0211562749
-1.6943703994,-1.2282173265,1.196775153,-1.935290966,2.2621751083,2.6715462909,2.817743214,0.0109290806,0.0211562749
-1.6930473818,-1.228341572,1.1961720383,-1.9366638779,2.2620209536,2.6714176246,2.8174990533,0.0109290806,0.0211562749
-1.691731066,-1.2284659234,1.195571745,-1.9380290499,2.2618661331,2.6712902879,2.8172575648,0.0109290806,0.0211562749
-1.690421691,-1.2285903506,1.1949743875,-1.9393862426,2.2617106909,2.6711642988,2.8170187759,0.0109290806,0.0211562749
-1.6891194994,-1.2287148205,1.1943800823,-1.9407352152,2.2615546761,2.6710396729,2.8167827099,0.0109290806,0.0211562749
-1.6878247362,-1.2288392981,1.1937889471,-1.9420757267,2.2613981423,2.6709164238,2.8165493868,0.0109290806,0.0211562749
-1.6865376471,-1.2289637464,1.1932011001,-1.9434075368,2.2612411455,2.6707945639,2.8163188241,0.0109290806,0.0211562749
-1.6852584783,-1.2290881279,1.1926166595,-1.9447304057,2.2610837435,2.6706741045,2.816091038,0.0109290806,0.0211562749
-1.6839874754,-1.2292124044,1.1920357435,-1.9460440948,2.2609259951,2.6705550561,2.8158660438,0.0109290806,0.0211562749
-1.6827248829,-1.2293365376,1.1914584691,-1.9473483667,2.2607679588,2.6704374291,2.8156438565,0.0109290806,0.0211562749
-1.6814709437,-1.2294604899,1.1908849528,-1.9486429853,2.2606096926,2.6703212336,2.8154244912,0.0109290806,0.0211562749
-1.680225899,-1.2295842239,1.1903153098,-1.949927716,2.2604512533,2.67020648,2.8152079638,0.0109290806,0.0211562749
-1.6789899879,-1.2297077032,1.189749654,-1.9512023257,2.2602926964,2.670093179,2.814994291,0.0109290806,0.0211562749
-1.6777634454,-1.2298308926,1.1891880973,-1.9524665845,2.2601340751,2.6699813413,2.8147834905,0.0109290806,0.0211562749
-1.6765464233,-1.2299537656,1.188630713,-1.9537203482,2.2599754311,2.6698709708,2.8145755665,0.0109290806,0.0211562749
-1.6753389588,-1.2300763077,1.1880775222,-1.9549635897,2.2598167902,2.669762061,2.8143705042,0.0109290806,0.0211562749
-1.6741410746,-1.2301985069,1.1875285384,-1.9561962961,2.259658174,2.6696546053,2.8141682892,0.0109290806,0.0211562749
-1.6729527905,-1.2303203532,1.186983774,-1.9574184557,2.2594996013,2.6695485982,2.8139689087,0.0109290806,0.0211562749
-1.6717741237,-1.2304418376,1.1864432394,-1.9586300583,2.2593410879,2.6694440349,2.813772352,0.0109290806,0.0211562749
-1.670605089,-1.2305629531,1.1859069435,-1.9598310949,2.2591826469,2.6693409117,2.8135786106,0.0109290806,0.0211562749
-1.6694456985,-1.2306836938,1.185374894,-1.9610215577,2.2590242886,2.6692392257,2.8133876779,0.0109290806,0.0211562749
-1.6682959619,-1.2308040556,1.1848470966,-1.9622014403,2.2588660203,2.6691389751,2.8131995493,0.0109290806,0.0211562749
-1.6671558862,-1.2309240359,1.1843235558,-1.9633707374,2.2587078467,2.669040159,2.8130142223,0.0109290806,0.0211562749
-1.6660254763,-1.2310436334,1.1838042747,-1.964529445,2.2585497697,2.6689427776,2.8128316964,0.0109290806,0.0211562749
-1.6649047341,-1.2311628487,1.1832892547,-1.9656775602,2.258391788,2.668846832,2.8126519732,0.0109290806,0.0211562749
-1.6637936584,-1.2312816839,1.1827784954,-1.9668150823,2.2582338977,2.6687523243,2.8124750562,0.0109290806,0.0211562749
-1.6626922436,-1.2314001427,1.182271994,-1.9679420135,2.2580760914,2.6686592575,2.8123009508,0.0109290806,0.0211562749
-1.6616004797,-1.2315182311,1.1817697454,-1.9690583591,2.2579183584,2.6685676356,2.8121296645,0.0109290806,0.0211562749
-1.6605183532,-1.2316359565,1.1812717427,-1.9701641265,2.2577606849,2.6684774636,2.8119612067,0.0109290806,0.0211562749
-1.6594458471,-1.2317533282,1.180777977,-1.9712593252,2.257603054,2.6683887477,2.8117955887,0.0109290806,0.0211562749
-1.6583829421,-1.2318703569,1.1802884379,-1.9723439658,2.2574454458,2.6683014949,2.8116328243,0.0109290806,0.0211562749
-1.6573296166,-1.2319870549,1.179803114,-1.9734180597,2.2572878379,2.6682157133,2.8114729288,0.0109290806,0.0211562749
-1.6562858481,-1.2321034356,1.1793219931,-1.9744816185,2.2571302055,2.6681314121,2.8113159196,0.0109290806,0.0211562749
-1.6552516138,-1.2322195133,1.1788450627,-1.9755346529,2.2569725226,2.6680486013,2.8111618156,0.0109290806,0.0211562749
-1.6542268924,-1.2323353024,1.1783723113,-1.9765771717,2.2568147622,2.6679672913,2.8110106363,0.0109290806,0.0211562749
-1.6532116657,-1.2324508171,1.1779037287,-1.9776091807,2.2566568984,2.6678874929,2.8108624018,0.0109290806,0.0211562749
-1.652205922,-1.2325660696,1.1774393082,-1.9786306803,2.2564989081,2.6678092165,2.8107171308,0.0109290806,0.0211562749
-1.6512096587,-1.232681069,1.176979048,-1.9796416639,2.2563407742,2.6677324712,2.810574839,0.0109290806,0.0211562749
-1.6502228867,-1.2327958191,1.1765229536,-1.9806421149,2.2561824889,2.6676572635,2.8104355371,0.0109290806,0.0211562749
-1.6492456378,-1.2329103154,1.1760710419,-1.9816320022,2.2560240593,2.6675835962,2.8102992269,0.0109290806,0.0211562749
-1.6482779731,-1.233024541,1.1756233453,-1.9826112742,2.2558655148,2.6675114657,2.8101658973,0.0109290806,0.0211562749
-1.6473199836,-1.2331384638,1.1751799135,-1.9835798619,2.2557069131,2.6674408593,2.8100355183,0.0109290806,0.0211562749
-1.6463717841,-1.2332520352,1.1747408099,-1.9845376863,2.2555483417,2.6673717531,2.8099080376,0.0109290806,0.0211562749
-1.6454335026,-1.2333651928,1.1743061075,-1.9854846683,2.2553899149,2.6673041122,2.8097833804,0.0109290806,0.0211562749
-1.6445052686,-1.2334778639,1.1738758819,-1.986420738,2.2552317667,2.667237892,2.8096614534,0.0109290806,0.0211562749
-1.6435872023,-1.2335899708,1.1734502055,-1.9873458413,2.2550740411,2.6671730414,2.8095421502,0.0109290806,0.0211562749
-1.6426794073,-1.233701436,1.1730291433,-1.9882599431,2.2549168832,2.6671095058,2.809425359,0.0109290806,0.0211562749
-1.6417819677,-1.2338121854,1.1726127507,-1.9891630264,2.2547604325,2.6670472303,2.8093109673,0.0109290806,0.0211562749
-1.6408949481,-1.2339221508,1.1722010731,-1.9900550903,2.2546048182,2.6669861619,2.8091988673,0.0109290806,0.0211562749
-1.6400183958,-1.2340312708,1.1717941463,-1.9909361465,2.2544501574,2.6669262506,2.8090889578,0.0109290806,0.0211562749
-1.6391523434,-1.2341394908,1.1713919978,-1.9918062157,2.2542965543,2.6668674503,2.8089811459,0.0109290806,0.0211562749
-1.6382968116,-1.2342467632,1.1709946486,-1.9926653254,2.2541441013,2.6668097189,2.808875347,0.0109290806,0.0211562749
-1.6374518118,-1.234353046,1.1706021138,-1.993513507,2.2539928791,2.6667530184,2.8087714849,0.0109290806,0.0211562749
-1.6366173484,-1.2344583027,1.1702144041,-1.9943507945,2.253842959,2.6666973146,2.8086694912,0.0109290806,0.0211562749
-1.6357934202,-1.2345625017,1.1698315266,-1.9951772228,2.2536944029,2.6666425766,2.8085693041,0.0109290806,0.0211562749
-1.6349800221,-1.234665615,1.1694534859,-1.9959928274,2.2535472657,2.6665887766,2.8084708687,0.0109290806,0.0211562749
-1.6341771461,-1.2347676185,1.1690802842,-1.9967976432,2.2534015951,2.6665358899,2.8083741352,0.0109290806,0.0211562749
-1.6333847818,-1.2348684907,1.1687119221,-1.9975917047,2.2532574335,2.6664838937,2.8082790592,0.0109290806,0.0211562749
-1.6326029176,-1.2349682131,1.1683483988,-1.9983750451,2.2531148183,2.6664327679,2.8081856003,0.0109290806,0.0211562749
-1.6318315407,-1.235066769,1.1679897128,-1.9991476964,2.2529737824,2.6663824941,2.8080937223,0.0109290806,0.0211562749
-1.6310706375,-1.2351641439,1.1676358615,-1.9999096896,2.2528343554,2.6663330555,2.8080033923,0.0109290806,0.0211562749
-1.6303201942,-1.2352603248,1.1672868419,-2.0006610543,2.2526965633,2.6662844372,2.8079145804,0.0109290806,0.0211562749
-1.6295801967,-1.2353553002,1.1669426506,-2.0014018186,2.2525604295,2.6662366251,2.8078272595,0.0109290806,0.0211562749
-1.6288506309,-1.2354490599,1.1666032838,-2.0021320095,2.2524259751,2.6661896068,2.8077414047,0.0109290806,0.0211562749
-1.6281314828,-1.2355415946,1.1662687375,-2.0028516528,2.2522932188,2.6661433707,2.8076569934,0.0109290806,0.0211562749
-1.6274227385,-1.2356328962,1.1659390075,-2.0035607729,2.2521621775,2.6660979063,2.8075740049,0.0109290806,0.0211562749
-1.6267243844,-1.2357229573,1.1656140895,-2.0042593931,2.2520328665,2.6660532037,2.8074924201,0.0109290806,0.0211562749
-1.6260364072,-1.2358117713,1.1652939794,-2.0049475358,2.2519052997,2.6660092541,2.8074122214,0.0109290806,0.0211562749
-1.6253587937,-1.2358993322,1.1649786727,-2.005625222,2.2517794895,2.6659660491,2.8073333927,0.0109290806,0.0211562749
-1.6246915314,-1.2359856345,1.1646681651,-2.006292472,2.2516554472,2.6659235812,2.8072559191,0.0109290806,0.0211562749
-1.6240346077,-1.2360706735,1.1643624523,-2.0069493051,2.2515331833,2.6658818432,2.8071797867,0.0109290806,0.0211562749
-1.6233880105,-1.2361544447,1.16406153,-2.0075957397,2.2514127069,2.6658408286,2.8071049827,0.0109290806,0.0211562749
-1.6227517282,-1.2362369442,1.163765394,-2.0082317935,2.2512940268,2.6658005312,2.8070314953,0.0109290806,0.0211562749
-1.622125749,-1.2363181683,1.1634740399,-2.0088574834,2.2511771506,2.6657609455,2.8069593134,0.0109290806,0.0211562749
-1.6215100618,-1.2363981139,1.1631874638,-2.0094728257,2.2510620854,2.6657220661,2.8068884266,0.0109290806,0.0211562749
-1.6209046567,-1.2364767777,1.1629056618,-2.0100778348,2.2509488379,2.665683888,2.8068188255,0.0109290806,0.0211562749
-1.6203095261,-1.2365541568,1.1626286314,-2.0106725229,2.2508374145,2.665646407,2.8067505015,0.0109290806,0.0211562749
-1.6197246641,-1.236630248,1.1623563707,-2.0112568997,2.2507278218,2.6656096188,2.8066834465,0.0109290806,0.0211562749
-1.619150067,-1.2367050483,1.1620888788,-2.0118309728,2.2506200658,2.6655735198,2.8066176533,0.0109290806,0.0211562749
-1.618585732,-1.2367785547,1.1618261551,-2.0123947484,2.2505141526,2.6655381066,2.8065531153,0.0109290806,0.0211562749
-1.6180316577,-1.2368507642,1.1615681997,-2.0129482316,2.2504100882,2.6655033758,2.806489826,0.0109290806,0.0211562749
-1.6174878433,-1.2369216739,1.1613150127,-2.0134914261,2.2503078782,2.6654693247,2.8064277798,0.0109290806,0.0211562749
-1.6169542886,-1.236991281,1.1610665949,-2.0140243352,2.2502075281,2.6654359503,2.8063669712,0.0109290806,0.0211562749
-1.6164309943,-1.2370595826,1.160822947,-2.0145469612,2.2501090433,2.6654032501,2.8063073951,0.0109290806,0.0211562749
-1.6159179612,-1.2371265762,1.1605840701,-2.0150593058,2.2500124289,2.6653712217,2.8062490468,0.0109290806,0.0211562749
-1.6154151907,-1.2371922592,1.1603499653,-2.0155613703,2.2499176899,2.6653398628,2.8061919219,0.0109290806,0.0211562749
-1.6149226847,-1.2372566289,1.160120634,-2.0160531551,2.2498248311,2.6653091712,2.806136016,0.0109290806,0.0211562749
-1.6144404454,-1.2373196829,1.1598960776,-2.0165346606,2.2497338571,2.665279145,2.8060813254,0.0109290806,0.0211562749
-1.6139684752,-1.2373814189,1.1596762978,-2.0170058864,2.2496447724,2.6652497823,2.8060278464,0.0109290806,0.0211562749
-1.613506777,-1.2374418345,1.1594612964,-2.0174668317,2.2495575815,2.6652210814,2.8059755755,0.0109290806,0.0211562749
-1.6130553543,-1.2375009273,1.1592510753,-2.0179174951,2.2494722887,2.6651930406,2.8059245095,0.0109290806,0.0211562749
-1.6126142106,-1.2375586951,1.1590456366,-2.0183578748,2.249388898,2.6651656584,2.8058746454,0.0109290806,0.0211562749
-1.6121833504,-1.2376151357,1.1588449828,-2.0187879684,2.2493074136,2.6651389335,2.8058259806,0.0109290806,0.0211562749
-1.6117627783,-1.2376702467,1.1586491163,-2.0192077729,2.2492278396,2.6651128644,2.8057785124,0.0109290806,0.0211562749
-1.6113524997,-1.237724026,1.15845804,-2.0196172844,2.2491501799,2.6650874502,2.8057322385,0.0109290806,0.0211562749
-1.6109525206,-1.2377764712,1.158271757,-2.0200164987,2.2490744386,2.6650626896,2.8056871568,0.0109290806,0.0211562749
-1.6105628479,-1.2378275802,1.1580902708,-2.0204054102,2.2490006197,2.6650385819,2.8056432654,0.0109290806,0.0211562749
-1.6101834892,-1.2378773505,1.1579135853,-2.020784013,2.2489287271,2.665015126,2.8056005626,0.0109290806,0.0211562749
-1.6098144532,-1.2379257797,1.1577417047,-2.0211522996,2.2488587652,2.6649923213,2.805559047,0.0109290806,0.0211562749
-1.6094557495,-1.2379728654,1.1575746338,-2.0215102616,2.248790738,2.6649701672,2.8055187173,0.0109290806,0.0211562749
-1.6091073893,-1.2380186049,1.1574123781,-2.0218578893,2.2487246499,2.6649486634,2.8054795725,0.0109290806,0.0211562749
-1.6087693851,-1.2380629955,1.1572549436,-2.0221951712,2.2486605055,2.6649278093,2.805441612,0.0109290806,0.0211562749
-1.6084417514,-1.2381060342,1.1571023373,-2.0225220942,2.2485983096,2.6649076049,2.8054048353,0.0109290806,0.0211562749
-1.6081245044,-1.2381477178,1.156954567,-2.022838643,2.2485380672,2.6648880503,2.8053692424,0.0109290806,0.0211562749
-1.6078176631,-1.2381880429,1.1568116417,-2.0231447998,2.2484797839,2.6648691455,2.8053348334,0.0109290806,0.0211562749
-1.6075212489,-1.2382270056,1.1566735716,-2.0234405443,2.2484234656,2.664850891,2.805301609,0.0109290806,0.0211562749
-1.6072352857,-1.2382646021,1.156540368,-2.0237258534,2.2483691186,2.6648332874,2.8052695701,0.0109290806,0.0211562749
-1.6069597969,-1.2383008282,1.1564120421,-2.0240007049,2.248316749,2.6648163353,2.8052387177,0.0109290806,0.0211562749
-1.6066947832,-1.2383356831,1.1562885943,-2.0242650989,2.2482663586,2.6648000338,2.8052090503,0.0109290806,0.0211562749
-1.6064401361,-1.2383691804,1.1561699741,-2.0245191444,2.2482179281,2.6647843757,2.8051805543,0.0109290806,0.0211562749
-1.6061956401,-1.2384013478,1.1560560815,-2.024763057,2.2481714177,2.6647693471,2.8051532047,0.0109290806,0.0211562749
-1.6059610973,-1.2384322107,1.1559468242,-2.0249970349,2.2481267908,2.6647549353,2.805126978,0.0109290806,0.0211562749
-1.6057363027,-1.2384617956,1.1558421069,-2.0252212829,2.2480840095,2.6647411271,2.8051018504,0.0109290806,0.0211562749
-1.6055210516,-1.238490129,1.1557418344,-2.0254360059,2.2480430359,2.6647279094,2.8050777981,0.0109290806,0.0211562749
-1.6053151391,-1.2385172373,1.1556459113,-2.0256414089,2.2480038318,2.6647152693,2.8050547971,0.0109290806,0.0211562749
-1.6051183603,-1.238543147,1.1555542423,-2.0258376966,2.2479663591,2.6647031936,2.8050328237,0.0109290806,0.0211562749
-1.6049305104,-1.2385678847,1.1554667321,-2.0260250738,2.2479305798,2.6646916695,2.8050118543,0.0109290806,0.0211562749
-1.6047513846,-1.2385914769,1.1553832853,-2.0262037454,2.2478964556,2.6646806838,2.8049918652,0.0109290806,0.0211562749
-1.6045807779,-1.2386139502,1.1553038065,-2.026373916,2.2478639482,2.6646702237,2.8049728327,0.0109290806,0.0211562749
-1.6044184855,-1.2386353312,1.1552282003,-2.0265357905,2.2478330192,2.6646602763,2.8049547333,0.0109290806,0.0211562749
-1.6042643024,-1.2386556466,1.1551563714,-2.0266895737,2.2478036305,2.6646508285,2.8049375435,0.0109290806,0.0211562749
-1.6041180236,-1.2386749231,1.1550882244,-2.0268354704,2.2477757434,2.6646418676,2.8049212398,0.0109290806,0.0211562749
-1.6039794441,-1.2386931873,1.1550236637,-2.0269736855,2.2477493196,2.6646333807,2.8049057987,0.0109290806,0.0211562749
-1.6038483587,-1.238710466,1.1549625939,-2.0271044238,2.2477243204,2.6646253549,2.8048911967,0.0109290806,0.0211562749
-1.6037245623,-1.2387267859,1.1549049195,-2.0272278902,2.2477007074,2.6646177773,2.8048774106,0.0109290806,0.0211562749
-1.6036078496,-1.2387421739,1.1548505448,-2.0273442898,2.247678442,2.6646106352,2.8048644169,0.0109290806,0.0211562749
-1.6034980153,-1.2387566568,1.1547993743,-2.0274538277,2.2476574853,2.6646039156,2.8048521922,0.0109290806,0.0211562749
-1.6033948538,-1.2387702613,1.1547513122,-2.027556709,2.2476377987,2.6645976059,2.8048407133,0.0109290806,0.0211562749
-1.6032981597,-1.2387830145,1.154706263,-2.027653139,2.2476193435,2.6645916932,2.8048299568,0.0109290806,0.0211562749
-1.6032077271,-1.2387949432,1.1546641306,-2.0277433231,2.2476020806,2.6645861648,2.8048198995,0.0109290806,0.0211562749
-1.6031233502,-1.2388060743,1.1546248194,-2.0278274668,2.2475859714,2.6645810077,2.804810518,0.0109290806,0.0211562749
-1.603044823,-1.2388164349,1.1545882332,-2.0279057757,2.2475709767,2.6645762093,2.8048017891,0.0109290806,0.0211562749
-1.6029719392,-1.2388260519,1.1545542762,-2.0279784559,2.2475570577,2.6645717568,2.8047936895,0.0109290806,0.0211562749
-1.6029044925,-1.2388349525,1.1545228521,-2.0280457131,2.2475441751,2.6645676374,2.8047861959,0.0109290806,0.0211562749
-1.6028422761,-1.2388431637,1.1544938647,-2.0281077538,2.2475322898,2.6645638383,2.8047792851,0.0109290806,0.0211562749
-1.6027850833,-1.2388507127,1.1544672177,-2.0281647842,2.2475213627,2.6645603467,2.8047729338,0.0109290806,0.0211562749
-1.6027327067,-1.2388576268,1.1544428145,-2.0282170113,2.2475113543,2.6645571498,2.8047671187,0.0109290806,0.0211562749
-1.6026849391,-1.238863933,1.1544205586,-2.0282646419,2.2475022254,2.6645542349,2.8047618165,0.0109290806,0.0211562749
-1.6026415727,-1.2388696588,1.1544003531,-2.0283078834,2.2474939365,2.6645515891,2.804757004,0.0109290806,0.0211562749
-1.6026023992,-1.2388748315,1.1543821011,-2.0283469434,2.247486448,2.6645491997,2.8047526577,0.0109290806,0.0211562749
-1.6025672102,-1.2388794786,1.1543657055,-2.02838203,2.2474797203,2.6645470537,2.8047487544,0.0109290806,0.0211562749
-1.6025357968,-1.2388836274,1.154351069,-2.0284133516,2.2474737136,2.6645451384,2.8047452707,0.0109290806,0.0211562749
-1.6025079495,-1.2388873056,1.154338094,-2.0284411171,2.2474683882,2.6645434409,2.8047421832,0.0109290806,0.0211562749
-1.6024834583,-1.2388905409,1.1543266826,-2.028465536,2.2474637039,2.6645419482,2.8047394684,0.0109290806,0.0211562749
-1.6024621126,-1.2388933609,1.1543167368,-2.0284868183,2.2474596207,2.6645406476,2.8047371027,0.0109290806,0.0211562749
-1.6024437013,-1.2388957935,1.1543081582,-2.0285051748,2.2474560984,2.664539526,2.8047350627,0.0109290806,0.0211562749
-1.6024280123,-1.2388978666,1.154300848,-2.0285208169,2.2474530964,2.6645385704,2.8047333248,0.0109290806,0.0211562749
-1.6024148328,-1.2388996083,1.154294707,-2.0285339567,2.2474505744,2.6645377678,2.8047318652,0.0109290806,0.0211562749
-1.602403949,-1.2389010467,1.1542896357,-2.0285448077,2.2474484913,2.6645371052,2.80473066,0.0109290806,0.0211562749
-1.6023951459,-1.2389022103,1.1542855338,-2.028553584,2.2474468063,2.6645365694,2.8047296855,0.0109290806,0.0211562749
-1.6023882074,-1.2389031275,1.1542823008,-2.0285605014,2.2474454779,2.6645361471,2.8047289176,0.0109290806,0.0211562749
-1.6023829157,-1.2389038271,1.1542798351,-2.0285657769,2.2474444647,2.6645358252,2.8047283321,0.0109290806,0.0211562749
-1.6023790513,-1.238904338,1.1542780344,-2.0285696294,2.2474437247,2.6645355901,2.8047279046,0.0109290806,0.0211562749
-1.6023763929,-1.2389046895,1.1542767957,-2.0285722796,2.2474432156,2.6645354285,2.8047276106,0.0109290806,0.0211562749
-1.6023747165,-1.2389049112,1.1542760146,-2.0285739507,2.2474428945,2.6645353265,2.8047274252,0.0109290806,0.0211562749
-1.6023737957,-1.238905033,1.1542755855,-2.0285748687,2.247442718,2.6645352706,2.8047273235,0.0109290806,0.0211562749
-1.6023734015,-1.2389050852,1.1542754018,-2.0285752616,2.2474426425,2.6645352466,2.8047272799,0.0109290806,0.0211562749
-1.6023733057,-1.2389050978,1.1542753571,-2.0285753572,2.2474426241,2.6645352408,2.8047272693,0.0109290806,0.0211562749
-1.6023733025,-1.2389050983,1.1542753557,-2.0285753603,2.2474426235,2.6645352406,2.804727269,0.0109290806,0.0211562749
-1.6023732956,-1.2389050992,1.1542753525,-2.0285753672,2.2474426222,2.6645352402,2.8047272682,0.0109290806,0.0211562749
-1.6023732956,-1.2389050992,1.1542753525,-2.0285753672,2.2474426222,2.6645352402,2.8047272682,0.0109290806,0.0211562749
-1.6023732956,-1.2389050992,1.1542753525,-2.0285753672,2.2474426222,2.6645352402,2.8047272682,0.0109290806,0.0211562749
-1.6023732956,-1.2389050992,1.1542753525,-2.0285753672,2.2474426222,2.6645352402,2.8047272682,0.0109290806,0.0211562749
-1.6023732956,-1.2389050992,1.1542753525,-2.0285753672,2.2474426222,2.6645352402,2.8047272682,0.0109290806,0.0211562749
-1.6023732956,-1.2389050992,1.1542753525,-2.0285753672,2.2474426222,2.6645352402,2.8047272682,0.0109290806,0.0211562749
-1.6023732956,-1.2389050992,1.1542753525,-2.0285753672,2.2474426222,2.6645352402,2.8047272682,0.0109290806,0.0211562749
-1.6023732956,-1.2389050992,1.1542753525,-2.0285753672,2.2474426222,2.6645352402,2.8047272682,0.0109290806,0.0211562749
-1.6023732956,-1.2389050992,1.1542753525,-2.0285753672,2.2474426222,2.6645352402,2.8047272682,0.0109290806,0.0211562749
-1.6023732956,-1.2389050992,1.1542753525,-2.0285753672,2.2474426222,2.6645352402,2.8047272682,0.0109290806,0.0211562749
-1.6023732956,-1.2389050992,1.1542753525,-2.0285753672,2.2474426222,2.6645352402,2.8047272682,0.0109290806,0.0211562749
-1.6023732956,-1.2389050992,1.1542753525,-2.0285753672,2.2474426222,2.6645352402,2.8047272682,0.0109290806,0.0211562749
-1.6023732956,-1.2389050992,1.1542753525,-2.0285753672,2.2474426222,2.6645352402,2.8047272682,0.0109290806,0.0211562749
-1.6023732956,-1.2389050992,1.1542753525,-2.0285753672,2.2474426222,2.6645352402,2.8047272682,0.0109290806,0.0211562749
-1.6023732956,-1.2389050992,1.1542753525,-2.0285753672,2.2474426222,2.6645352402,2.8047272682,0.0109290806,0.0211562749
-1.6023732956,-1.2389050992,1.1542753525,-2.0285753672,2.2474426222,2.6645352402,2.8047272682,0.0109290806,0.0211562749
-1.6023732956,-1.2389050992,1.1542753525,-2.0285753672,2.2474426222,2.6645352402,2.8047272682,0.0109290806,0.0211562749
-1.6023732956,-1.2389050992,1.1542753525,-2.0285753672,2.2474426222,2.6645352402,2.8047272682,0.0109290806,0.0211562749
-1.6023732956,-1.2389050992,1.1542753525,-2.0285753672,2.2474426222,2.6645352402,2.8047272682,0.0109290806,0.0211562749
-1.6023732956,-1.2389050992,1.1542753525,-2.0285753672,2.2474426222,2.6645352402,2.8047272682,0.0109290806,0.0211562749
-1.6023732956,-1.2389050992,1.1542753525,-2.0285753672,2.2474426222,2.6645352402,2.8047272682,0.0109290806,0.0211562749
-1.6023732956,-1.2389050992,1.1542753525,-2.0285753672,2.2474426222,2.6645352402,2.8047272682,0.0109290806,0.0211562749
-1.6023732956,-1.2389050992,1.1542753525,-2.0285753672,2.2474426222,2.6645352402,2.8047272682,0.0109290806,0.0211562749
-1.6023732956,-1.2389050992,1.1542753525,-2.0285753672,2.2474426222,2.6645352402,2.8047272682,0.0109290806,0.0211562749
-1.6023732956,-1.2389050992,1.1542753525,-2.0285753672,2.2474426222,2.6645352402,2.8047272682,0.0109290806,0.0211562749
-1.6023732956,-1.2389050992,1.1542753525,-2.0285753672,2.2474426222,2.6645352402,2.8047272682,0.0109290806,0.0211562749
-1.6023732956,-1.2389050992,1.1542753525,-2.0285753672,2.2474426222,2.6645352402,2.8047272682,0.0109290806,0.0211562749
-1.6023732956,-1.2389050992,1.1542753525,-2.0285753672,2.2474426222,2.6645352402,2.8047272682,0.0109290806,0.0211562749
-1.6023732956,-1.2389050992,1.1542753525,-2.0285753672,2.2474426222,2.6645352402,2.8047272682,0.0109290806,0.0211562749
