1.9781048471,-0.783725419,-0.6380296312,-2.4029924186,-2.2333761194,2.5681039615,-0.5206900605,0.0110657305,0.0036944315
1.9781048471,-0.783725419,-0.6380296312,-2.4029924186,-2.2333761194,2.5681039615,-0.5206900605,0.0110657305,0.0036944315
1.9781048471,-0.783725419,-0.6380296312,-2.4029924186,-2.2333761194,2.5681039615,-0.5206900605,0.0110657305,0.0036944315
1.9781048471,-0.783725419,-0.6380296312,-2.4029924186,-2.2333761194,2.5681039615,-0.5206900605,0.0110657305,0.0036944315
1.9781048471,-0.783725419,-0.6380296312,-2.4029924186,-2.2333761194,2.5681039615,-0.5206900605,0.0110657305,0.0036944315
1.9781048471,-0.783725419,-0.6380296312,-2.4029924186,-2.2333761194,2.5681039615,-0.5206900605,0.0110657305,0.0036944315
1.9781048471,-0.783725419,-0.6380296312,-2.4029924186,-2.2333761194,2.5681039615,-0.5206900605,0.0110657305,0.0036944315
1.9781048471,-0.783725419,-0.6380296312,-2.4029924186,-2.2333761194,2.5681039615,-0.5206900605,0.0110657305,0.0036944315
1.9781048471,-0.783725419,-0.6380296312,-2.4029924186,-2.2333761194,2.5681039615,-0.5206900605,0.0110657305,0.0036944315
1.9781048471,-0.783725419,-0.6380296312,-2.4029924186,-2.2333761194,2.5681039615,-0.5206900605,0.0110657305,0.0036944315
1.9781048471,-0.783725419,-0.6380296312,-2.4029924186,-2.2333761194,2.5681039615,-0.5206900605,0.0110657305,0.0036944315
1.9781048471,-0.783725419,-0.6380296312,-2.4029924186,-2.2333761194,2.5681039615,-0.5206900605,0.0110657305,0.0036944315
1.9781048471,-0.783725419,-0.6380296312,-2.4029924186,-2.2333761194,2.5681039615,-0.5206900605,0.0110657305,0.0036944315
1.9781048471,-0.783725419,-0.6380296312,-2.4029924186,-2.2333761194,2.5681039615,-0.5206900605,0.0110657305,0.0036944315
1.9781048471,-0.783725419,-0.6380296312,-2.4029924186,-2.2333761194,2.5681039615,-0.5206900605,0.0110657305,0.0036944315
1.9781048471,-0.783725419,-0.6380296312,-2.4029924186,-2.2333761194,2.5681039615,-0.5206900605,0.0110657305,0.0036944315
1.9781048471,-0.783725419,-0.6380296312,-2.4029924186,-2.2333761194,2.5681039615,-0.5206900605,0.0110657305,0.0036944315
1.9781048471,-0.783725419,-0.6380296312,-2.4029924186,-2.2333761194,2.5681039615,-0.5206900605,0.0110657305,0.0036944315
1.9781048471,-0.783725419,-0.6380296312,-2.4029924186,-2.2333761194,2.5681039615,-0.5206900605,0.0110657305,0.0036944315
1.9781048471,-0.783725419,-0.6380296312,-2.4029924186,-2.2333761194,2.5681039615,-0.5206900605,0.0110657305,0.0036944315
1.9781048471,-0.783725419,-0.6380296312,-2.4029924186,-2.2333761194,2.5681039615,-0.5206900605,0.0110657305,0.0036944315
1.9781048471,-0.783725419,-0.6380296312,-2.4029924186,-2.2333761194,2.5681039615,-0.5206900605,0.0110657305,0.0036944315
1.9781048471,-0.783725419,-0.6380296312,-2.4029924186,-2.2333761194,2.5681039615,-0.5206900605,0.0110657305,0.0036944315
1.9781048471,-0.783725419,-0.6380296312,-2.4029924186,-2.2333761194,2.5681039615,-0.5206900605,0.0110657305,0.0036944315
1.9781048471,-0.783725419,-0.6380296312,-2.4029924186,-2.2333761194,2.5681039615,-0.5206900605,0.0110657305,0.0036944315
1.9781048471,-0.783725419,-0.6380296312,-2.4029924186,-2.2333761194,2.5681039615,-0.5206900605,0.0110657305,0.0036944315
1.9781048471,-0.783725419,-0.6380296312,-2.4029924186,-2.2333761194,2.5681039615,-0.5206900605,0.0110657305,0.0036944315
1.9781048471,-0.783725419,-0.6380296312,-2.4029924186,-2.2333761194,2.5681039615,-0.5206900605,0.0110657305,0.0036944315
1.9781048471,-0.783725419,-0.6380296312,-2.4029924186,-2.2333761194,2.5681039615,-0.5206900605,0.0110657305,0.0036944315
1.9781048471,-0.783725419,-0.6380296312,-2.4029924186,-2.2333761194,2.5681039615,-0.5206900605,0.0110657305,0.0036944315
1.9781048452,-0.7837254178,-0.6380296272,-2.4029924101,-2.2333761055,2.5681039662,-0.5206900732,0.0110657305,0.0036944315
1.9781048209,-0.7837254026,-0.6380295754,-2.4029923011,-2.2333759274,2.5681040267,-0.5206902365,0.0110657305,0.0036944315
1.9781047448,-0.783725355,-0.6380294132,-2.4029919594,-2.2333753688,2.5681042163,-0.5206907485,0.0110657305,0.0036944315
1.9781045914,-0.783725259,-0.638029086,-2.4029912704,-2.2333742427,2.5681045986,-0.5206917808,0.0110657305,0.0036944315
1.9781043323,-0.7837250967,-0.6380285334,-2.4029901064,-2.2333723402,2.5681052445,-0.5206935248,0.0110657305,0.0036944315
1.9781039356,-0.7837248484,-0.6380276877,-2.4029883249,-2.2333694285,2.5681062328,-0.5206961938,0.0110657305,0.0036944315
1.978103372,-0.7837244956,-0.6380264858,-2.4029857933,-2.2333652907,2.5681076374,-0.5206999868,0.0110657305,0.0036944315
1.978102609,-0.7837240178,-0.6380248586,-2.4029823658,-2.2333596886,2.568109539,-0.5207051221,0.0110657305,0.0036944315
1.9781016145,-0.783723395,-0.6380227378,-2.4029778984,-2.2333523868,2.5681120174,-0.5207118154,0.0110657305,0.0036944315
1.9781003564,-0.7837226071,-0.6380200551,-2.4029722471,-2.2333431499,2.5681151526,-0.5207202826,0.0110657305,0.0036944315
1.9780988028,-0.783721634,-0.6380167421,-2.402965268,-2.2333317427,2.5681190242,-0.5207307393,0.0110657305,0.0036944315
1.9780969218,-0.7837204557,-0.6380127306,-2.4029568171,-2.23331793,2.5681237122,-0.520743401,0.0110657305,0.0036944315
1.9780946811,-0.7837190519,-0.6380079522,-2.4029467506,-2.2333014764,2.5681292963,-0.5207584835,0.0110657305,0.0036944315
1.9780920489,-0.7837174027,-0.6380023388,-2.4029349243,-2.2332821467,2.5681358563,-0.5207762027,0.0110657305,0.0036944315
1.9780889931,-0.7837154879,-0.6379958219,-2.4029211943,-2.2332597053,2.568143472,-0.5207967742,0.0110657305,0.0036944315
1.9780854817,-0.7837132873,-0.6379883332,-2.4029054165,-2.2332339168,2.5681522232,-0.520820414,0.0110657305,0.0036944315
1.9780814828,-0.7837107807,-0.6379798045,-2.4028874469,-2.2332045457,2.5681621898,-0.520847338,0.0110657305,0.0036944315
1.9780769642,-0.7837079481,-0.6379701676,-2.4028671415,-2.2331713567,2.5681734515,-0.5208777618,0.0110657305,0.0036944315
1.9780718941,-0.7837047693,-0.6379593542,-2.4028443563,-2.2331341146,2.5681860879,-0.5209119011,0.0110657305,0.0036944315
1.9780662406,-0.7837012242,-0.6379472961,-2.4028189476,-2.2330925841,2.5682001787,-0.5209499716,0.0110657305,0.0036944315
1.9780599717,-0.7836972925,-0.6379339253,-2.4027907716,-2.2330465303,2.5682158034,-0.5209921886,0.0110657305,0.0036944315
1.9780530557,-0.7836929542,-0.6379191739,-2.4027596846,-2.2329957187,2.5682330414,-0.5210387673,0.0110657305,0.0036944315
1.9780454607,-0.7836881891,-0.6379029738,-2.4027255434,-2.2329399146,2.5682519721,-0.5210899227,0.0110657305,0.0036944315
1.978037155,-0.783682977,-0.6378852574,-2.4026882046,-2.2328788838,2.5682726745,-0.5211458695,0.0110657305,0.0036944315
1.9780281069,-0.7836772979,-0.637865957,-2.4026475252,-2.2328123926,2.5682952277,-0.5212068221,0.0110657305,0.0036944315
1.9780182849,-0.7836711315,-0.6378450051,-2.4026033622,-2.2327402072,2.5683197107,-0.5212729948,0.0110657305,0.0036944315
1.9780076574,-0.7836644578,-0.6378223341,-2.402555573,-2.2326620943,2.568346202,-0.5213446015,0.0110657305,0.0036944315
1.977996193,-0.7836572566,-0.6377978769,-2.402504015,-2.2325778209,2.5683747803,-0.5214218559,0.0110657305,0.0036944315
1.9779838602,-0.7836495078,-0.6377715664,-2.4024485459,-2.2324871543,2.5684055239,-0.5215049714,0.0110657305,0.0036944315
1.9779706279,-0.7836411911,-0.6377433355,-2.4023890235,-2.232389862,2.568438511,-0.5215941612,0.0110657305,0.0036944315
1.9779564648,-0.7836322864,-0.6377131174,-2.4023253059,-2.2322857121,2.5684738196,-0.5216896382,0.0110657305,0.0036944315
1.9779413398,-0.7836227734,-0.6376808457,-2.4022572516,-2.2321744729,2.5685115274,-0.5217916145,0.0110657305,0.0036944315
1.9779252222,-0.783612632,-0.637646454,-2.4021847197,-2.232055914,2.5685517114,-0.5219003017,0.0110657305,0.0036944315
1.9779080814,-0.7836018421,-0.637609877,-2.4021075702,-2.2319298066,2.5685944482,-0.5220159097,0.0110657305,0.0036944315
1.9778898874,-0.7835903836,-0.63757105,-2.4020256651,-2.231795925,2.568639813,-0.5221386455,0.0110657305,0.0036944315
1.977870611,-0.783578237,-0.6375299104,-2.40193887,-2.2316540489,2.5686878788,-0.5222687114,0.0110657305,0.0036944315
1.9778502239,-0.783565383,-0.6374863969,-2.4018470529,-2.2315039626,2.568738717,-0.5224063053,0.0110657305,0.0036944315
1.9778286983,-0.783551802,-0.6374404493,-2.4017500831,-2.2313454522,2.5687923978,-0.5225516236,0.0110657305,0.0036944315
1.9778060069,-0.7835374746,-0.6373920082,-2.4016478318,-2.2311783064,2.5688489899,-0.5227048604,0.0110657305,0.0036944315
1.9777821231,-0.7835223812,-0.6373410158,-2.4015401715,-2.2310023167,2.5689085605,-0.5228662073,0.0110657305,0.0036944315
1.9777570214,-0.7835065021,-0.6372874159,-2.401426977,-2.2308172778,2.5689711749,-0.5230358533,0.0110657305,0.0036944315
1.9777306772,-0.7834898172,-0.6372311541,-2.4013081255,-2.2306229879,2.5690368958,-0.5232139838,0.0110657305,0.0036944315
1.9777030675,-0.7834723061,-0.6371721782,-2.4011834963,-2.2304192491,2.5691057832,-0.5234007817,0.0110657305,0.0036944315
1.9776741706,-0.7834539473,-0.6371104387,-2.4010529707,-2.2302058656,2.5691778937,-0.5235964274,0.0110657305,0.0036944315
1.9776439712,-0.783434721,-0.6370458981,-2.4009164514,-2.2299826769,2.5692532696,-0.52380107,0.0110657305,0.0036944315
1.9776124985,-0.7834146343,-0.6369786134,-2.4007740387,-2.2297498451,2.5693318423,-0.5240145629,0.0110657305,0.0036944315
1.9775797922,-0.7833937,-0.6369086637,-2.400625877,-2.2295076039,2.5694135176,-0.5242366937,0.0110657305,0.0036944315
1.977545888,-0.7833719285,-0.6368361196,-2.4004720935,-2.2292561592,2.5694982109,-0.5244672758,0.0110657305,0.0036944315
1.9775108123,-0.7833493273,-0.6367610329,-2.4003127815,-2.2289956617,2.5695858602,-0.5247061728,0.0110657305,0.0036944315
1.977474549,-0.7833258803,-0.6366833664,-2.4001478512,-2.2287259639,2.5696765078,-0.524953521,0.0110657305,0.0036944315
1.9774370648,-0.7833015641,-0.6366030474,-2.3999771452,-2.2284468077,2.5697702382,-0.5252095575,0.0110657305,0.0036944315
1.9773983461,-0.783276371,-0.6365200475,-2.3998006051,-2.2281580975,2.5698670846,-0.5254743697,0.0110657305,0.0036944315
1.9773583901,-0.7832503008,-0.6364343608,-2.3996182211,-2.227859818,2.5699670542,-0.5257479716,0.0110657305,0.0036944315
1.9773171904,-0.7832233512,-0.6363459749,-2.3994299699,-2.2275519313,2.5700701617,-0.5260303976,0.0110657305,0.0036944315
1.9772747446,-0.7831955218,-0.6362548847,-2.399235843,-2.2272344232,2.570176413,-0.5263216606,0.0110657305,0.0036944315
1.977231054,-0.7831668135,-0.636161093,-2.3990358465,-2.226907304,2.5702858049,-0.5266217512,0.0110657305,0.0036944315
1.977186118,-0.7831372256,-0.6360645983,-2.3988299765,-2.2265705673,2.5703983391,-0.5269306753,0.0110657305,0.0036944315
1.9771399395,-0.7831067585,-0.6359654061,-2.3986182419,-2.226224227,2.570514009,-0.5272484205,0.0110657305,0.0036944315
1.9770925214,-0.7830754117,-0.6358635213,-2.3984006491,-2.2258682936,2.5706328082,-0.5275749776,0.0110657305,0.0036944315
1.9770438671,-0.7830431843,-0.6357589497,-2.3981772047,-2.225502777,2.5707547295,-0.5279103379,0.0110657305,0.0036944315
1.9769939807,-0.7830100745,-0.6356516981,-2.397947915,-2.2251276866,2.5708797643,-0.5282544937,0.0110657305,0.0036944315
1.9769428669,-0.78297608,-0.6355417738,-2.3977127861,-2.2247430317,2.571007903,-0.5286074376,0.0110657305,0.0036944315
1.9768905315,-0.7829411976,-0.6354291856,-2.3974718241,-2.2243488208,2.5711391342,-0.5289691628,0.0110657305,0.0036944315
1.9768369808,-0.7829054232,-0.6353139431,-2.3972250345,-2.2239450617,2.5712734452,-0.5293396637,0.0110657305,0.0036944315
1.976782222,-0.7828687514,-0.635196057,-2.396972422,-2.2235317598,2.5714108218,-0.5297189372,0.0110657305,0.0036944315
1.9767262634,-0.7828311756,-0.6350755384,-2.3967139891,-2.2231089176,2.5715512488,-0.5301069833,0.0110657305,0.0036944315
1.9766691135,-0.7827926879,-0.6349523995,-2.3964497368,-2.2226765337,2.5716947099,-0.5305038054,0.0110657305,0.0036944315
1.976610782,-0.7827532794,-0.6348266527,-2.3961796646,-2.2222346048,2.5718411873,-0.5309094096,0.0110657305,0.0036944315
1.9765513126,-0.7827129653,-0.6346983848,-2.395903933,-2.2217833907,2.5719905777,-0.53132356,0.0110657305,0.0036944315
1.9764907699,-0.782671777,-0.6345677288,-2.3956228053,-2.2213233202,2.5721427238,-0.5317458655,0.0110657305,0.0036944315
1.976429205,-0.7826297371,-0.6344347879,-2.3953364825,-2.2208547199,2.5722975028,-0.5321760285,0.0110657305,0.0036944315
1.9763666541,-0.7825868592,-0.6342996346,-2.3950451001,-2.2203778094,2.5724548283,-0.5326138497,0.0110657305,0.0036944315
1.9763031411,-0.782543149,-0.6341623143,-2.3947487373,-2.219892716,2.5726146454,-0.533059214,0.0110657305,0.0036944315
1.9762386801,-0.7824986072,-0.6340228525,-2.3944474324,-2.2193995013,2.5727769225,-0.533512067,0.0110657305,0.0036944315
1.9761732806,-0.7824532325,-0.6338812652,-2.3941412063,-2.2188981975,2.5729416395,-0.5339723805,0.0110657305,0.0036944315
1.9761069521,-0.7824070252,-0.6337375694,-2.3938300841,-2.2183888446,2.5731087752,-0.5344401191,0.0110657305,0.0036944315
1.976039708,-0.7823599894,-0.6335917912,-2.3935141132,-2.2178715192,2.5732782984,-0.5349152133,0.0110657305,0.0036944315
1.975971568,-0.7823121355,-0.6334439714,-2.3931933759,-2.2173463552,2.5734501607,-0.535397541,0.0110657305,0.0036944315
1.9759025604,-0.7822634803,-0.6332941699,-2.3928679964,-2.2168135558,2.5736242922,-0.535886916,0.0110657305,0.0036944315
1.9758327222,-0.7822140477,-0.6331424658,-2.3925381433,-2.2162733963,2.5738006004,-0.5363830859,0.0110657305,0.0036944315
1.9757620988,-0.7821638681,-0.632988957,-2.3922040256,-2.215726219,2.5739789712,-0.5368857365,0.0110657305,0.0036944315
1.9756907427,-0.7821129761,-0.6328337564,-2.3918658849,-2.2151724188,2.5741592733,-0.5373945056,0.0110657305,0.0036944315
1.9756187104,-0.7820614092,-0.6326769856,-2.3915239804,-2.2146124198,2.5743413646,-0.5379090039,0.0110657305,0.0036944315
1.9755460592,-0.7820092035,-0.6325187666,-2.3911785702,-2.214046644,2.5745251027,-0.5384288448,0.0110657305,0.0036944315
1.9754728422,-0.7819563907,-0.6323592113,-2.3908298867,-2.2134754708,2.5747103563,-0.5389536806,0.0110657305,0.0036944315
1.9753991036,-0.7819029936,-0.6321984113,-2.3904781139,-2.2128992,2.5748970174,-0.539483238,0.0110657305,0.0036944315
1.9753248764,-0.7818490247,-0.6320364312,-2.3901233728,-2.2123180275,2.5750850083,-0.540017339,0.0110657305,0.0036944315
1.9752501806,-0.7817944846,-0.6318733065,-2.3897657161,-2.211732037,2.575274285,-0.5405559097,0.0110657305,0.0036944315
1.9751750248,-0.7817393638,-0.6317090461,-2.3894051353,-2.2111412117,2.5754648336,-0.5410989687,0.0110657305,0.0036944315
1.9750994249,-0.7816836588,-0.6315436751,-2.3890416584,-2.2105455942,2.5756566217,-0.54164648,0.0110657305,0.0036944315
1.9750234384,-0.7816274023,-0.6313773127,-2.3886755299,-2.2099455833,2.5758495086,-0.5421980793,0.0110657305,0.0036944315
1.9749471266,-0.7815706331,-0.6312100883,-2.3883070227,-2.209341625,2.5760433425,-0.5427533583,0.0110657305,0.0036944315
1.9748705487,-0.7815133921,-0.6310421283,-2.3879364098,-2.2087341654,2.5762379757,-0.5433119076,0.0110657305,0.0036944315
1.9747937612,-0.7814557221,-0.6308735559,-2.3875639636,-2.2081236513,2.5764332653,-0.5438733168,0.0110657305,0.0036944315
1.9747168134,-0.7813976658,-0.6307044808,-2.3871899364,-2.2075104968,2.5766290843,-0.5444372045,0.0110657305,0.0036944315
1.9746397091,-0.7813392393,-0.6305349174,-2.3868143832,-2.206894794,2.5768254183,-0.545003484,0.0110657305,0.0036944315
1.9745624407,-0.7812804542,-0.6303648569,-2.386437315,-2.2062765639,2.57702228,-0.5455721331,0.0110657305,0.0036944315
1.9744850036,-0.7812213248,-0.6301942979,-2.3860587599,-2.2056558554,2.5772196743,-0.546143104,0.0110657305,0.0036944315
1.9744074017,-0.781161869,-0.6300232569,-2.3856787801,-2.205032773,2.5774175845,-0.546716298,0.0110657305,0.0036944315
1.974329681,-0.7811021289,-0.6298518386,-2.3852976206,-2.2044077198,2.5776158907,-0.5472913432,0.0110657305,0.0036944315
1.9742519061,-0.7810421551,-0.6296801866,-2.3849156033,-2.2037812237,2.5778144273,-0.5478677533,0.0110657305,0.0036944315
1.9741741393,-0.7809819952,-0.6295084395,-2.3845330345,-2.2031537874,2.5780130342,-0.5484450658,0.0110657305,0.0036944315
1.9740964415,-0.780921695,-0.6293367317,-2.3841502125,-2.2025258997,2.5782115562,-0.5490228307,0.0110657305,0.0036944315
1.9740188717,-0.7808613001,-0.6291651951,-2.3837674307,-2.2018980424,2.5784098413,-0.5496006044,0.0110657305,0.0036944315
1.9739414879,-0.7808008564,-0.6289939592,-2.3833849797,-2.2012706921,2.5786077403,-0.5501779479,0.0110657305,0.0036944315
1.9738643465,-0.7807404092,-0.6288231509,-2.3830031452,-2.2006443183,2.5788051071,-0.5507544287,0.0110657305,0.0036944315
1.9737875029,-0.7806800024,-0.6286528939,-2.3826222045,-2.2000193756,2.5790017995,-0.5513296277,0.0110657305,0.0036944315
1.9737110109,-0.7806196756,-0.628483306,-2.382242417,-2.1993962896,2.5791976808,-0.5519031539,0.0110657305,0.0036944315
1.973634905,-0.780559447,-0.6283144584,-2.3818639257,-2.1987752929,2.5793926669,-0.552474795,0.0110657305,0.0036944315
1.9735591905,-0.780499304,-0.6281463514,-2.3814867022,-2.1981563359,2.5795867535,-0.5530445999,0.0110657305,0.0036944315
1.9734838742,-0.7804392337,-0.6279789879,-2.3811107205,-2.1975393724,2.579779933,-0.5536126155,0.0110657305,0.0036944315
1.9734089657,-0.7803792272,-0.6278123774,-2.3807359728,-2.1969243866,2.5799721901,-0.5541788598,0.0110657305,0.0036944315
1.9733344748,-0.7803192792,-0.6276465322,-2.3803624636,-2.1963113829,2.5801635077,-0.5547433317,0.0110657305,0.0036944315
1.9732604164,-0.7802593937,-0.6274814789,-2.3799902386,-2.1957004352,2.5803538524,-0.5553059654,0.0110657305,0.0036944315
1.9731868447,-0.7801996146,-0.627317337,-2.3796195676,-2.1950919856,2.5805430861,-0.5558663538,0.0110657305,0.0036944315
1.9731138201,-0.7801399963,-0.6271542433,-2.3792507683,-2.1944865569,2.5807310517,-0.5564240151,0.0110657305,0.0036944315
1.9730414008,-0.7800805947,-0.6269923314,-2.3788841574,-2.1938846699,2.5809175965,-0.5569784682,0.0110657305,0.0036944315
1.9729696428,-0.7800214665,-0.6268317318,-2.3785200494,-2.193286843,2.5811025718,-0.5575292337,0.0110657305,0.0036944315
1.9728985669,-0.7799626444,-0.6266724994,-2.3781585954,-2.1926933267,2.5812859175,-0.5580760783,0.0110657305,0.0036944315
1.9728281719,-0.7799041447,-0.6265146411,-2.3777998409,-2.1921041989,2.5814676286,-0.5586189272,0.0110657305,0.0036944315
1.97275847,-0.7798459923,-0.6263581922,-2.3774438921,-2.1915196366,2.5816476675,-0.5591576146,0.0110657305,0.0036944315
1.9726894868,-0.7797882213,-0.6262032178,-2.3770909187,-2.1909399204,2.5818259617,-0.5596918796,0.0110657305,0.0036944315
1.9726212602,-0.7797308726,-0.6260498083,-2.3767411429,-2.1903654173,2.582002409,-0.5602213825,0.0110657305,0.0036944315
1.9725538365,-0.7796739923,-0.6258980721,-2.3763948239,-2.1897965542,2.5821768862,-0.5607457283,0.0110657305,0.0036944315
1.9724872665,-0.7796176277,-0.6257481263,-2.3760522371,-2.1892337841,2.5823492598,-0.5612644985,0.0110657305,0.0036944315
1.9724216002,-0.7795618248,-0.6256000862,-2.3757136518,-2.1886775504,2.5825193979,-0.5617772837,0.0110657305,0.0036944315
1.9723568839,-0.7795066253,-0.6254540577,-2.3753793148,-2.1881282587,2.5826871794,-0.5622837094,0.0110657305,0.0036944315
1.9722931572,-0.7794520652,-0.6253101314,-2.3750494371,-2.1875862565,2.5828525008,-0.5627834549,0.0110657305,0.0036944315
1.9722304509,-0.7793981736,-0.625168379,-2.3747241876,-2.1870518215,2.5830152803,-0.5632762635,0.0110657305,0.0036944315
1.9721687869,-0.7793449726,-0.625028852,-2.3744036904,-2.1865251583,2.5831754595,-0.563761946,0.0110657305,0.0036944315
1.9721081787,-0.7792924782,-0.6248915832,-2.3740880285,-2.186006404,2.5833330015,-0.5642403749,0.0110657305,0.0036944315
1.9720486324,-0.7792407017,-0.6247565903,-2.3737772523,-2.1854956425,2.5834878874,-0.564711472,0.0110657305,0.0036944315
1.9719901497,-0.7791896518,-0.6246238812,-2.3734713933,-2.1849929268,2.5836401093,-0.565175187,0.0110657305,0.0036944315
1.9719327313,-0.7791393383,-0.624493463,-2.373170483,-2.1844983105,2.583789661,-0.5656314688,0.0110657305,0.0036944315
1.9718763815,-0.7790897755,-0.6243653518,-2.3728745767,-2.1840118858,2.5839365263,-0.5660802304,0.0110657305,0.0036944315
1.9718211124,-0.7790409858,-0.6242395821,-2.3725837745,-2.1835338197,2.5840806679,-0.5665213156,0.0110657305,0.0036944315
1.9717669468,-0.7789930023,-0.6241162137,-2.3722982365,-2.1830643775,2.58422202,-0.5669544771,0.0110657305,0.0036944315
1.9717139197,-0.7789458695,-0.6239953348,-2.3720181902,-2.1826039354,2.5843604845,-0.5673793654,0.0110657305,0.0036944315
1.9716620771,-0.7788996423,-0.6238770586,-2.3717439221,-2.1821529672,2.5844959344,-0.5677955405,0.0110657305,0.0036944315
1.9716114567,-0.7788543697,-0.6237614813,-2.3714756809,-2.1817118844,2.584628263,-0.5682026199,0.0110657305,0.0036944315
1.9715620537,-0.7788100644,-0.6236486031,-2.3712134965,-2.1812807391,2.584757474,-0.5686005519,0.0110657305,0.0036944315
1.9715138586,-0.7787667338,-0.623538412,-2.3709573681,-2.1808595331,2.5848835842,-0.5689893321,0.0110657305,0.0036944315
1.9714668626,-0.7787243833,-0.6234308971,-2.3707072931,-2.1804482644,2.5850066095,-0.5693689595,0.0110657305,0.0036944315
1.971421058,-0.7786830174,-0.6233260481,-2.3704632674,-2.180046928,2.5851265641,-0.5697394364,0.0110657305,0.0036944315
1.971376438,-0.7786426397,-0.6232238559,-2.3702252858,-2.1796555176,2.5852434604,-0.570100767,0.0110657305,0.0036944315
1.971332997,-0.7786032525,-0.6231243128,-2.3699933434,-2.1792740261,2.5853573091,-0.5704529562,0.0110657305,0.0036944315
1.9712907304,-0.778564858,-0.6230274123,-2.3697674353,-2.1789024469,2.5854681191,-0.5707960088,0.0110657305,0.0036944315
1.9712496345,-0.7785274575,-0.622933149,-2.3695475575,-2.1785407741,2.5855758974,-0.5711299294,0.0110657305,0.0036944315
1.9712097065,-0.7784910521,-0.6228415189,-2.3693337065,-2.1781890026,2.5856806496,-0.5714547219,0.0110657305,0.0036944315
1.9711709443,-0.7784556424,-0.622752519,-2.3691258797,-2.1778471285,2.5857823796,-0.5717703895,0.0110657305,0.0036944315
1.9711333468,-0.778421229,-0.6226661473,-2.368924075,-2.1775151489,2.58588109,-0.5720769346,0.0110657305,0.0036944315
1.9710969134,-0.7783878118,-0.622582403,-2.3687282917,-2.1771930625,2.5859767819,-0.5723743584,0.0110657305,0.0036944315
1.9710616443,-0.7783553908,-0.6225012864,-2.3685385296,-2.1768808692,2.5860694548,-0.5726626608,0.0110657305,0.0036944315
1.9710275401,-0.7783239655,-0.6224227977,-2.368354788,-2.1765785672,2.586159108,-0.5729418439,0.0110657305,0.0036944315
1.9709945966,-0.7782935302,-0.6223469258,-2.3681770373,-2.1762861079,2.586245754,-0.5732119531,0.0110657305,0.0036944315
1.9709627933,-0.7782640635,-0.6222736219,-2.3680051594,-2.1760032965,2.5863294477,-0.5734731686,0.0110657305,0.0036944315
1.9709321041,-0.7782355403,-0.6222028248,-2.3678390088,-2.1757298932,2.5864102587,-0.5737257124,0.0110657305,0.0036944315
1.9709025054,-0.7782079412,-0.6221344813,-2.3676784655,-2.1754657012,2.5864882482,-0.5739697656,0.0110657305,0.0036944315
1.9708739915,-0.7781812686,-0.6220685838,-2.3675235241,-2.1752107127,2.5865634266,-0.5742053341,0.0110657305,0.0036944315
1.9708465861,-0.7781555561,-0.6220051943,-2.3673743504,-2.1749652027,2.5866357257,-0.5744321614,0.0110657305,0.0036944315
1.97082031,-0.7781308383,-0.6219443718,-2.3672311081,-2.1747294433,2.5867050819,-0.5746499933,0.0110657305,0.0036944315
1.970795181,-0.7781071469,-0.6218861673,-2.3670939426,-2.1745036763,2.5867714404,-0.5748586033,0.0110657305,0.0036944315
1.9707712157,-0.7780845101,-0.6218306284,-2.3669629875,-2.1742881239,2.5868347497,-0.5750577836,0.0110657305,0.0036944315
1.9707484246,-0.7780629485,-0.6217777869,-2.3668383354,-2.1740829401,2.5868949762,-0.5752473897,0.0110657305,0.0036944315
1.9707267785,-0.7780424434,-0.6217275811,-2.3667198561,-2.1738879125,2.5869521923,-0.575427616,0.0110657305,0.0036944315
1.9707062408,-0.7780229672,-0.6216799312,-2.3666073731,-2.1737027516,2.5870064906,-0.5755987288,0.0110657305,0.0036944315
1.9706867765,-0.7780044923,-0.6216347601,-2.366500713,-2.173527173,2.5870579603,-0.5757609896,0.0110657305,0.0036944315
1.9706683522,-0.7779869907,-0.6215919926,-2.3663997057,-2.1733608973,2.587106688,-0.575914656,0.0110657305,0.0036944315
1.9706509353,-0.7779704349,-0.6215515556,-2.3663041837,-2.1732036494,2.5871527577,-0.5760599814,0.0110657305,0.0036944315
1.9706344941,-0.7779547972,-0.6215133773,-2.3662139817,-2.1730551578,2.5871962519,-0.5761972164,0.0110657305,0.0036944315
1.9706189976,-0.7779400503,-0.6214773872,-2.3661289364,-2.1729151537,2.5872372514,-0.5763266089,0.0110657305,0.0036944315
1.9706044153,-0.7779261668,-0.6214435155,-2.3660488862,-2.1727833716,2.5872758359,-0.5764484039,0.0110657305,0.0036944315
1.9705907175,-0.7779131199,-0.6214116947,-2.3659736732,-2.1726595517,2.5873120831,-0.5765628411,0.0110657305,0.0036944315
1.9705778755,-0.7779008833,-0.6213818583,-2.3659031429,-2.1725434398,2.5873460685,-0.5766701555,0.0110657305,0.0036944315
1.9705658608,-0.7778894309,-0.6213539411,-2.3658371424,-2.1724347846,2.5873778669,-0.5767705791,0.0110657305,0.0036944315
1.9705546453,-0.7778787367,-0.6213278782,-2.3657755199,-2.1723333361,2.5874075523,-0.5768643425,0.0110657305,0.0036944315
1.9705442008,-0.7778687747,-0.6213036052,-2.3657181242,-2.1722388456,2.5874351984,-0.5769516757,0.0110657305,0.0036944315
1.9705344996,-0.7778595191,-0.6212810576,-2.3656648043,-2.1721510647,2.5874608786,-0.5770328081,0.0110657305,0.0036944315
1.9705255139,-0.777850944,-0.6212601715,-2.3656154095,-2.1720697453,2.5874846661,-0.5771079688,0.0110657305,0.0036944315
1.9705172161,-0.7778430233,-0.6212408828,-2.3655697894,-2.1719946398,2.5875066338,-0.5771773865,0.0110657305,0.0036944315
1.9705095784,-0.7778357313,-0.6212231276,-2.3655277936,-2.1719255009,2.5875268546,-0.5772412899,0.0110657305,0.0036944315
1.9705025735,-0.7778290419,-0.6212068422,-2.3654892719,-2.1718620814,2.5875454011,-0.5772999073,0.0110657305,0.0036944315
1.9704961737,-0.7778229293,-0.621191963,-2.3654540745,-2.1718041345,2.5875623459,-0.5773534667,0.0110657305,0.0036944315
1.9704903518,-0.7778173676,-0.6211784265,-2.3654220516,-2.1717514136,2.5875777614,-0.5774021959,0.0110657305,0.0036944315
1.9704850803,-0.7778123309,-0.6211661692,-2.3653930535,-2.1717036726,2.5875917199,-0.5774463225,0.0110657305,0.0036944315
1.9704803319,-0.7778077933,-0.6211551278,-2.3653669308,-2.1716606652,2.5876042936,-0.5774860739,0.0110657305,0.0036944315
1.9704760794,-0.777803729,-0.621145239,-2.365343534,-2.1716221457,2.5876155546,-0.5775216774,0.0110657305,0.0036944315
1.9704722956,-0.777800112,-0.6211364396,-2.3653227139,-2.1715878682,2.5876255748,-0.5775533601,0.0110657305,0.0036944315
1.9704689532,-0.7777969166,-0.6211286665,-2.3653043213,-2.1715575871,2.5876344264,-0.5775813491,0.0110657305,0.0036944315
1.970466025,-0.7777941169,-0.6211218564,-2.3652882068,-2.1715310567,2.5876421812,-0.5776058713,0.0110657305,0.0036944315
1.9704634838,-0.7777916869,-0.6211159463,-2.3652742213,-2.1715080313,2.5876489111,-0.5776271539,0.0110657305,0.0036944315
1.9704613025,-0.7777896007,-0.6211108728,-2.3652622154,-2.171488265,2.5876546882,-0.5776454241,0.0110657305,0.0036944315
1.9704594538,-0.7777878325,-0.6211065729,-2.3652520396,-2.1714715117,2.5876595845,-0.5776609094,0.0110657305,0.0036944315
1.9704579105,-0.7777863563,-0.6211029832,-2.3652435443,-2.1714575251,2.5876636721,-0.5776738374,0.0110657305,0.0036944315
1.9704566453,-0.7777851459,-0.6211000403,-2.3652365795,-2.1714460584,2.587667023,-0.5776844363,0.0110657305,0.0036944315
1.9704556309,-0.7777841754,-0.6210976807,-2.365230995,-2.1714368641,2.5876697098,-0.5776929348,0.0110657305,0.0036944315
1.9704548399,-0.7777834185,-0.6210958407,-2.3652266401,-2.1714296942,2.587671805,-0.5776995621,0.0110657305,0.0036944315
1.9704542448,-0.7777828491,-0.6210944563,-2.3652233635,-2.1714242997,2.5876733812,-0.5777045484,0.0110657305,0.0036944315
1.970453818,-0.7777824406,-0.6210934634,-2.3652210135,-2.1714204306,2.5876745118,-0.5777081247,0.0110657305,0.0036944315
1.9704535317,-0.7777821666,-0.6210927975,-2.3652194371,-2.1714178352,2.5876752701,-0.5777105236,0.0110657305,0.0036944315
1.970453358,-0.7777820003,-0.6210923934,-2.3652184807,-2.1714162605,2.5876757301,-0.5777119792,0.0110657305,0.0036944315
1.9704532687,-0.7777819149,-0.6210921857,-2.365217989,-2.1714154511,2.5876759666,-0.5777127274,0.0110657305,0.0036944315
1.9704532355,-0.7777818831,-0.6210921084,-2.365217806,-2.1714151497,2.5876760547,-0.577713006,0.0110657305,0.0036944315
1.9704532302,-0.777781878,-0.621092096,-2.3652177767,-2.1714151015,2.5876760688,-0.5777130505,0.0110657305,0.0036944315
1.9704532302,-0.7777818779,-0.6210920959,-2.3652177765,-2.1714151011,2.5876760689,-0.5777130509,0.0110657305,0.0036944315
1.9704532297,-0.7777818775,-0.6210920948,-2.3652177739,-2.1714150969,2.5876760701,-0.5777130548,0.0110657305,0.0036944315
1.9704532297,-0.7777818775,-0.6210920948,-2.3652177739,-2.1714150969,2.5876760701,-0.5777130548,0.0110657305,0.0036944315
1.9704532297,-0.7777818775,-0.6210920948,-2.3652177739,-2.1714150969,2.5876760701,-0.5777130548,0.0110657305,0.0036944315
1.9704532297,-0.7777818775,-0.6210920948,-2.3652177739,-2.1714150969,2.5876760701,-0.5777130548,0.0110657305,0.0036944315
1.9704532297,-0.7777818775,-0.6210920948,-2.3652177739,-2.1714150969,2.5876760701,-0.5777130548,0.0110657305,0.0036944315
1.9704532297,-0.7777818775,-0.6210920948,-2.3652177739,-2.1714150969,2.5876760701,-0.5777130548,0.0110657305,0.0036944315
1.9704532297,-0.7777818775,-0.6210920948,-2.3652177739,-2.1714150969,2.5876760701,-0.5777130548,0.0110657305,0.0036944315
1.9704532297,-0.7777818775,-0.6210920948,-2.3652177739,-2.1714150969,2.5876760701,-0.5777130548,0.0110657305,0.0036944315
1.9704532297,-0.7777818775,-0.6210920948,-2.3652177739,-2.1714150969,2.5876760701,-0.5777130548,0.0110657305,0.0036944315
1.9704532297,-0.7777818775,-0.6210920948,-2.3652177739,-2.1714150969,2.5876760701,-0.5777130548,0.0110657305,0.0036944315
1.9704532297,-0.7777818775,-0.6210920948,-2.3652177739,-2.1714150969,2.5876760701,-0.5777130548,0.0110657305,0.0036944315
1.9704532297,-0.7777818775,-0.6210920948,-2.3652177739,-2.1714150969,2.5876760701,-0.5777130548,0.0110657305,0.0036944315
1.9704532297,-0.7777818775,-0.6210920948,-2.3652177739,-2.1714150969,2.5876760701,-0.5777130548,0.0110657305,0.0036944315
1.9704532297,-0.7777818775,-0.6210920948,-2.3652177739,-2.1714150969,2.5876760701,-0.5777130548,0.0110657305,0.0036944315
1.9704532297,-0.7777818775,-0.6210920948,-2.3652177739,-2.1714150969,2.5876760701,-0.5777130548,0.0110657305,0.0036944315
1.9704532297,-0.7777818775,-0.6210920948,-2.3652177739,-2.1714150969,2.5876760701,-0.5777130548,0.0110657305,0.0036944315
1.9704532297,-0.7777818775,-0.6210920948,-2.3652177739,-2.1714150969,2.5876760701,-0.5777130548,0.0110657305,0.0036944315
1.9704532297,-0.7777818775,-0.6210920948,-2.3652177739,-2.1714150969,2.5876760701,-0.5777130548,0.0110657305,0.0036944315
1.9704532297,-0.7777818775,-0.6210920948,-2.3652177739,-2.1714150969,2.5876760701,-0.5777130548,0.0110657305,0.0036944315
1.9704532297,-0.7777818775,-0.6210920948,-2.3652177739,-2.1714150969,2.5876760701,-0.5777130548,0.0110657305,0.0036944315
1.9704532297,-0.7777818775,-0.6210920948,-2.3652177739,-2.1714150969,2.5876760701,-0.5777130548,0.0110657305,0.0036944315
1.9704532297,-0.7777818775,-0.6210920948,-2.3652177739,-2.1714150969,2.5876760701,-0.5777130548,0.0110657305,0.0036944315
1.9704532297,-0.7777818775,-0.6210920948,-2.3652177739,-2.1714150969,2.5876760701,-0.5777130548,0.0110657305,0.0036944315
1.9704532297,-0.7777818775,-0.6210920948,-2.3652177739,-2.1714150969,2.5876760701,-0.5777130548,0.0110657305,0.0036944315
1.9704532297,-0.7777818775,-0.6210920948,-2.3652177739,-2.1714150969,2.5876760701,-0.5777130548,0.0110657305,0.0036944315
1.9704532297,-0.7777818775,-0.6210920948,-2.3652177739,-2.1714150969,2.5876760701,-0.5777130548,0.0110657305,0.0036944315
1.9704532297,-0.7777818775,-0.6210920948,-2.3652177739,-2.1714150969,2.5876760701,-0.5777130548,0.0110657305,0.0036944315
1.9704532297,-0.7777818775,-0.6210920948,-2.3652177739,-2.1714150969,2.5876760701,-0.5777130548,0.0110657305,0.0036944315
1.9704532297,-0.7777818775,-0.6210920948,-2.3652177739,-2.1714150969,2.5876760701,-0.5777130548,0.0110657305,0.0036944315
1.9704532297,-0.7777818775,-0.6210920948,-2.3652177739,-2.1714150969,2.5876760701,-0.5777130548,0.0110657305,0.0036944315
1.9704532297,-0.7777818775,-0.6210920948,-2.3652177739,-2.1714150969,2.5876760701,-0.5777130548,0.0110657305,0.0036944315
1.9704532297,-0.7777818775,-0.6210920948,-2.3652177739,-2.1714150969,2.5876760701,-0.5777130548,0.0110657305,0.0036944315
1.9704532297,-0.7777818775,-0.6210920948,-2.3652177739,-2.1714150969,2.5876760701,-0.5777130548,0.0110657305,0.0036944315
1.9704532297,-0.7777818775,-0.6210920948,-2.3652177739,-2.1714150969,2.5876760701,-0.5777130548,0.0110657305,0.0036944315
1.9704532297,-0.7777818775,-0.6210920948,-2.3652177739,-2.1714150969,2.5876760701,-0.5777130548,0.0110657305,0.0036944315
1.9704532297,-0.7777818775,-0.6210920948,-2.3652177739,-2.1714150969,2.5876760701,-0.5777130548,0.0110657305,0.0036944315
1.9704532297,-0.7777818775,-0.6210920948,-2.3652177739,-2.1714150969,2.5876760701,-0.5777130548,0.0110657305,0.0036944315
1.9704532297,-0.7777818775,-0.6210920948,-2.3652177739,-2.1714150969,2.5876760701,-0.5777130548,0.0110657305,0.0036944315
1.9704532297,-0.7777818775,-0.6210920948,-2.3652177739,-2.1714150969,2.5876760701,-0.5777130548,0.0110657305,0.0036944315
1.9704532297,-0.7777818775,-0.6210920948,-2.3652177739,-2.1714150969,2.5876760701,-0.5777130548,0.0110657305,0.0036944315
1.9704532297,-0.7777818775,-0.6210920948,-2.3652177739,-2.1714150969,2.5876760701,-0.5777130548,0.0110657305,0.0036944315
1.9704532297,-0.7777818775,-0.6210920948,-2.3652177739,-2.1714150969,2.5876760701,-0.5777130548,0.0110657305,0.0036944315
1.9704532297,-0.7777818775,-0.6210920948,-2.3652177739,-2.1714150969,2.5876760701,-0.5777130548,0.0110657305,0.0036944315
1.9704532297,-0.7777818775,-0.6210920948,-2.3652177739,-2.1714150969,2.5876760701,-0.5777130548,0.0110657305,0.0036944315
1.9704532297,-0.7777818775,-0.6210920948,-2.3652177739,-2.1714150969,2.5876760701,-0.5777130548,0.0110657305,0.0036944315
1.9704532297,-0.7777818775,-0.6210920948,-2.3652177739,-2.1714150969,2.5876760701,-0.5777130548,0.0110657305,0.0036944315
1.9704532297,-0.7777818775,-0.6210920948,-2.3652177739,-2.1714150969,2.5876760701,-0.5777130548,0.0110657305,0.0036944315
1.9704532297,-0.7777818775,-0.6210920948,-2.3652177739,-2.1714150969,2.5876760701,-0.5777130548,0.0110657305,0.0036944315
1.9704532297,-0.7777818775,-0.6210920948,-2.3652177739,-2.1714150969,2.5876760701,-0.5777130548,0.0110657305,0.0036944315
1.9704532297,-0.7777818775,-0.6210920948,-2.3652177739,-2.1714150969,2.5876760701,-0.5777130548,0.0110657305,0.0036944315
1.9704532297,-0.7777818775,-0.6210920948,-2.3652177739,-2.1714150969,2.5876760701,-0.5777130548,0.0110657305,0.0036944315
1.9704532297,-0.7777818775,-0.6210920948,-2.3652177739,-2.1714150969,2.5876760701,-0.5777130548,0.0110657305,0.0036944315
1.9704532297,-0.7777818775,-0.6210920948,-2.3652177739,-2.1714150969,2.5876760701,-0.5777130548,0.0110657305,0.0036944315
1.9704532297,-0.7777818775,-0.6210920948,-2.3652177739,-2.1714150969,2.5876760701,-0.5777130548,0.0110657305,0.0036944315
1.9704532297,-0.7777818775,-0.6210920948,-2.3652177739,-2.1714150969,2.5876760701,-0.5777130548,0.0110657305,0.0036944315
1.9704532297,-0.7777818775,-0.6210920948,-2.3652177739,-2.1714150969,2.5876760701,-0.5777130548,0.0110657305,0.0036944315
1.9704532297,-0.7777818775,-0.6210920948,-2.3652177739,-2.1714150969,2.5876760701,-0.5777130548,0.0110657305,0.0036944315
1.9704532297,-0.7777818775,-0.6210920948,-2.3652177739,-2.1714150969,2.5876760701,-0.5777130548,0.0110657305,0.0036944315
1.9704532297,-0.7777818775,-0.6210920948,-2.3652177739,-2.1714150969,2.5876760701,-0.5777130548,0.0110657305,0.0036944315
1.9704532278,-0.7777818803,-0.6210920924,-2.3652177767,-2.1714150952,2.5876760694,-0.5777130563,0.0110657305,0.0036944315
1.9704531831,-0.7777819442,-0.6210920372,-2.3652178408,-2.1714150552,2.587676053,-0.5777130919,0.0110657305,0.0036944315
1.9704530245,-0.7777821708,-0.6210918414,-2.3652180683,-2.1714149134,2.5876759949,-0.5777132179,0.0110657305,0.0036944315
1.9704526638,-0.7777826865,-0.6210913958,-2.3652185859,-2.1714145907,2.5876758627,-0.5777135046,0.0110657305,0.0036944315
1.9704520382,-0.7777835809,-0.6210906232,-2.3652194836,-2.1714140311,2.5876756335,-0.5777140019,0.0110657305,0.0036944315
1.9704511127,-0.7777849041,-0.6210894801,-2.3652208116,-2.1714132031,2.5876752944,-0.5777147375,0.0110657305,0.0036944315
1.9704498191,-0.7777867537,-0.6210878823,-2.3652226679,-2.1714120458,2.5876748205,-0.5777157659,0.0110657305,0.0036944315
1.9704480723,-0.7777892512,-0.6210857248,-2.3652251745,-2.1714104828,2.5876741806,-0.5777171545,0.0110657305,0.0036944315
1.9704457918,-0.7777925118,-0.6210829082,-2.3652284469,-2.1714084423,2.5876733452,-0.5777189674,0.0110657305,0.0036944315
1.9704429053,-0.7777966391,-0.6210793429,-2.365232589,-2.1714058593,2.5876722878,-0.5777212622,0.0110657305,0.0036944315
1.9704393489,-0.7778017242,-0.6210749504,-2.3652376922,-2.1714026768,2.5876709851,-0.5777240895,0.0110657305,0.0036944315
1.9704350545,-0.7778078648,-0.6210696462,-2.3652438547,-2.1713988336,2.5876694122,-0.5777275037,0.0110657305,0.0036944315
1.9704299384,-0.7778151802,-0.6210633273,-2.3652511961,-2.1713942548,2.5876675384,-0.5777315712,0.0110657305,0.0036944315
1.97042391,-0.7778238005,-0.6210558814,-2.3652598468,-2.1713888593,2.5876653306,-0.5777363642,0.0110657305,0.0036944315
1.9704168834,-0.7778338482,-0.6210472027,-2.3652699299,-2.1713825699,2.5876627573,-0.577741951,0.0110657305,0.0036944315
1.9704087775,-0.7778454395,-0.6210371908,-2.3652815618,-2.1713753141,2.5876597889,-0.577748396,0.0110657305,0.0036944315
1.9703995113,-0.7778586903,-0.6210257459,-2.3652948588,-2.1713670193,2.5876563957,-0.5777557638,0.0110657305,0.0036944315
1.970389003,-0.7778737176,-0.6210127667,-2.3653099383,-2.171357612,2.5876525479,-0.5777641195,0.0110657305,0.0036944315
1.9703771704,-0.777890639,-0.6209981518,-2.3653269182,-2.1713470186,2.5876482154,-0.5777735284,0.0110657305,0.0036944315
1.9703639317,-0.7779095715,-0.6209818002,-2.365345916,-2.1713351656,2.5876433683,-0.5777840557,0.0110657305,0.0036944315
1.9703492054,-0.7779306319,-0.6209636111,-2.3653670485,-2.1713219801,2.5876379767,-0.5777957662,0.0110657305,0.0036944315
1.9703329099,-0.7779539367,-0.620943484,-2.3653904329,-2.1713073888,2.587632011,-0.5778087248,0.0110657305,0.0036944315
1.9703149637,-0.7779796028,-0.6209213179,-2.3654161862,-2.1712913185,2.5876254413,-0.5778229965,0.0110657305,0.0036944315
1.9702952851,-0.7780077471,-0.6208970119,-2.3654444257,-2.1712736958,2.5876182377,-0.5778386463,0.0110657305,0.0036944315
1.9702737924,-0.7780384865,-0.6208704653,-2.3654752686,-2.1712544475,2.5876103705,-0.5778557393,0.0110657305,0.0036944315
1.9702504039,-0.7780719379,-0.620841577,-2.3655088322,-2.1712335002,2.5876018097,-0.5778743405,0.0110657305,0.0036944315
1.9702250378,-0.7781082184,-0.6208102462,-2.3655452337,-2.1712107804,2.5875925256,-0.5778945149,0.0110657305,0.0036944315
1.9701976125,-0.778147445,-0.6207763717,-2.3655845906,-2.1711862148,2.5875824882,-0.5779163278,0.0110657305,0.0036944315
1.970168046,-0.7781897349,-0.6207398526,-2.3656270203,-2.1711597298,2.5875716678,-0.5779398442,0.0110657305,0.0036944315
1.9701362567,-0.7782352052,-0.6207005878,-2.3656726401,-2.1711312518,2.5875600345,-0.5779651294,0.0110657305,0.0036944315
1.9701021625,-0.7782839731,-0.6206584762,-2.3657215676,-2.1711007073,2.5875475584,-0.5779922485,0.0110657305,0.0036944315
1.9700656817,-0.7783361559,-0.6206134165,-2.3657739204,-2.1710680227,2.5875342097,-0.5780212669,0.0110657305,0.0036944315
1.9700267322,-0.778391871,-0.6205653077,-2.365829816,-2.1710331242,2.5875199584,-0.5780522498,0.0110657305,0.0036944315
1.9699852323,-0.7784512358,-0.6205140485,-2.3658893721,-2.1709959381,2.5875047747,-0.5780852624,0.0110657305,0.0036944315
1.9699410998,-0.7785143675,-0.6204595376,-2.3659527063,-2.1709563908,2.5874886288,-0.5781203702,0.0110657305,0.0036944315
1.9698942528,-0.7785813837,-0.6204016738,-2.3660199363,-2.1709144083,2.5874714906,-0.5781576385,0.0110657305,0.0036944315
1.9698446094,-0.7786524019,-0.6203403558,-2.3660911798,-2.1708699169,2.5874533305,-0.5781971326,0.0110657305,0.0036944315
1.9697920875,-0.7787275396,-0.6202754823,-2.3661665545,-2.1708228427,2.5874341185,-0.5782389179,0.0110657305,0.0036944315
1.9697366051,-0.7788069143,-0.6202069519,-2.3662461782,-2.1707731119,2.5874138247,-0.5782830599,0.0110657305,0.0036944315
1.9696780802,-0.7788906435,-0.6201346633,-2.3663301686,-2.1707206504,2.5873924193,-0.578329624,0.0110657305,0.0036944315
1.9696164307,-0.778978845,-0.6200585152,-2.3664186435,-2.1706653843,2.5873698724,-0.5783786756,0.0110657305,0.0036944315
1.9695515746,-0.7790716362,-0.6199784062,-2.3665117207,-2.1706072397,2.5873461541,-0.5784302802,0.0110657305,0.0036944315
1.9694834298,-0.7791691348,-0.619894235,-2.3666095181,-2.1705461426,2.5873212347,-0.5784845032,0.0110657305,0.0036944315
1.9694119143,-0.7792714585,-0.6198059001,-2.3667121533,-2.1704820188,2.5872950843,-0.5785414102,0.0110657305,0.0036944315
1.969336946,-0.7793787249,-0.6197133003,-2.3668197442,-2.1704147944,2.587267673,-0.5786010665,0.0110657305,0.0036944315
1.969258443,-0.7794910516,-0.6196163342,-2.3669324086,-2.1703443952,2.5872389712,-0.5786635378,0.0110657305,0.0036944315
1.9691763231,-0.7796085564,-0.6195149004,-2.3670502642,-2.1702707472,2.5872089488,-0.5787288896,0.0110657305,0.0036944315
1.9690905044,-0.7797313569,-0.6194088976,-2.3671734288,-2.1701937762,2.5871775763,-0.5787971872,0.0110657305,0.0036944315
1.9690009049,-0.7798595707,-0.6192982245,-2.3673020203,-2.170113408,2.5871448238,-0.5788684963,0.0110657305,0.0036944315
1.9689074425,-0.7799933156,-0.6191827798,-2.3674361562,-2.1700295685,2.5871106615,-0.5789428824,0.0110657305,0.0036944315
1.9688100372,-0.7801327063,-0.6190624646,-2.3675759517,-2.1699421852,2.5870750605,-0.5790204093,0.0110657305,0.0036944315
1.9687086479,-0.7802778024,-0.6189372281,-2.3677214657,-2.1698512205,2.5870380059,-0.5791011103,0.0110657305,0.0036944315
1.9686032637,-0.7804286195,-0.6188070567,-2.3678727139,-2.1697566637,2.5869994943,-0.5791849943,0.0110657305,0.0036944315
1.968493891,-0.7805851493,-0.6186719585,-2.3680296873,-2.1696585195,2.5869595281,-0.5792720566,0.0110657305,0.0036944315
1.9683805107,-0.7807474196,-0.6185319095,-2.3681924136,-2.1695567699,2.5869181007,-0.5793623129,0.0110657305,0.0036944315
1.9682630759,-0.7809154979,-0.6183868521,-2.3683609598,-2.1694513719,2.5868751955,-0.5794558008,0.0110657305,0.0036944315
1.9681415729,-0.7810894043,-0.6182367693,-2.3685353459,-2.1693423122,2.5868308076,-0.5795525315,0.0110657305,0.0036944315
1.9680160051,-0.7812691346,-0.6180816651,-2.3687155671,-2.1692295929,2.5867849387,-0.5796525029,0.0110657305,0.0036944315
1.9678863712,-0.7814546913,-0.6179215377,-2.3689016254,-2.1691132114,2.5867375888,-0.5797557166,0.0110657305,0.0036944315
1.9677526618,-0.7816460882,-0.6177563759,-2.3690935343,-2.1689931585,2.5866887548,-0.5798621803,0.0110657305,0.0036944315
1.967614859,-0.7818433519,-0.6175861572,-2.3692913198,-2.1688694168,2.5866384305,-0.5799719089,0.0110657305,0.0036944315
1.9674729494,-0.7820465019,-0.6174108651,-2.369495001,-2.1687419731,2.5865866116,-0.5800849135,0.0110657305,0.0036944315
1.9673269349,-0.7822555363,-0.6172305019,-2.3697045755,-2.1686108279,2.586533299,-0.5802011931,0.0110657305,0.0036944315
1.9671768247,-0.7824704426,-0.617045079,-2.3699200301,-2.1684759881,2.5864784968,-0.5803207409,0.0110657305,0.0036944315
1.967022623,-0.7826912154,-0.6168546015,-2.3701413589,-2.1683374562,2.5864222068,-0.5804435541,0.0110657305,0.0036944315
1.9668643297,-0.7829178559,-0.6166590689,-2.3703685625,-2.1681952304,2.5863644296,-0.5805696335,0.0110657305,0.0036944315
1.9667019441,-0.7831503656,-0.6164584808,-2.3706016416,-2.1680493089,2.5863051654,-0.5806989802,0.0110657305,0.0036944315
1.9665354668,-0.7833887445,-0.6162528375,-2.3708405957,-2.1678996907,2.586244415,-0.5808315942,0.0110657305,0.0036944315
1.9663648986,-0.7836329923,-0.6160421402,-2.3710854238,-2.167746375,2.5861821791,-0.5809674756,0.0110657305,0.0036944315
1.9661902401,-0.7838831091,-0.6158263894,-2.3713361252,-2.1675893605,2.5861184587,-0.5811066247,0.0110657305,0.0036944315
1.9660114916,-0.7841390952,-0.6156055854,-2.3715926996,-2.167428646,2.5860532543,-0.5812490419,0.0110657305,0.0036944315
1.9658286534,-0.7844009512,-0.6153797286,-2.3718551468,-2.16726423,2.5859865668,-0.5813947275,0.0110657305,0.0036944315
1.9656417262,-0.7846686771,-0.6151488197,-2.3721234661,-2.1670961112,2.5859183969,-0.581543682,0.0110657305,0.0036944315
1.9654507105,-0.784942273,-0.6149128593,-2.3723976567,-2.1669242883,2.5858487457,-0.5816959056,0.0110657305,0.0036944315
1.965255607,-0.785221739,-0.6146718482,-2.3726777178,-2.16674876,2.5857776139,-0.5818513984,0.0110657305,0.0036944315
1.9650564167,-0.7855070749,-0.6144257875,-2.3729636484,-2.1665695251,2.5857050027,-0.5820101608,0.0110657305,0.0036944315
1.9648531404,-0.7857982806,-0.6141746781,-2.3732554475,-2.1663865823,2.5856309131,-0.5821721928,0.0110657305,0.0036944315
1.9646457791,-0.7860953557,-0.6139185213,-2.3735531138,-2.1661999302,2.5855553463,-0.5823374945,0.0110657305,0.0036944315
1.964434334,-0.7863982999,-0.6136573182,-2.3738566458,-2.1660095677,2.5854783034,-0.582506066,0.0110657305,0.0036944315
1.9642188062,-0.7867071127,-0.6133910704,-2.3741660422,-2.1658154934,2.5853997857,-0.5826779073,0.0110657305,0.0036944315
1.9639991972,-0.7870217934,-0.6131197793,-2.3744813011,-2.1656177062,2.5853197947,-0.5828530184,0.0110657305,0.0036944315
1.9637755083,-0.7873423414,-0.6128434468,-2.3748024209,-2.1654162047,2.5852383316,-0.5830313991,0.0110657305,0.0036944315
1.9635477411,-0.7876687558,-0.6125620744,-2.3751293995,-2.1652109877,2.5851553981,-0.5832130493,0.0110657305,0.0036944315
1.9633158972,-0.7880010359,-0.6122756643,-2.3754622349,-2.1650020539,2.5850709956,-0.583397969,0.0110657305,0.0036944315
1.9630799784,-0.7883391805,-0.6119842183,-2.3758009249,-2.1647894019,2.5849851259,-0.5835861578,0.0110657305,0.0036944315
1.9628399865,-0.7886831888,-0.6116877387,-2.3761454671,-2.1645730306,2.5848977906,-0.5837776157,0.0110657305,0.0036944315
1.9625959235,-0.7890330595,-0.6113862277,-2.376495859,-2.1643529384,2.5848089915,-0.5839723422,0.0110657305,0.0036944315
1.9623477915,-0.7893887915,-0.6110796878,-2.376852098,-2.164129124,2.5847187307,-0.5841703372,0.0110657305,0.0036944315
1.9620955925,-0.7897503834,-0.6107681215,-2.3772141814,-2.163901586,2.5846270099,-0.5843716004,0.0110657305,0.0036944315
1.9618393289,-0.7901178339,-0.6104515314,-2.3775821062,-2.1636703228,2.5845338313,-0.5845761313,0.0110657305,0.0036944315
1.961579003,-0.7904911416,-0.6101299203,-2.3779558694,-2.1634353329,2.584439197,-0.5847839297,0.0110657305,0.0036944315
1.9613146174,-0.7908703049,-0.6098032912,-2.3783354678,-2.1631966148,2.5843431094,-0.5849949951,0.0110657305,0.0036944315
1.9610461746,-0.7912553222,-0.6094716471,-2.378720898,-2.1629541668,2.5842455706,-0.5852093272,0.0110657305,0.0036944315
1.9607736775,-0.7916461919,-0.6091349911,-2.3791121567,-2.1627079871,2.5841465832,-0.5854269256,0.0110657305,0.0036944315
1.9604971287,-0.7920429121,-0.6087933267,-2.3795092399,-2.1624580741,2.5840461498,-0.5856477897,0.0110657305,0.0036944315
1.9602165315,-0.7924454809,-0.6084466575,-2.379912144,-2.1622044259,2.583944273,-0.585871919,0.0110657305,0.0036944315
1.9599318889,-0.7928538962,-0.6080949871,-2.3803208647,-2.1619470406,2.5838409557,-0.586099313,0.0110657305,0.0036944315
1.9596432043,-0.793268156,-0.6077383194,-2.3807353977,-2.1616859164,2.5837362007,-0.5863299711,0.0110657305,0.0036944315
1.9593504814,-0.7936882579,-0.6073766588,-2.3811557385,-2.1614210513,2.5836300111,-0.5865638926,0.0110657305,0.0036944315
1.9590537238,-0.7941141993,-0.6070100095,-2.3815818822,-2.1611524433,2.5835223904,-0.5868010768,0.0110657305,0.0036944315
1.9587529357,-0.7945459773,-0.6066383765,-2.3820138234,-2.1608800905,2.5834133417,-0.5870415227,0.0110657305,0.0036944315
1.9584481215,-0.794983589,-0.6062617648,-2.3824515565,-2.1606039908,2.5833028689,-0.5872852295,0.0110657305,0.0036944315
1.9581392858,-0.7954270307,-0.60588018,-2.3828950753,-2.1603241425,2.5831909757,-0.5875321958,0.0110657305,0.0036944315
1.9578264338,-0.7958762987,-0.6054936282,-2.3833443732,-2.1600405436,2.5830776663,-0.5877824204,0.0110657305,0.0036944315
1.9575095712,-0.7963313884,-0.6051021161,-2.3837994425,-2.1597531924,2.5829629451,-0.5880359016,0.0110657305,0.0036944315
1.9571887042,-0.7967922947,-0.604705651,-2.3842602753,-2.1594620874,2.5828468168,-0.5882926375,0.0110657305,0.0036944315
1.9568638397,-0.7972590119,-0.6043042411,-2.3847268622,-2.1591672274,2.5827292866,-0.5885526258,0.0110657305,0.0036944315
1.9565349855,-0.7977315329,-0.6038978957,-2.3851991929,-2.1588686114,2.5826103599,-0.5888158635,0.0110657305,0.0036944315
1.9562021502,-0.7982098499,-0.6034866252,-2.3856772558,-2.1585662388,2.5824900429,-0.5890823473,0.0110657305,0.0036944315
1.9558653436,-0.7986939538,-0.603070441,-2.386161038,-2.1582601093,2.5823683422,-0.5893520734,0.0110657305,0.0036944315
1.9555245758,-0.799183835,-0.6026493554,-2.3866505257,-2.1579502228,2.5822452646,-0.5896250375,0.0110657305,0.0036944315
1.9551798574,-0.7996794838,-0.6022233808,-2.3871457047,-2.1576365787,2.5821208176,-0.5899012357,0.0110657305,0.0036944315
1.9548311993,-0.8001808904,-0.6017925304,-2.3876465606,-2.1573191761,2.5819950088,-0.5901806636,0.0110657305,0.0036944315
1.954478613,-0.8006880444,-0.6013568177,-2.388153078,-2.1569980138,2.5818678462,-0.590463317,0.0110657305,0.0036944315
1.9541221105,-0.8012009354,-0.6009162569,-2.388665241,-2.1566730904,2.5817393385,-0.5907491918,0.0110657305,0.0036944315
1.953761704,-0.8017195524,-0.6004708627,-2.3891830331,-2.1563444041,2.5816094945,-0.5910382833,0.0110657305,0.0036944315
1.9533974068,-0.8022438843,-0.6000206507,-2.389706437,-2.1560119527,2.5814783238,-0.5913305873,0.0110657305,0.0036944315
1.9530292325,-0.8027739195,-0.5995656369,-2.3902354344,-2.1556757336,2.5813458366,-0.5916260992,0.0110657305,0.0036944315
1.9526571955,-0.803309646,-0.5991058384,-2.3907700065,-2.1553357438,2.5812120433,-0.5919248144,0.0110657305,0.0036944315
1.9522813107,-0.8038510514,-0.598641273,-2.3913101334,-2.1549919797,2.5810769554,-0.5922267281,0.0110657305,0.0036944315
1.9519015942,-0.804398123,-0.5981719593,-2.391855794,-2.1546444372,2.580940585,-0.5925318357,0.0110657305,0.0036944315
1.9515180626,-0.8049508473,-0.5976979172,-2.3924069664,-2.1542931117,2.5808029447,-0.5928401323,0.0110657305,0.0036944315
1.9511307336,-0.8055092106,-0.5972191672,-2.3929636275,-2.1539379975,2.5806640483,-0.593151613,0.0110657305,0.0036944315
1.9507396258,-0.8060731987,-0.5967357312,-2.3935257528,-2.1535790885,2.5805239103,-0.593466273,0.0110657305,0.0036944315
1.9503447589,-0.8066427967,-0.5962476324,-2.3940933167,-2.1532163777,2.5803825463,-0.5937841071,0.0110657305,0.0036944315
1.9499461537,-0.8072179894,-0.5957548949,-2.394666292,-2.1528498568,2.5802399729,-0.5941051105,0.0110657305,0.0036944315
1.9495438322,-0.8077987608,-0.5952575447,-2.39524465,-2.1524795165,2.5800962079,-0.5944292781,0.0110657305,0.0036944315
1.9491378179,-0.8083850946,-0.5947556089,-2.3958283603,-2.1521053463,2.5799512705,-0.5947566051,0.0110657305,0.0036944315
1.9487281354,-0.8089769739,-0.5942491163,-2.3964173911,-2.1517273341,2.5798051812,-0.5950870867,0.0110657305,0.0036944315
1.9483148111,-0.8095743813,-0.5937380974,-2.3970117082,-2.1513454661,2.5796579621,-0.5954207181,0.0110657305,0.0036944315
1.9478978729,-0.8101772988,-0.5932225846,-2.3976112759,-2.1509597266,2.5795096371,-0.595757495,0.0110657305,0.0036944315
1.9474773506,-0.8107857082,-0.592702612,-2.398216056,-2.1505700976,2.5793602317,-0.5960974131,0.0110657305,0.0036944315
1.9470532754,-0.8113995909,-0.5921782159,-2.3988260084,-2.1501765586,2.5792097737,-0.5964404688,0.0110657305,0.0036944315
1.946625681,-0.8120189279,-0.5916494347,-2.3994410905,-2.1497790861,2.5790582931,-0.596786659,0.0110657305,0.0036944315
1.9461946028,-0.8126437005,-0.5911163089,-2.4000612576,-2.1493776531,2.5789058221,-0.5971359812,0.0110657305,0.0036944315
1.9457600782,-0.8132738899,-0.5905788813,-2.4006864623,-2.148972229,2.5787523957,-0.5974884339,0.0110657305,0.0036944315
1.945322147,-0.8139094781,-0.5900371966,-2.401316655,-2.1485627782,2.5785980517,-0.597844017,0.0110657305,0.0036944315
1.9448808508,-0.8145504477,-0.5894913018,-2.4019517839,-2.1481492603,2.5784428308,-0.5982027317,0.0110657305,0.0036944315
1.9444362331,-0.8151967829,-0.5889412458,-2.4025917954,-2.1477316289,2.5782867767,-0.5985645815,0.0110657305,0.0036944315
1.9439883392,-0.8158484703,-0.5883870787,-2.4032366341,-2.1473098307,2.5781299364,-0.5989295722,0.0110657305,0.0036944315
1.9435372152,-0.8165054993,-0.5878288514,-2.4038862442,-2.1468838053,2.5779723599,-0.5992977125,0.0110657305,0.0036944315
1.943082908,-0.8171678635,-0.5872666149,-2.40454057,-2.146453484,2.5778140996,-0.5996690149,0.0110657305,0.0036944315
1.9426254634,-0.8178355618,-0.5867004184,-2.4051995576,-2.1460187896,2.5776552104,-0.6000434962,0.0110657305,0.0036944315
1.9421649257,-0.8185085998,-0.5861303083,-2.4058631568,-2.1455796363,2.5774957482,-0.6004211782,0.0110657305,0.0036944315
1.9417013351,-0.8191869912,-0.5855563259,-2.406531323,-2.1451359305,2.5773357687,-0.6008020879,0.0110657305,0.0036944315
1.9412347263,-0.8198707581,-0.584978505,-2.4072040199,-2.1446875725,2.5771753256,-0.6011862577,0.0110657305,0.0036944315
1.9407651264,-0.820559932,-0.5843968701,-2.4078812218,-2.1442344597,2.5770144681,-0.601573725,0.0110657305,0.0036944315
1.9402925535,-0.8212545522,-0.5838114347,-2.4085629148,-2.1437764902,2.5768532387,-0.6019645305,0.0110657305,0.0036944315
1.9398170157,-0.8219546642,-0.5832222008,-2.409249098,-2.1433135688,2.576691671,-0.6023587168,0.0110657305,0.0036944315
1.9393385117,-0.8226603161,-0.5826291598,-2.4099397816,-2.1428456118,2.5765297884,-0.6027563248,0.0110657305,0.0036944315
1.9388570327,-0.8233715543,-0.5820322947,-2.4106349845,-2.142372552,2.5763676039,-0.6031573919,0.0110657305,0.0036944315
1.9383725647,-0.8240884196,-0.5814315839,-2.4113347305,-2.1418943407,2.576205121,-0.6035619489,0.0110657305,0.0036944315
1.9378850915,-0.8248109446,-0.5808270042,-2.4120390441,-2.1414109488,2.5760423355,-0.6039700187,0.0110657305,0.0036944315
1.937394598,-0.8255391513,-0.5802185349,-2.4127479471,-2.1409223643,2.5758792385,-0.6043816163,0.0110657305,0.0036944315
1.9369010695,-0.8262730544,-0.5796061567,-2.4134614586,-2.1404285874,2.5757158177,-0.6047967504,0.0110657305,0.0036944315
1.9364044919,-0.8270126635,-0.5789898514,-2.414179597,-2.1399296268,2.5755520586,-0.6052154258,0.0110657305,0.0036944315
1.9359048512,-0.8277579847,-0.578369602,-2.414902379,-2.1394254971,2.5753879454,-0.6056376444,0.0110657305,0.0036944315
1.9354021341,-0.8285090216,-0.5777453922,-2.4156298205,-2.1389162164,2.5752234613,-0.6060634057,0.0110657305,0.0036944315
1.9348963275,-0.8292657761,-0.5771172064,-2.4163619368,-2.1384018046,2.5750585897,-0.6064927083,0.0110657305,0.0036944315
1.9343874188,-0.8300282495,-0.5764850297,-2.4170987424,-2.1378822827,2.5748933141,-0.6069255501,0.0110657305,0.0036944315
1.9338753958,-0.8307964423,-0.5758488479,-2.4178402512,-2.1373576713,2.5747276184,-0.6073619284,0.0110657305,0.0036944315
1.9333602473,-0.8315703547,-0.5752086478,-2.4185864759,-2.136827991,2.5745614874,-0.6078018404,0.0110657305,0.0036944315
1.9328419625,-0.8323499864,-0.5745644169,-2.4193374286,-2.1362932612,2.5743949067,-0.6082452834,0.0110657305,0.0036944315
1.9323205311,-0.8331353376,-0.5739161436,-2.4200931208,-2.1357535004,2.5742278626,-0.6086922547,0.0110657305,0.0036944315
1.9317959434,-0.8339264084,-0.5732638162,-2.4208535635,-2.1352087254,2.5740603423,-0.6091427521,0.0110657305,0.0036944315
1.9312681897,-0.8347232,-0.5726074237,-2.4216187677,-2.1346589516,2.5738923337,-0.6095967741,0.0110657305,0.0036944315
1.9307372608,-0.8355257138,-0.5719469552,-2.422388744,-2.1341041928,2.5737238256,-0.6100543194,0.0110657305,0.0036944315
1.9302031475,-0.836333952,-0.5712823999,-2.4231635029,-2.1335444611,2.5735548074,-0.6105153877,0.0110657305,0.0036944315
1.9296658408,-0.8371479178,-0.5706137471,-2.4239430551,-2.132979767,2.5733852688,-0.6109799791,0.0110657305,0.0036944315
1.9291253316,-0.8379676148,-0.569940986,-2.4247274114,-2.1324101197,2.5732152006,-0.6114480945,0.0110657305,0.0036944315
1.928581611,-0.8387930478,-0.5692641057,-2.4255165824,-2.1318355266,2.5730445937,-0.6119197355,0.0110657305,0.0036944315
1.9280346698,-0.8396242221,-0.5685830954,-2.4263105794,-2.1312559938,2.5728734396,-0.6123949041,0.0110657305,0.0036944315
1.9274844991,-0.840461144,-0.5678979436,-2.4271094135,-2.1306715261,2.57270173,-0.6128736032,0.0110657305,0.0036944315
1.9269310893,-0.8413038205,-0.5672086391,-2.4279130965,-2.130082127,2.5725294572,-0.6133558363,0.0110657305,0.0036944315
1.9263744311,-0.8421522596,-0.56651517,-2.4287216402,-2.1294877989,2.5723566133,-0.6138416076,0.0110657305,0.0036944315
1.9258145147,-0.8430064699,-0.5658175241,-2.4295350571,-2.1288885431,2.572183191,-0.6143309218,0.0110657305,0.0036944315
1.9252513302,-0.843866461,-0.5651156889,-2.4303533599,-2.12828436,2.5720091826,-0.6148237842,0.0110657305,0.0036944315
1.9246848671,-0.8447322429,-0.5644096512,-2.4311765621,-2.1276752492,2.5718345809,-0.6153202007,0.0110657305,0.0036944315
1.9241151147,-0.8456038269,-0.5636993977,-2.4320046776,-2.1270612098,2.5716593782,-0.6158201777,0.0110657305,0.0036944315
1.923542062,-0.8464812244,-0.5629849139,-2.4328377209,-2.1264422401,2.5714835668,-0.616323722,0.0110657305,0.0036944315
1.9229656971,-0.8473644479,-0.562266185,-2.4336757073,-2.1258183384,2.5713071385,-0.6168308412,0.0110657305,0.0036944315
1.922386008,-0.8482535104,-0.5615431955,-2.4345186528,-2.1251895028,2.571130085,-0.6173415428,0.0110657305,0.0036944315
1.9218029818,-0.8491484253,-0.5608159289,-2.4353665741,-2.1245557314,2.5709523971,-0.6178558349,0.0110657305,0.0036944315
1.921216605,-0.8500492065,-0.5600843681,-2.4362194889,-2.1239170231,2.5707740651,-0.6183737257,0.0110657305,0.0036944315
1.9206268636,-0.8509558681,-0.559348495,-2.4370774154,-2.1232733772,2.5705950784,-0.6188952236,0.0110657305,0.0036944315
1.9200337428,-0.8518684244,-0.5586082909,-2.4379403729,-2.1226247945,2.5704154254,-0.6194203368,0.0110657305,0.0036944315
1.9194372272,-0.8527868894,-0.5578637359,-2.4388083813,-2.1219712773,2.5702350936,-0.6199490731,0.0110657305,0.0036944315
1.9188373008,-0.8537112763,-0.55711481,-2.4396814609,-2.12131283,2.570054069,-0.6204814401,0.0110657305,0.0036944315
1.9182339474,-0.8546415975,-0.5563614925,-2.4405596322,-2.1206494599,2.5698723363,-0.6210174441,0.0110657305,0.0036944315
1.9176271506,-0.8555778637,-0.5556037627,-2.4414429158,-2.1199811775,2.5696898791,-0.6215570906,0.0110657305,0.0036944315
1.9170168943,-0.8565200832,-0.5548416003,-2.4423313311,-2.119307997,2.5695066794,-0.6221003833,0.0110657305,0.0036944315
1.9164031638,-0.857468261,-0.5540749867,-2.4432248959,-2.1186299375,2.5693227184,-0.6226473236,0.0110657305,0.0036944315
1.9157859463,-0.8584223973,-0.5533039058,-2.4441236244,-2.1179470228,2.5691379769,-0.62319791,0.0110657305,0.0036944315
1.9151652327,-0.8593824863,-0.5525283461,-2.4450275255,-2.1172592817,2.5689524362,-0.6237521378,0.0110657305,0.0036944315
1.9145410193,-0.8603485154,-0.5517483024,-2.4459366009,-2.116566747,2.5687660796,-0.6243099984,0.0110657305,0.0036944315
1.9139133093,-0.8613204638,-0.5509637778,-2.4468508425,-2.1158694538,2.5685788939,-0.6248714796,0.0110657305,0.0036944315
1.9132821152,-0.8622983029,-0.5501747861,-2.4477702301,-2.1151674366,2.5683908719,-0.625436566,0.0110657305,0.0036944315
1.9126474599,-0.8632819968,-0.549381353,-2.4486947303,-2.1144607253,2.5682020144,-0.6260052406,0.0110657305,0.0036944315
1.9120093773,-0.8642715048,-0.5485835163,-2.4496242959,-2.1137493397,2.5680123324,-0.6265774864,0.0110657305,0.0036944315
1.911367912,-0.8652667849,-0.5477813252,-2.4505588672,-2.1130332844,2.5678218481,-0.6271532897,0.0110657305,0.0036944315
1.9107231168,-0.8662677977,-0.5469748374,-2.4514983756,-2.112312545,2.5676305949,-0.6277326424,0.0110657305,0.0036944315
1.9100750508,-0.8672745108,-0.5461641155,-2.4524427468,-2.111587085,2.5674386162,-0.6283155447,0.0110657305,0.0036944315
1.9094237749,-0.8682869016,-0.5453492232,-2.453391906,-2.1108568465,2.567245963,-0.6289020061,0.0110657305,0.0036944315
1.9087693498,-0.8693049591,-0.5445302215,-2.4543457817,-2.1101217524,2.5670526912,-0.629492046,0.0110657305,0.0036944315
1.9081118348,-0.8703286814,-0.5437071686,-2.4553043053,-2.1093817118,2.5668588594,-0.6300856912,0.0110657305,0.0036944315
1.9074512884,-0.8713580727,-0.5428801205,-2.4562674107,-2.1086366247,2.5666645273,-0.6306829739,0.0110657305,0.0036944315
1.9067877675,-0.8723931427,-0.5420491303,-2.4572350349,-2.107886385,2.5664697548,-0.6312839305,0.0110657305,0.0036944315
1.9061213268,-0.8734339048,-0.541214248,-2.4582071181,-2.1071308836,2.5662746006,-0.6318886002,0.0110657305,0.0036944315
1.905452019,-0.8744803754,-0.5403755204,-2.459183604,-2.1063700107,2.5660791214,-0.632497024,0.0110657305,0.0036944315
1.9047798939,-0.875532573,-0.5395329909,-2.4601644399,-2.1056036579,2.5658833711,-0.633109244,0.0110657305,0.0036944315
1.9041049984,-0.876590517,-0.5386866997,-2.4611495766,-2.1048317196,2.5656874005,-0.6337253021,0.0110657305,0.0036944315
1.9034273768,-0.8776542276,-0.5378366833,-2.4621389684,-2.1040540948,2.5654912569,-0.6343452397,0.0110657305,0.0036944315
1.9027470701,-0.8787237247,-0.5369829754,-2.4631325732,-2.1032706878,2.5652949836,-0.6349690971,0.0110657305,0.0036944315
1.9020641165,-0.8797990277,-0.5361256064,-2.4641303525,-2.102481409,2.5650986204,-0.6355969126,0.0110657305,0.0036944315
1.9013785508,-0.8808801551,-0.5352646036,-2.4651322709,-2.1016861757,2.5649022029,-0.6362287226,0.0110657305,0.0036944315
1.9006904052,-0.8819671241,-0.5343999916,-2.4661382965,-2.1008849119,2.5647057631,-0.636864561,0.0110657305,0.0036944315
1.8999997088,-0.8830599505,-0.5335317924,-2.4671484001,-2.1000775491,2.5645093295,-0.6375044593,0.0110657305,0.0036944315
1.8993064878,-0.8841586486,-0.5326600257,-2.4681625556,-2.0992640258,2.564312927,-0.638148446,0.0110657305,0.0036944315
1.898610766,-0.8852632309,-0.5317847088,-2.4691807393,-2.0984442872,2.5641165775,-0.6387965469,0.0110657305,0.0036944315
1.8979125642,-0.8863737087,-0.5309058569,-2.4702029304,-2.0976182852,2.5639203,-0.6394487853,0.0110657305,0.0036944315
1.8972119009,-0.8874900917,-0.5300234832,-2.4712291105,-2.0967859776,2.5637241107,-0.6401051817,0.0110657305,0.0036944315
1.8965087918,-0.8886123886,-0.5291375989,-2.4722592637,-2.0959473281,2.5635280237,-0.6407657544,0.0110657305,0.0036944315
1.8958032503,-0.8897406069,-0.5282482131,-2.4732933766,-2.0951023055,2.5633320505,-0.6414305194,0.0110657305,0.0036944315
1.8950952875,-0.8908747532,-0.5273553334,-2.474331438,-2.0942508834,2.5631362007,-0.6420994904,0.0110657305,0.0036944315
1.8943849121,-0.8920148334,-0.5264589654,-2.4753734391,-2.0933930403,2.562940482,-0.6427726792,0.0110657305,0.0036944315
1.8936721307,-0.8931608525,-0.5255591132,-2.4764193731,-2.0925287584,2.5627449006,-0.6434500957,0.0110657305,0.0036944315
1.8929569478,-0.8943128151,-0.5246557791,-2.4774692353,-2.091658024,2.5625494609,-0.6441317481,0.0110657305,0.0036944315
1.8922393659,-0.895470725,-0.5237489641,-2.4785230229,-2.0907808268,2.5623541661,-0.644817643,0.0110657305,0.0036944315
1.8915193858,-0.8966345857,-0.5228386679,-2.4795807348,-2.0898971597,2.5621590179,-0.6455077857,0.0110657305,0.0036944315
1.8907970062,-0.8978044005,-0.5219248885,-2.480642372,-2.0890070184,2.5619640171,-0.6462021798,0.0110657305,0.0036944315
1.8900722247,-0.8989801721,-0.5210076231,-2.4817079367,-2.0881104014,2.5617691633,-0.6469008281,0.0110657305,0.0036944315
1.8893450369,-0.9001619032,-0.5200868676,-2.4827774326,-2.0872073092,2.5615744554,-0.6476037322,0.0110657305,0.0036944315
1.8886154375,-0.9013495963,-0.5191626166,-2.4838508651,-2.0862977444,2.5613798913,-0.6483108927,0.0110657305,0.0036944315
1.8878834196,-0.9025432538,-0.5182348642,-2.4849282403,-2.0853817114,2.5611854683,-0.6490223097,0.0110657305,0.0036944315
1.8871489755,-0.9037428781,-0.5173036035,-2.4860095657,-2.0844592157,2.5609911832,-0.6497379826,0.0110657305,0.0036944315
1.8864120968,-0.9049484717,-0.5163688268,-2.4870948493,-2.0835302638,2.5607970321,-0.6504579105,0.0110657305,0.0036944315
1.8856727746,-0.9061600369,-0.5154305264,-2.4881840996,-2.0825948629,2.5606030112,-0.6511820922,0.0110657305,0.0036944315
1.8849310022,-0.9073775723,-0.5144886971,-2.4892773219,-2.0816530236,2.5604091168,-0.6519105243,0.0110657305,0.0036944315
1.8841868527,-0.9086009418,-0.5135434359,-2.490374403,-2.0807048634,2.5602153647,-0.6526431218,0.0110657305,0.0036944315
1.8834404577,-0.9098299121,-0.5125949142,-2.4914751436,-2.0797505776,2.5600217845,-0.6533797409,0.0110657305,0.0036944315
1.8826919502,-0.9110642484,-0.5116433045,-2.4925793429,-2.0787903615,2.5598284061,-0.6541202375,0.0110657305,0.0036944315
1.8819414642,-0.9123037171,-0.5106887793,-2.4936867995,-2.077824409,2.5596352591,-0.6548644691,0.0110657305,0.0036944315
1.8811891343,-0.9135480849,-0.5097315115,-2.4947973116,-2.0768529117,2.5594423727,-0.6556122949,0.0110657305,0.0036944315
1.8804350968,-0.9147971201,-0.5087716741,-2.4959106763,-2.0758760589,2.5592497761,-0.656363576,0.0110657305,0.0036944315
1.8796794896,-0.9160505913,-0.507809441,-2.4970266896,-2.0748940368,2.5590574985,-0.6571181758,0.0110657305,0.0036944315
1.8789224529,-0.9173082683,-0.5068449866,-2.498145146,-2.0739070291,2.5588655685,-0.6578759599,0.0110657305,0.0036944315
1.878164129,-0.9185699209,-0.5058784868,-2.499265838,-2.0729152168,2.5586740148,-0.6586367962,0.0110657305,0.0036944315
1.8774046632,-0.9198353191,-0.5049101187,-2.5003885558,-2.0719187783,2.5584828658,-0.6594005543,0.0110657305,0.0036944315
1.8766442033,-0.9211042327,-0.5039400609,-2.5015130872,-2.0709178907,2.5582921494,-0.6601671058,0.0110657305,0.0036944315
1.8758828996,-0.9223764307,-0.5029684937,-2.5026392179,-2.0699127293,2.5581018934,-0.6609363233,0.0110657305,0.0036944315
1.8751209053,-0.9236516812,-0.5019955989,-2.5037667311,-2.0689034693,2.5579121248,-0.6617080804,0.0110657305,0.0036944315
1.8743583755,-0.9249297512,-0.50102156,-2.5048954076,-2.0678902854,2.5577228705,-0.662482251,0.0110657305,0.0036944315
1.8735954677,-0.9262104057,-0.5000465621,-2.5060250266,-2.0668733536,2.5575341566,-0.663258709,0.0110657305,0.0036944315
1.8728323407,-0.9274934085,-0.4990707915,-2.5071553651,-2.0658528507,2.557346009,-0.6640373274,0.0110657305,0.0036944315
1.8720691551,-0.9287785212,-0.4980944361,-2.5082861986,-2.0648289554,2.557158453,-0.6648179785,0.0110657305,0.0036944315
1.871306072,-0.9300655036,-0.4971176849,-2.5094173016,-2.0638018485,2.5569715139,-0.665600533,0.0110657305,0.0036944315
1.8705432538,-0.9313541134,-0.4961407282,-2.5105484471,-2.0627717129,2.5567852168,-0.6663848602,0.0110657305,0.0036944315
1.869780863,-0.9326441066,-0.4951637571,-2.5116794074,-2.0617387336,2.556599587,-0.6671708275,0.0110657305,0.0036944315
1.8690190624,-0.9339352376,-0.4941869639,-2.5128099541,-2.0607030976,2.55641465,-0.6679583005,0.0110657305,0.0036944315
1.8682580149,-0.9352272591,-0.4932105415,-2.5139398584,-2.0596649937,2.5562304319,-0.668747143,0.0110657305,0.0036944315
1.8674978833,-0.9365199228,-0.4922346837,-2.5150688907,-2.0586246122,2.5560469597,-0.6695372174,0.0110657305,0.0036944315
1.8667388302,-0.9378129794,-0.4912595848,-2.5161968218,-2.0575821442,2.5558642611,-0.6703283841,0.0110657305,0.0036944315
1.8659810179,-0.9391061787,-0.4902854396,-2.5173234218,-2.0565377813,2.5556823649,-0.6711205025,0.0110657305,0.0036944315
1.8652246082,-0.9403992704,-0.4893124436,-2.5184484612,-2.0554917156,2.5555013011,-0.6719134309,0.0110657305,0.0036944315
1.8644697624,-0.941692004,-0.4883407921,-2.5195717107,-2.0544441388,2.5553211007,-0.6727070266,0.0110657305,0.0036944315
1.8637166413,-0.9429841292,-0.4873706808,-2.5206929413,-2.0533952423,2.555141796,-0.6735011464,0.0110657305,0.0036944315
1.8629654047,-0.9442753959,-0.486402305,-2.5218119244,-2.0523452172,2.5549634199,-0.6742956463,0.0110657305,0.0036944315
1.8622162116,-0.9455655548,-0.4854358597,-2.5229284326,-2.0512942538,2.5547860067,-0.6750903822,0.0110657305,0.0036944315
1.8614692202,-0.9468543571,-0.4844715396,-2.524042239,-2.0502425423,2.5546095908,-0.6758852096,0.0110657305,0.0036944315
1.8607245875,-0.9481415542,-0.4835095387,-2.5251531179,-2.0491902725,2.5544342075,-0.6766799835,0.0110657305,0.0036944315
1.8599824696,-0.9494268983,-0.4825500506,-2.5262608443,-2.0481376347,2.5542598923,-0.6774745586,0.0110657305,0.0036944315
1.8592430214,-0.9507101417,-0.4815932679,-2.5273651943,-2.047084819,2.554086681,-0.678268789,0.0110657305,0.0036944315
1.8585063968,-0.9519910374,-0.4806393827,-2.5284659455,-2.0460320163,2.5539146092,-0.6790625284,0.0110657305,0.0036944315
1.8577727482,-0.9532693387,-0.479688586,-2.5295628763,-2.0449794179,2.5537437128,-0.6798556302,0.0110657305,0.0036944315
1.8570422269,-0.9545447995,-0.478741068,-2.5306557669,-2.0439272156,2.5535740272,-0.6806479473,0.0110657305,0.0036944315
1.8563149828,-0.9558171738,-0.4777970177,-2.5317443984,-2.0428756025,2.5534055875,-0.6814393321,0.0110657305,0.0036944315
1.8555911645,-0.9570862161,-0.4768566231,-2.5328285536,-2.0418247726,2.5532384284,-0.6822296362,0.0110657305,0.0036944315
1.8548709192,-0.958351681,-0.4759200713,-2.5339080167,-2.0407749214,2.553072584,-0.6830187108,0.0110657305,0.0036944315
1.8541543925,-0.9596133232,-0.4749875478,-2.5349825735,-2.039726246,2.5529080877,-0.6838064063,0.0110657305,0.0036944315
1.8534417285,-0.9608708975,-0.4740592373,-2.5360520113,-2.0386789456,2.552744972,-0.6845925719,0.0110657305,0.0036944315
1.8527330696,-0.9621241588,-0.4731353228,-2.5371161193,-2.0376332212,2.5525832685,-0.6853770563,0.0110657305,0.0036944315
1.8520285565,-0.9633728617,-0.4722159861,-2.5381746884,-2.0365892767,2.5524230079,-0.6861597065,0.0110657305,0.0036944315
1.8513283277,-0.9646167607,-0.4713014074,-2.5392275116,-2.0355473187,2.5522642193,-0.6869403686,0.0110657305,0.0036944315
1.8506325197,-0.9658556101,-0.4703917654,-2.540274384,-2.0345075573,2.5521069309,-0.6877188868,0.0110657305,0.0036944315
1.8499412668,-0.9670891635,-0.4694872368,-2.5413151031,-2.033470206,2.5519511691,-0.6884951038,0.0110657305,0.0036944315
1.8492547005,-0.968317174,-0.4685879967,-2.5423494688,-2.032435483,2.551796959,-0.6892688601,0.0110657305,0.0036944315
1.8485729495,-0.9695393946,-0.4676942177,-2.5433772841,-2.0314036106,2.5516443237,-0.6900399939,0.0110657305,0.0036944315
1.8478961367,-0.970755581,-0.4668060672,-2.5443983588,-2.0303748139,2.5514932837,-0.6908083432,0.0110657305,0.0036944315
1.8472243018,-0.9719656228,-0.465923608,-2.545412624,-2.029349216,2.5513438383,-0.6915738249,0.0110657305,0.0036944315
1.8465574225,-0.9731695062,-0.465046826,-2.5464201006,-2.0283268688,2.5511959704,-0.6923364117,0.0110657305,0.0036944315
1.8458954717,-0.9743672175,-0.4641757036,-2.5474208143,-2.0273078297,2.5510496611,-0.6930960735,0.0110657305,0.0036944315
1.845238418,-0.9755587414,-0.4633102205,-2.5484147945,-2.0262921639,2.5509048894,-0.6938527758,0.0110657305,0.0036944315
1.8445862253,-0.9767440606,-0.4624503539,-2.5494020748,-2.0252799448,2.5507616326,-0.6946064794,0.0110657305,0.0036944315
1.8439388523,-0.9779231559,-0.4615960778,-2.5503826929,-2.0242712541,2.5506198662,-0.69535714,0.0110657305,0.0036944315
1.8432962527,-0.9790960065,-0.4607473634,-2.5513566913,-2.0232661824,2.5504795639,-0.696104708,0.0110657305,0.0036944315
1.8426583738,-0.9802625901,-0.4599041783,-2.5523241178,-2.0222648286,2.5503406977,-0.6968491288,0.0110657305,0.0036944315
1.8420251573,-0.9814228839,-0.4590664861,-2.5532850255,-2.0212672992,2.5502032381,-0.6975903431,0.0110657305,0.0036944315
1.8413965384,-0.9825768647,-0.4582342468,-2.5542394734,-2.0202737075,2.5500671545,-0.6983282872,0.0110657305,0.0036944315
1.8407724464,-0.9837245103,-0.4574074159,-2.5551875262,-2.0192841717,2.5499324151,-0.6990628947,0.0110657305,0.0036944315
1.8401528049,-0.9848658005,-0.456585945,-2.5561292545,-2.0182988128,2.5497989874,-0.6997940967,0.0110657305,0.0036944315
1.8395375326,-0.9860007181,-0.4557697814,-2.557064734,-2.0173177522,2.5496668385,-0.7005218248,0.0110657305,0.0036944315
1.8389265443,-0.9871292507,-0.4549588686,-2.5579940454,-2.0163411078,2.5495359357,-0.7012460123,0.0110657305,0.0036944315
1.8383197525,-0.9882513925,-0.4541531465,-2.5589172735,-2.0153689901,2.5494062465,-0.7019665973,0.0110657305,0.0036944315
1.8377170695,-0.9893671456,-0.4533525523,-2.5598345053,-2.0144014974,2.5492777396,-0.7026835257,0.0110657305,0.0036944315
1.8371184088,-0.9904765249,-0.4525570198,-2.5607458304,-2.013438708,2.5491503847,-0.703396757,0.0110657305,0.0036944315
1.8365236892,-0.9915795601,-0.4517664809,-2.5616513384,-2.0124806729,2.5490241531,-0.7041062684,0.0110657305,0.0036944315
1.8359328399,-0.9926762935,-0.4509808701,-2.5625511126,-2.0115274137,2.5488990187,-0.7048120566,0.0110657305,0.0036944315
1.8353458061,-0.9937667751,-0.4502001288,-2.5634452247,-2.0105789242,2.5487749582,-0.7055141361,0.0110657305,0.0036944315
1.8347625513,-0.9948510571,-0.44942421,-2.5643337299,-2.0096351768,2.5486519519,-0.7062125353,0.0110657305,0.0036944315
1.8341830579,-0.9959291871,-0.4486530798,-2.5652166646,-2.0086961299,2.5485299835,-0.7069072908,0.0110657305,0.0036944315
1.8336073254,-0.9970012045,-0.4478867189,-2.5660940471,-2.0077617369,2.5484090396,-0.7075984412,0.0110657305,0.0036944315
1.833035367,-0.9980671371,-0.4471251203,-2.5669658794,-2.0068319534,2.5482891095,-0.7082860231,0.0110657305,0.0036944315
1.8324672052,-0.9991270011,-0.4463682878,-2.5678321516,-2.005906742,2.5481701842,-0.708970067,0.0110657305,0.0036944315
1.8319028678,-1.0001808021,-0.4456162325,-2.5686928446,-2.0049860746,2.5480522562,-0.7096505964,0.0110657305,0.0036944315
1.8313423854,-1.0012285366,-0.4448689705,-2.5695479345,-2.0040699333,2.547935319,-0.7103276275,0.0110657305,0.0036944315
1.8307857886,-1.0022701946,-0.444126521,-2.5703973946,-2.003158309,2.5478193668,-0.7110011696,0.0110657305,0.0036944315
1.8302331068,-1.0033057609,-0.4433889042,-2.5712411978,-2.0022512006,2.547704394,-0.7116712265,0.0110657305,0.0036944315
1.8296843673,-1.0043352173,-0.4426561405,-2.5720793172,-2.0013486133,2.5475903957,-0.7123377972,0.0110657305,0.0036944315
1.8291395952,-1.0053585436,-0.4419282498,-2.5729117276,-2.0004505569,2.547477367,-0.7130008772,0.0110657305,0.0036944315
1.8285988131,-1.0063757186,-0.4412052511,-2.5737384051,-1.9995570446,2.5473653034,-0.7136604597,0.0110657305,0.0036944315
1.8280620412,-1.0073867212,-0.4404871619,-2.5745593281,-1.9986680919,2.5472542003,-0.7143165361,0.0110657305,0.0036944315
1.8275292977,-1.0083915305,-0.4397739989,-2.5753744764,-1.9977837155,2.5471440536,-0.7149690966,0.0110657305,0.0036944315
1.8270005991,-1.0093901258,-0.4390657774,-2.5761838316,-1.9969039326,2.5470348593,-0.7156181311,0.0110657305,0.0036944315
1.8264759604,-1.0103824877,-0.4383625117,-2.5769873763,-1.9960287609,2.5469266137,-0.7162636289,0.0110657305,0.0036944315
1.8259553954,-1.0113685971,-0.4376642155,-2.5777850947,-1.9951582176,2.5468193131,-0.7169055796,0.0110657305,0.0036944315
1.8254389169,-1.0123484362,-0.4369709012,-2.5785769719,-1.9942923193,2.5467129543,-0.7175439731,0.0110657305,0.0036944315
1.8249265371,-1.0133219881,-0.4362825808,-2.5793629938,-1.9934310815,2.546607534,-0.7181788,0.0110657305,0.0036944315
1.8244182673,-1.0142892371,-0.4355992655,-2.5801431473,-1.9925745188,2.5465030492,-0.7188100512,0.0110657305,0.0036944315
1.8239141187,-1.0152501685,-0.434920966,-2.5809174196,-1.9917226443,2.5463994973,-0.7194377188,0.0110657305,0.0036944315
1.8234141022,-1.0162047686,-0.4342476925,-2.5816857984,-1.9908754696,2.5462968757,-0.7200617957,0.0110657305,0.0036944315
1.8229182285,-1.017153025,-0.4335794549,-2.582448272,-1.9900330048,2.5461951819,-0.720682276,0.0110657305,0.0036944315
1.8224265085,-1.0180949262,-0.4329162626,-2.5832048287,-1.9891952581,2.5460944137,-0.7212991546,0.0110657305,0.0036944315
1.821938953,-1.0190304619,-0.4322581251,-2.5839554571,-1.9883622361,2.5459945691,-0.7219124279,0.0110657305,0.0036944315
1.8214555733,-1.0199596227,-0.4316050512,-2.5847001455,-1.9875339434,2.5458956462,-0.7225220934,0.0110657305,0.0036944315
1.8209763809,-1.0208824005,-0.4309570502,-2.5854388827,-1.9867103826,2.5457976432,-0.72312815,0.0110657305,0.0036944315
1.8205013879,-1.0217987882,-0.4303141307,-2.586171657,-1.9858915543,2.5457005587,-0.7237305978,0.0110657305,0.0036944315
1.8200306068,-1.0227087796,-0.4296763017,-2.5868984566,-1.9850774569,2.545604391,-0.7243294386,0.0110657305,0.0036944315
1.8195640509,-1.0236123698,-0.429043572,-2.5876192696,-1.9842680867,2.5455091389,-0.7249246755,0.0110657305,0.0036944315
1.8191017341,-1.0245095547,-0.4284159507,-2.5883340834,-1.9834634377,2.5454148011,-0.7255163131,0.0110657305,0.0036944315
1.8186436712,-1.0254003314,-0.4277934468,-2.5890428854,-1.9826635016,2.5453213767,-0.7261043577,0.0110657305,0.0036944315
1.8181898779,-1.0262846979,-0.4271760698,-2.589745662,-1.9818682679,2.5452288645,-0.7266888171,0.0110657305,0.0036944315
1.8177403709,-1.027162653,-0.4265638291,-2.5904423994,-1.9810777237,2.5451372637,-0.7272697007,0.0110657305,0.0036944315
1.8172951681,-1.0280341965,-0.4259567349,-2.5911330829,-1.9802918537,2.5450465735,-0.7278470193,0.0110657305,0.0036944315
1.8168542886,-1.0288993289,-0.4253547975,-2.5918176968,-1.9795106408,2.544956793,-0.7284207856,0.0110657305,0.0036944315
1.8164177528,-1.029758051,-0.424758028,-2.5924962247,-1.9787340656,2.5448679217,-0.7289910133,0.0110657305,0.0036944315
1.8159855826,-1.0306103641,-0.4241664382,-2.5931686489,-1.9779621072,2.5447799587,-0.7295577175,0.0110657305,0.0036944315
1.8155578012,-1.0314562692,-0.4235800406,-2.5938349504,-1.9771947435,2.5446929034,-0.730120914,0.0110657305,0.0036944315
1.8151344332,-1.0322957672,-0.4229988487,-2.5944951092,-1.9764319515,2.544606755,-0.7306806193,0.0110657305,0.0036944315
1.8147155045,-1.0331288583,-0.4224228768,-2.595149104,-1.9756737084,2.5445215126,-0.73123685,0.0110657305,0.0036944315
1.8143010414,-1.0339555417,-0.4218521398,-2.5957969127,-1.974919992,2.5444371752,-0.7317896222,0.0110657305,0.0036944315
1.8138910708,-1.0347758148,-0.4212866534,-2.5964385124,-1.9741707831,2.5443537413,-0.7323389503,0.0110657305,0.0036944315
1.8134856195,-1.0355896712,-0.4207264345,-2.5970738794,-1.9734260677,2.544271209,-0.7328848451,0.0110657305,0.0036944315
1.8130847131,-1.0363970998,-0.4201715009,-2.5977029894,-1.9726858404,2.544189576,-0.7334273117,0.0110657305,0.0036944315
1.812688375,-1.0371980824,-0.4196218713,-2.5983258183,-1.9719501083,2.5441088393,-0.7339663469,0.0110657305,0.0036944315
1.8122966249,-1.0379925903,-0.4190775662,-2.5989423416,-1.9712188978,2.5440289954,-0.7345019342,0.0110657305,0.0036944315
1.8119094763,-1.0387805809,-0.4185386069,-2.5995525366,-1.9704922608,2.5439500397,-0.7350340396,0.0110657305,0.0036944315
1.8115269311,-1.0395620012,-0.4180050116,-2.6001563872,-1.9697702764,2.5438719665,-0.7355626111,0.0110657305,0.0036944315
1.8111489756,-1.0403367918,-0.4174767913,-2.6007538892,-1.9690530478,2.5437947677,-0.7360875799,0.0110657305,0.0036944315
1.8107755783,-1.0411048931,-0.4169539458,-2.6013450548,-1.9683406966,2.5437184336,-0.7366088654,0.0110657305,0.0036944315
1.8104066895,-1.0418662512,-0.4164364619,-2.6019299137,-1.967633354,2.5436429522,-0.7371263812,0.0110657305,0.0036944315
1.810042244,-1.0426208224,-0.4159243133,-2.6025085128,-1.9669311516,2.54356831,-0.7376400403,0.0110657305,0.0036944315
1.8096821647,-1.0433685755,-0.4154174617,-2.6030809134,-1.9662342144,2.5434944926,-0.7381497613,0.0110657305,0.0036944315
1.8093263675,-1.0441094924,-0.4149158601,-2.6036471873,-1.9655426553,2.5434214848,-0.7386554706,0.0110657305,0.0036944315
1.8089747648,-1.044843567,-0.414419455,-2.6042074126,-1.9648565733,2.543349272,-0.7391571046,0.0110657305,0.0036944315
1.8086272691,-1.045570803,-0.4139281897,-2.6047616706,-1.9641760526,2.5432778395,-0.7396546098,0.0110657305,0.0036944315
1.8082837954,-1.0462912119,-0.4134420061,-2.6053100426,-1.9635011633,2.5432071737,-0.7401479417,0.0110657305,0.0036944315
1.8079442625,-1.0470048112,-0.4129608468,-2.6058526082,-1.9628319633,2.5431372617,-0.7406370645,0.0110657305,0.0036944315
1.8076085938,-1.0477116222,-0.4124846556,-2.6063894437,-1.9621684997,2.5430680916,-0.7411219494,0.0110657305,0.0036944315
1.8072767181,-1.048411669,-0.4120133788,-2.6069206219,-1.9615108103,2.5429996522,-0.7416025736,0.0110657305,0.0036944315
1.8069485689,-1.0491049773,-0.4115469654,-2.6074462111,-1.9608589254,2.5429319336,-0.7420789193,0.0110657305,0.0036944315
1.806624085,-1.0497915736,-0.4110853671,-2.6079662755,-1.9602128692,2.5428649263,-0.7425509729,0.0110657305,0.0036944315
1.8063032099,-1.0504714846,-0.4106285387,-2.6084808749,-1.9595726605,2.5427986218,-0.7430187239,0.0110657305,0.0036944315
1.8059858913,-1.051144737,-0.4101764378,-2.6089900652,-1.9589383139,2.5427330124,-0.7434821647,0.0110657305,0.0036944315
1.8056720811,-1.0518113567,-0.4097290245,-2.6094938984,-1.9583098407,2.5426680909,-0.7439412897,0.0110657305,0.0036944315
1.8053617349,-1.0524713692,-0.4092862618,-2.6099924227,-1.9576872491,2.5426038507,-0.7443960952,0.0110657305,0.0036944315
1.8050548117,-1.0531247992,-0.4088481149,-2.6104856834,-1.9570705453,2.5425402856,-0.7448465791,0.0110657305,0.0036944315
1.8047512736,-1.0537716705,-0.4084145515,-2.6109737222,-1.9564597333,2.5424773902,-0.7452927401,0.0110657305,0.0036944315
1.8044510854,-1.0544120059,-0.4079855411,-2.6114565784,-1.9558548156,2.5424151593,-0.7457345782,0.0110657305,0.0036944315
1.8041542146,-1.0550458275,-0.4075610553,-2.6119342884,-1.9552557936,2.542353588,-0.7461720939,0.0110657305,0.0036944315
1.803860631,-1.0556731563,-0.4071410675,-2.6124068864,-1.9546626674,2.542292672,-0.7466052886,0.0110657305,0.0036944315
1.8035703064,-1.0562940126,-0.4067255526,-2.6128744042,-1.9540754364,2.5422324072,-0.7470341639,0.0110657305,0.0036944315
1.8032832146,-1.0569084157,-0.4063144873,-2.6133368717,-1.9534940992,2.5421727897,-0.747458722,0.0110657305,0.0036944315
1.8029993313,-1.057516384,-0.4059078494,-2.613794317,-1.9529186538,2.5421138161,-0.7478789655,0.0110657305,0.0036944315
1.8027186334,-1.0581179354,-0.4055056183,-2.6142467665,-1.9523490979,2.5420554828,-0.7482948969,0.0110657305,0.0036944315
1.8024410998,-1.0587130868,-0.4051077742,-2.6146942447,-1.9517854285,2.541997787,-0.7487065193,0.0110657305,0.0036944315
1.8021667103,-1.0593018544,-0.4047142988,-2.6151367752,-1.9512276426,2.5419407256,-0.7491138357,0.0110657305,0.0036944315
1.8018954462,-1.0598842538,-0.4043251746,-2.6155743798,-1.9506757367,2.5418842959,-0.7495168494,0.0110657305,0.0036944315
1.8016272897,-1.0604603,-0.4039403851,-2.6160070792,-1.9501297073,2.5418284953,-0.7499155637,0.0110657305,0.0036944315
1.8013622243,-1.0610300071,-0.4035599146,-2.6164348932,-1.9495895505,2.5417733215,-0.7503099819,0.0110657305,0.0036944315
1.8011002343,-1.061593389,-0.4031837484,-2.6168578403,-1.9490552624,2.5417187721,-0.7507001074,0.0110657305,0.0036944315
1.8008413048,-1.0621504587,-0.4028118723,-2.617275938,-1.948526839,2.541664845,-0.7510859439,0.0110657305,0.0036944315
1.8005854219,-1.0627012292,-0.402444273,-2.6176892031,-1.9480042762,2.5416115381,-0.7514674947,0.0110657305,0.0036944315
1.8003325724,-1.0632457124,-0.4020809378,-2.6180976514,-1.9474875697,2.5415588496,-0.7518447634,0.0110657305,0.0036944315
1.8000827437,-1.0637839203,-0.4017218543,-2.6185012982,-1.9469767152,2.5415067775,-0.7522177536,0.0110657305,0.0036944315
1.7998359239,-1.0643158642,-0.4013670111,-2.6189001577,-1.9464717085,2.5414553202,-0.7525864688,0.0110657305,0.0036944315
1.7995921016,-1.0648415552,-0.401016397,-2.6192942438,-1.9459725451,2.5414044759,-0.7529509125,0.0110657305,0.0036944315
1.7993512661,-1.0653610039,-0.4006700013,-2.6196835697,-1.9454792205,2.5413542431,-0.7533110885,0.0110657305,0.0036944315
1.7991134071,-1.0658742205,-0.4003278139,-2.6200681479,-1.9449917303,2.5413046203,-0.7536670001,0.0110657305,0.0036944315
1.7988785153,-1.0663812143,-0.3999898255,-2.6204479898,-1.9445100709,2.5412556061,-0.7540186505,0.0110657305,0.0036944315
1.7986465819,-1.0668819934,-0.3996560278,-2.6208231058,-1.9440342394,2.5412071992,-0.754366042,0.0110657305,0.0036944315
1.7984175993,-1.0673765645,-0.3993264136,-2.6211935051,-1.9435642336,2.5411593986,-0.7547091763,0.0110657305,0.0036944315
1.7981915604,-1.0678649334,-0.3990009761,-2.621559196,-1.9431000524,2.5411122034,-0.7550480547,0.0110657305,0.0036944315
1.7979684586,-1.0683471053,-0.3986797096,-2.6219201858,-1.942641695,2.5410656125,-0.7553826778,0.0110657305,0.0036944315
1.797748288,-1.0688230845,-0.3983626087,-2.6222764814,-1.9421891611,2.5410196253,-0.7557130462,0.0110657305,0.0036944315
1.797531043,-1.0692928747,-0.3980496687,-2.622628089,-1.9417424508,2.5409742411,-0.75603916,0.0110657305,0.0036944315
1.7973167185,-1.0697564794,-0.3977408851,-2.6229750142,-1.9413015642,2.5409294592,-0.7563610192,0.0110657305,0.0036944315
1.7971053096,-1.0702139015,-0.3974362538,-2.6233172623,-1.9408665021,2.5408852791,-0.7566786236,0.0110657305,0.0036944315
1.7968968118,-1.0706651436,-0.3971357711,-2.6236548383,-1.940437265,2.5408417001,-0.7569919728,0.0110657305,0.0036944315
1.7966912208,-1.0711102082,-0.3968394336,-2.6239877468,-1.9400138539,2.5407987218,-0.7573010664,0.0110657305,0.0036944315
1.7964885327,-1.0715490973,-0.3965472379,-2.6243159918,-1.9395962695,2.5407563437,-0.757605904,0.0110657305,0.0036944315
1.7962887436,-1.0719818128,-0.396259181,-2.6246395776,-1.939184513,2.5407145654,-0.7579064849,0.0110657305,0.0036944315
1.7960918499,-1.0724083566,-0.3959752601,-2.6249585077,-1.9387785852,2.5406733865,-0.7582028086,0.0110657305,0.0036944315
1.7958978482,-1.0728287301,-0.3956954726,-2.6252727859,-1.9383784874,2.5406328066,-0.7584948744,0.0110657305,0.0036944315
1.7957067354,-1.0732429348,-0.3954198159,-2.6255824153,-1.9379842206,2.5405928253,-0.7587826815,0.0110657305,0.0036944315
1.7955185082,-1.073650972,-0.3951482877,-2.6258873992,-1.937595786,2.5405534424,-0.7590662294,0.0110657305,0.0036944315
1.7953331639,-1.0740528429,-0.3948808858,-2.6261877405,-1.9372131848,2.5405146575,-0.7593455172,0.0110657305,0.0036944315
1.7951506997,-1.0744485485,-0.3946176082,-2.626483442,-1.9368364182,2.5404764704,-0.7596205442,0.0110657305,0.0036944315
1.794971113,-1.0748380896,-0.3943584529,-2.6267745062,-1.9364654873,2.5404388807,-0.7598913096,0.0110657305,0.0036944315
1.7947944013,-1.0752214672,-0.3941034182,-2.6270609356,-1.9361003936,2.5404018882,-0.7601578125,0.0110657305,0.0036944315
1.7946205622,-1.0755986818,-0.3938525023,-2.6273427325,-1.9357411383,2.5403654928,-0.7604200522,0.0110657305,0.0036944315
1.7944495937,-1.0759697339,-0.3936057039,-2.627619899,-1.9353877227,2.5403296942,-0.7606780277,0.0110657305,0.0036944315
1.7942814936,-1.076334624,-0.3933630214,-2.627892437,-1.9350401483,2.5402944922,-0.760931738,0.0110657305,0.0036944315
1.7941162601,-1.0766933523,-0.3931244538,-2.6281603482,-1.9346984166,2.5402598866,-0.7611811822,0.0110657305,0.0036944315
1.7939538914,-1.0770459189,-0.3928899998,-2.6284236343,-1.9343625291,2.5402258774,-0.7614263592,0.0110657305,0.0036944315
1.7937943859,-1.0773923238,-0.3926596585,-2.6286822966,-1.9340324875,2.5401924644,-0.761667268,0.0110657305,0.0036944315
1.793637742,-1.0777325666,-0.3924334291,-2.6289363365,-1.9337082936,2.5401596475,-0.7619039072,0.0110657305,0.0036944315
1.7934839585,-1.0780666471,-0.392211311,-2.6291857549,-1.9333899491,2.5401274265,-0.7621362756,0.0110657305,0.0036944315
1.793333034,-1.0783945647,-0.3919933037,-2.6294305527,-1.9330774561,2.5400958016,-0.7623643719,0.0110657305,0.0036944315
1.7931849676,-1.0787163185,-0.3917794068,-2.6296707306,-1.9327708167,2.5400647725,-0.7625881945,0.0110657305,0.0036944315
1.7930397583,-1.0790319076,-0.3915696201,-2.629906289,-1.932470033,2.5400343394,-0.7628077419,0.0110657305,0.0036944315
1.7928974054,-1.0793413307,-0.3913639438,-2.6301372283,-1.9321751076,2.5400045023,-0.7630230125,0.0110657305,0.0036944315
1.7927579082,-1.0796445865,-0.3911623779,-2.6303635484,-1.9318860431,2.5399752611,-0.7632340042,0.0110657305,0.0036944315
1.7926212663,-1.0799416732,-0.3909649229,-2.6305852491,-1.9316028422,2.539946616,-0.7634407153,0.0110657305,0.0036944315
1.7924874795,-1.0802325888,-0.3907715793,-2.6308023301,-1.9313255079,2.539918567,-0.7636431434,0.0110657305,0.0036944315
1.7923565476,-1.0805173311,-0.3905823481,-2.6310147905,-1.9310540436,2.5398911144,-0.7638412864,0.0110657305,0.0036944315
1.7922284708,-1.0807958975,-0.3903972303,-2.6312226296,-1.9307884527,2.5398642582,-0.7640351416,0.0110657305,0.0036944315
1.7921032492,-1.081068285,-0.3902162271,-2.6314258459,-1.9305287391,2.5398379987,-0.7642247064,0.0110657305,0.0036944315
1.7919808834,-1.0813344904,-0.3900393402,-2.6316244379,-1.9302749068,2.5398123361,-0.7644099778,0.0110657305,0.0036944315
1.7918613742,-1.0815945099,-0.3898665714,-2.6318184039,-1.9300269604,2.5397872708,-0.7645909525,0.0110657305,0.0036944315
1.7917447223,-1.0818483395,-0.3896979229,-2.6320077414,-1.9297849047,2.5397628029,-0.7647676271,0.0110657305,0.0036944315
1.7916309291,-1.0820959745,-0.3895333972,-2.6321924479,-1.9295487449,2.539738933,-0.7649399977,0.0110657305,0.0036944315
1.791519996,-1.0823374098,-0.3893729972,-2.6323725204,-1.9293184869,2.5397156614,-0.7651080603,0.0110657305,0.0036944315
1.7914119248,-1.0825726397,-0.3892167262,-2.6325479553,-1.9290941369,2.5396929887,-0.7652718101,0.0110657305,0.0036944315
1.7913067175,-1.0828016576,-0.3890645879,-2.6327187486,-1.9288757019,2.5396709154,-0.7654312423,0.0110657305,0.0036944315
1.7912043766,-1.0830244566,-0.3889165866,-2.6328848957,-1.9286631894,2.5396494421,-0.7655863513,0.0110657305,0.0036944315
1.7911049051,-1.0832410287,-0.3887727271,-2.6330463913,-1.9284566079,2.5396285695,-0.765737131,0.0110657305,0.0036944315
1.7910083062,-1.0834513648,-0.3886330149,-2.6332032294,-1.9282559665,2.5396082986,-0.7658835748,0.0110657305,0.0036944315
1.7909145838,-1.0836554549,-0.3884974562,-2.6333554031,-1.9280612756,2.53958863,-0.766025675,0.0110657305,0.0036944315
1.7908237424,-1.0838532876,-0.3883660582,-2.6335029048,-1.9278725467,2.5395695651,-0.7661634235,0.0110657305,0.0036944315
1.7907357872,-1.0840448502,-0.3882388289,-2.6336457252,-1.9276897928,2.5395511048,-0.7662968106,0.0110657305,0.0036944315
1.7906507242,-1.084230128,-0.3881157777,-2.6337838543,-1.9275130284,2.5395332506,-0.7664258259,0.0110657305,0.0036944315
1.7905685603,-1.0844091045,-0.3879969151,-2.6339172803,-1.9273422699,2.539516004,-0.7665504574,0.0110657305,0.0036944315
1.7904893031,-1.0845817618,-0.3878822526,-2.6340459904,-1.927177535,2.5394993667,-0.7666706921,0.0110657305,0.0036944315
1.7904129597,-1.084748083,-0.3877718011,-2.6341699726,-1.9270188406,2.5394833403,-0.766786518,0.0110657305,0.0036944315
1.7903395283,-1.0849080707,-0.3876655584,-2.6342892293,-1.9268661846,2.5394679245,-0.7668979363,0.0110657305,0.0036944315
1.7902689709,-1.0850618065,-0.3875634701,-2.6344038218,-1.9267194897,2.5394531114,-0.7670050036,0.0110657305,0.0036944315
1.7902012299,-1.0852094149,-0.3874654532,-2.6345138433,-1.9265786375,2.539438889,-0.7671078064,0.0110657305,0.0036944315
1.7901362491,-1.0853510177,-0.3873714267,-2.6346193849,-1.9264435123,2.5394252455,-0.7672064292,0.0110657305,0.0036944315
1.7900739717,-1.0854867377,-0.3872813086,-2.6347205386,-1.9263139969,2.539412169,-0.7673009573,0.0110657305,0.0036944315
1.7900143408,-1.0856166981,-0.3871950171,-2.6348173964,-1.9261899746,2.5393996477,-0.7673914761,0.0110657305,0.0036944315
1.7899572997,-1.0857410217,-0.3871124703,-2.6349100502,-1.9260713283,2.5393876697,-0.7674780711,0.0110657305,0.0036944315
1.7899027915,-1.0858598315,-0.3870335864,-2.634998592,-1.9259579409,2.5393762232,-0.7675608277,0.0110657305,0.0036944315
1.7898507594,-1.0859732507,-0.3869582834,-2.6350831139,-1.9258496952,2.5393652961,-0.7676398314,0.0110657305,0.0036944315
1.7898011468,-1.0860814023,-0.3868864794,-2.6351637078,-1.9257464742,2.5393548768,-0.7677151677,0.0110657305,0.0036944315
1.7897538967,-1.0861844094,-0.3868180926,-2.6352404658,-1.9256481607,2.5393449532,-0.7677869222,0.0110657305,0.0036944315
1.7897089525,-1.0862823952,-0.3867530408,-2.6353134799,-1.9255546372,2.5393355135,-0.7678551805,0.0110657305,0.0036944315
1.7896662572,-1.086375483,-0.3866912422,-2.6353828421,-1.9254657865,2.5393265459,-0.7679200283,0.0110657305,0.0036944315
1.7896257541,-1.086463796,-0.3866326148,-2.6354486446,-1.9253814912,2.5393180384,-0.7679815512,0.0110657305,0.0036944315
1.7895873863,-1.0865474576,-0.3865770764,-2.6355109795,-1.9253016337,2.539309979,-0.7680398351,0.0110657305,0.0036944315
1.7895510971,-1.0866265911,-0.3865245451,-2.635569939,-1.9252260965,2.539302356,-0.7680949658,0.0110657305,0.0036944315
1.7895168294,-1.0867013202,-0.3864749387,-2.6356256154,-1.9251547619,2.5392951574,-0.7681470291,0.0110657305,0.0036944315
1.7894845264,-1.0867717684,-0.386428175,-2.6356781008,-1.9250875122,2.5392883713,-0.7681961111,0.0110657305,0.0036944315
1.7894541313,-1.0868380594,-0.3863841718,-2.6357274876,-1.9250242295,2.5392819857,-0.7682422976,0.0110657305,0.0036944315
1.7894255869,-1.086900317,-0.3863428468,-2.6357738683,-1.9249647958,2.5392759887,-0.768285675,0.0110657305,0.0036944315
1.7893988364,-1.086958665,-0.3863041177,-2.6358173353,-1.924909093,2.5392703684,-0.7683263292,0.0110657305,0.0036944315
1.7893738226,-1.0870132274,-0.3862679019,-2.6358579811,-1.924857003,2.5392651129,-0.7683643467,0.0110657305,0.0036944315
1.7893504886,-1.0870641285,-0.3862341172,-2.6358958984,-1.9248084074,2.53926021,-0.7683998138,0.0110657305,0.0036944315
1.789328777,-1.0871114924,-0.3862026807,-2.6359311799,-1.9247631876,2.539255648,-0.7684328169,0.0110657305,0.0036944315
1.7893086309,-1.0871554437,-0.3861735099,-2.6359639184,-1.9247212252,2.5392514146,-0.7684634428,0.0110657305,0.0036944315
1.7892899928,-1.0871961068,-0.386146522,-2.6359942069,-1.9246824012,2.5392474981,-0.768491778,0.0110657305,0.0036944315
1.7892728054,-1.0872336067,-0.386121634,-2.6360221384,-1.9246465967,2.5392438863,-0.7685179095,0.0110657305,0.0036944315
1.7892570114,-1.0872680682,-0.386098763,-2.6360478061,-1.9246136924,2.5392405671,-0.7685419242,0.0110657305,0.0036944315
1.7892425532,-1.0872996164,-0.3860778258,-2.6360713035,-1.9245835691,2.5392375286,-0.7685639093,0.0110657305,0.0036944315
1.7892293733,-1.0873283769,-0.3860587391,-2.6360927239,-1.924556107,2.5392347587,-0.768583952,0.0110657305,0.0036944315
1.7892174139,-1.0873544753,-0.3860414194,-2.6361121612,-1.9245311864,2.5392322451,-0.7686021399,0.0110657305,0.0036944315
1.7892066171,-1.0873780375,-0.3860257832,-2.6361297091,-1.924508687,2.5392299759,-0.7686185607,0.0110657305,0.0036944315
1.7891969252,-1.0873991896,-0.3860117465,-2.6361454617,-1.9244884885,2.5392279388,-0.7686333022,0.0110657305,0.0036944315
1.7891882799,-1.0874180584,-0.3859992253,-2.6361595135,-1.9244704701,2.5392261216,-0.7686464526,0.0110657305,0.0036944315
1.789180623,-1.0874347706,-0.3859881354,-2.636171959,-1.9244545107,2.5392245121,-0.7686581003,0.0110657305,0.0036944315
1.7891738962,-1.0874494536,-0.3859783923,-2.6361828931,-1.9244404888,2.5392230981,-0.7686683339,0.0110657305,0.0036944315
1.7891680408,-1.0874622352,-0.385969911,-2.6361924109,-1.9244282824,2.5392218672,-0.7686772424,0.0110657305,0.0036944315
1.7891629979,-1.0874732436,-0.3859626065,-2.6362006082,-1.9244177692,2.539220807,-0.7686849153,0.0110657305,0.0036944315
1.7891587085,-1.0874826076,-0.3859563932,-2.6362075808,-1.9244088262,2.5392199053,-0.7686914421,0.0110657305,0.0036944315
1.7891551132,-1.0874904568,-0.3859511851,-2.6362134253,-1.9244013298,2.5392191494,-0.7686969132,0.0110657305,0.0036944315
1.7891521523,-1.0874969212,-0.385946896,-2.6362182385,-1.9243951557,2.5392185269,-0.7687014191,0.0110657305,0.0036944315
1.7891497658,-1.0875021319,-0.3859434388,-2.6362221182,-1.924390179,2.5392180251,-0.7687050513,0.0110657305,0.0036944315
1.7891478932,-1.0875062207,-0.3859407259,-2.6362251625,-1.9243862737,2.5392176314,-0.7687079015,0.0110657305,0.0036944315
1.7891464735,-1.0875093207,-0.3859386692,-2.6362274705,-1.9243833127,2.5392173329,-0.7687100625,0.0110657305,0.0036944315
1.7891454452,-1.0875115663,-0.3859371794,-2.6362291423,-1.9243811678,2.5392171167,-0.7687116278,0.0110657305,0.0036944315
1.7891447461,-1.0875130931,-0.3859361665,-2.636230279,-1.9243797094,2.5392169696,-0.7687126922,0.0110657305,0.0036944315
1.7891443131,-1.0875140387,-0.3859355391,-2.6362309829,-1.9243788061,2.5392168786,-0.7687133515,0.0110657305,0.0036944315
1.7891440825,-1.0875145425,-0.3859352049,-2.6362313579,-1.9243783249,2.5392168301,-0.7687137026,0.0110657305,0.0036944315
1.7891439896,-1.0875147453,-0.3859350704,-2.6362315089,-1.9243781311,2.5392168105,-0.7687138441,0.0110657305,0.0036944315
1.7891439706,-1.0875147869,-0.3859350428,-2.6362315399,-1.9243780914,2.5392168065,-0.7687138731,0.0110657305,0.0036944315
1.7891439702,-1.0875147876,-0.3859350423,-2.6362315405,-1.9243780907,2.5392168065,-0.7687138736,0.0110657305,0.0036944315
1.7891439697,-1.0875147888,-0.3859350415,-2.6362315414,-1.9243780895,2.5392168064,-0.7687138744,0.0110657305,0.0036944315
1.7891439697,-1.0875147888,-0.3859350415,-2.6362315414,-1.9243780895,2.5392168064,-0.7687138744,0.0110657305,0.0036944315
1.7891439697,-1.0875147888,-0.3859350415,-2.6362315414,-1.9243780895,2.5392168064,-0.7687138744,0.0110657305,0.0036944315
1.7891439697,-1.0875147888,-0.3859350415,-2.6362315414,-1.9243780895,2.5392168064,-0.7687138744,0.0110657305,0.0036944315
1.7891439697,-1.0875147888,-0.3859350415,-2.6362315414,-1.9243780895,2.5392168064,-0.7687138744,0.0110657305,0.0036944315
1.7891439697,-1.0875147888,-0.3859350415,-2.6362315414,-1.9243780895,2.5392168064,-0.7687138744,0.0110657305,0.0036944315
1.7891439697,-1.0875147888,-0.3859350415,-2.6362315414,-1.9243780895,2.5392168064,-0.7687138744,0.0110657305,0.0036944315
1.7891439697,-1.0875147888,-0.3859350415,-2.6362315414,-1.9243780895,2.5392168064,-0.7687138744,0.0110657305,0.0036944315
1.7891439697,-1.0875147888,-0.3859350415,-2.6362315414,-1.9243780895,2.5392168064,-0.7687138744,0.0110657305,0.0036944315
1.7891439697,-1.0875147888,-0.3859350415,-2.6362315414,-1.9243780895,2.5392168064,-0.7687138744,0.0110657305,0.0036944315
1.7891439697,-1.0875147888,-0.3859350415,-2.6362315414,-1.9243780895,2.5392168064,-0.7687138744,0.0110657305,0.0036944315
1.7891439697,-1.0875147888,-0.3859350415,-2.6362315414,-1.9243780895,2.5392168064,-0.7687138744,0.0110657305,0.0036944315
1.7891439697,-1.0875147888,-0.3859350415,-2.6362315414,-1.9243780895,2.5392168064,-0.7687138744,0.0110657305,0.0036944315
1.7891439697,-1.0875147888,-0.3859350415,-2.6362315414,-1.9243780895,2.5392168064,-0.7687138744,0.0110657305,0.0036944315
1.7891439697,-1.0875147888,-0.3859350415,-2.6362315414,-1.9243780895,2.5392168064,-0.7687138744,0.0110657305,0.0036944315
1.7891439697,-1.0875147888,-0.3859350415,-2.6362315414,-1.9243780895,2.5392168064,-0.7687138744,0.0110657305,0.0036944315
1.7891439697,-1.0875147888,-0.3859350415,-2.6362315414,-1.9243780895,2.5392168064,-0.7687138744,0.0110657305,0.0036944315
1.7891439697,-1.0875147888,-0.3859350415,-2.6362315414,-1.9243780895,2.5392168064,-0.7687138744,0.0110657305,0.0036944315
1.7891439697,-1.0875147888,-0.3859350415,-2.6362315414,-1.9243780895,2.5392168064,-0.7687138744,0.0110657305,0.0036944315
1.7891439697,-1.0875147888,-0.3859350415,-2.6362315414,-1.9243780895,2.5392168064,-0.7687138744,0.0110657305,0.0036944315
1.7891439697,-1.0875147888,-0.3859350415,-2.6362315414,-1.9243780895,2.5392168064,-0.7687138744,0.0110657305,0.0036944315
1.7891439697,-1.0875147888,-0.3859350415,-2.6362315414,-1.9243780895,2.5392168064,-0.7687138744,0.0110657305,0.0036944315
1.7891439697,-1.0875147888,-0.3859350415,-2.6362315414,-1.9243780895,2.5392168064,-0.7687138744,0.0110657305,0.0036944315
1.7891439697,-1.0875147888,-0.3859350415,-2.6362315414,-1.9243780895,2.5392168064,-0.7687138744,0.0110657305,0.0036944315
1.7891439697,-1.0875147888,-0.3859350415,-2.6362315414,-1.9243780895,2.5392168064,-0.7687138744,0.0110657305,0.0036944315
1.7891439697,-1.0875147888,-0.3859350415,-2.6362315414,-1.9243780895,2.5392168064,-0.7687138744,0.0110657305,0.0036944315
1.7891439697,-1.0875147888,-0.3859350415,-2.6362315414,-1.9243780895,2.5392168064,-0.7687138744,0.0110657305,0.0036944315
1.7891439697,-1.0875147888,-0.3859350415,-2.6362315414,-1.9243780895,2.5392168064,-0.7687138744,0.0110657305,0.0036944315
1.7891439697,-1.0875147888,-0.3859350415,-2.6362315414,-1.9243780895,2.5392168064,-0.7687138744,0.0110657305,0.0036944315
